0, 0
1, 0
2, 0
3, 0
4, 0
5, 0
6, 0
7, 0
8, 0
9, 0
10, 0
11, 0
12, 0
13, 0
14, 0
15, 0
16, 0
17, 0
18, 0
19, 0
20, 0
21, 0
22, 0
23, 0
24, 0
25, 0
26, 0
27, 0
28, 0
29, 0
30, 0
31, 0
32, 0
33, 0
34, 0
35, 0
36, 0
37, 0
38, 0
39, 0
40, 0
41, 0
42, 0
43, 0
44, 0
45, 0
46, 0
47, 0
48, 0
49, 0
50, 0
51, 0
52, 0
53, 0
54, 0
55, 0
56, 0
57, 0
58, 0
59, 0
60, 0
61, 0
62, 0
63, 0
64, 0
65, 0
66, 0
67, 0
68, 0
69, 0
70, 0
71, 0
72, 0
73, 0
74, 0
75, 0
76, 0
77, 0
78, 0
79, 0
80, 0
81, 0
82, 0
83, 0
84, 0
85, 0
86, 0
87, 0
88, 0
89, 0
90, 0
91, 0
92, 0
93, 0
94, 0
95, 0
96, 0
97, 0
98, 0
99, 0
100, 0
101, 0
102, 0
103, 0
104, 0
105, 0
106, 0
107, 0
108, 0
109, 0
110, 0
111, 0
112, 0
113, 0
114, 0
115, 0
116, 0
117, 0
118, 0
119, 0
120, 0
121, 0
122, 0
123, 0
124, 0
125, 0
126, 0
127, 0
128, 0
129, 0
130, 0
131, 0
132, 0
133, 0
134, 0
135, 0
136, 0
137, 0
138, 0
139, 0
140, 4674
141, 4674
142, 4674
143, 4674
144, 4674
145, 4674
146, 4674
147, 4674
148, 4674
149, 4674
150, 4674
151, 4674
152, 4674
153, 4674
154, 4674
155, 4674
156, 4674
157, 4674
158, 4674
159, 4674
160, 4674
161, 4674
162, 4674
163, 4674
164, 4674
165, 4674
166, 4674
167, 4674
168, 4674
169, 4674
170, 0
171, 0
172, 4674
173, 4674
174, 4674
175, 4674
176, 4674
177, 4674
178, 4674
179, 4674
180, 4674
181, 4674
182, 4674
183, 4675
184, 4675
185, 4674
186, 0
187, 4677
188, 4677
189, 4676
190, 4676
191, 0
192, 4674
193, 4674
194, 4674
195, 4674
196, 4674
197, 4674
198, 4674
199, 4674
200, 4674
201, 4674
202, 4674
203, 4674
204, 4674
205, 4674
206, 4674
207, 4674
208, 4674
209, 4674
210, 0
211, 4677
212, 0
213, 4675
214, 4675
215, 4674
216, 4674
217, 4674
218, 4674
219, 4674
220, 0
221, 0
222, 0
223, 0
224, 0
225, 0
226, 0
227, 0
228, 0
229, 0
230, 0
231, 0
232, 0
233, 0
234, 0
235, 0
236, 0
237, 0
238, 0
239, 0
240, 0
241, 0
242, 0
243, 0
244, 0
245, 0
246, 0
247, 0
248, 0
249, 0
250, 0
251, 0
252, 0
253, 0
254, 0
255, 0
256, 0
257, 0
258, 0
259, 0
260, 0
261, 0
262, 0
263, 0
264, 0
265, 0
266, 0
267, 0
268, 0
269, 0
270, 0
271, 0
272, 0
273, 0
274, 0
275, 0
276, 0
277, 0
278, 0
279, 0
280, 0
281, 0
282, 0
283, 0
284, 0
285, 0
286, 0
287, 0
288, 7
289, 9
290, 0
291, 0
292, 12
293, 11
294, 11
295, 11
296, 0
297, 5
298, 0
299, 0
300, 0
301, 2
302, 2
303, 0
304, 0
305, 0
306, 0
307, 0
308, 0
309, 0
310, -5
311, 0
312, 0
313, 0
314, -3
315, 0
316, 0
317, 0
318, 0
319, 3
320, 3
321, 0
322, 0
323, 0
324, 0
325, 0
326, 0
327, 1
328, 0
329, 0
330, -4
331, 0
332, 0
333, 0
334, 0
335, 1
336, 3
337, 4
338, 4
339, 6
340, 6
341, 7
342, 0
343, 1
344, 1
345, 0
346, -2
347, 0
348, -6
349, -6
350, -7
351, -6
352, -6
353, -6
354, 0
355, -2
356, -1
357, 0
358, 0
359, 0
360, 0
361, 0
362, 3
363, 0
364, 0
365, 0
366, 0
367, -2
368, 0
369, 0
370, 0
371, 0
372, 0
373, 1
374, 4
375, 5
376, 4
377, 1
378, 0
379, 3
380, 4
381, 7
382, 6
383, 6
384, 7
385, 5
386, 4
387, 0
388, 3
389, 2
390, 0
391, 1
392, 0
393, 0
394, 0
395, 2
396, 3
397, 5
398, 0
399, 0
400, 0
401, 0
402, 0
403, 0
404, 0
405, 0
406, 0
407, 0
408, 0
409, 0
410, 0
411, 0
412, 0
413, 0
414, 0
415, 0
416, 1
417, 0
418, 0
419, 0
420, -1
421, -3
422, -3
423, -4
424, -4
425, -4
426, -4
427, -3
428, 0
429, -1
430, -1
431, -1
432, 0
433, 3
434, 3
435, 4
436, 3
437, 3
438, 3
439, 3
440, 3
441, 4
442, 4
443, 4
444, 4
445, 4
446, 4
447, 3
448, 0
449, 0
450, 0
451, 0
452, 0
453, -1
454, -1
455, 0
456, 0
457, 2
458, 2
459, 0
460, 4
461, 0
462, 0
463, 6
464, 6
465, 5
466, 5
467, 0
468, 2
469, 2
470, 1
471, 0
472, 0
473, 1
474, 1
475, 1
476, 0
477, 0
478, 2
479, 2
480, 0
481, -2
482, -3
483, 0
484, 3
485, 3
486, 0
487, 1
488, 0
489, 1
490, 0
491, 2
492, 0
493, -1
494, 0
495, 0
496, 0
497, 1
498, 0
499, 2
500, 2
501, 0
502, -1
503, 0
504, -3
505, 0
506, -2
507, -2
508, 0
509, -5
510, 0
511, 0
512, 1
513, 1
514, -2
515, 0
516, 0
517, 0
518, 3
519, 0
520, 4
521, 4
522, 4
523, 4
524, 0
525, 0
526, 4
527, 3
528, 2
529, 2
530, 0
531, 0
532, 8
533, 8
534, 7
535, 0
536, 10
537, 10
538, 0
539, 0
540, 2
541, 2
542, 2
543, -1
544, 0
545, -3
546, -3
547, -3
548, 0
549, -5
550, 0
551, -5
552, -4
553, 0
554, 0
555, -7
556, -7
557, -6
558, -4
559, -3
560, -3
561, 0
562, 0
563, 5
564, 0
565, 0
566, 6
567, 6
568, 4
569, 6
570, 6
571, 6
572, 6
573, 6
574, 4
575, 3
576, 3
577, 3
578, 3
579, 4
580, 3
581, 0
582, 2
583, 0
584, 0
585, 0
586, 1
587, 0
588, 0
589, 0
590, 0
591, 1
592, 0
593, -1
594, 0
595, 0
596, 0
597, -5
598, -5
599, 0
600, 0
601, 0
602, 3
603, 4
604, 4
605, 6
606, 5
607, 0
608, 6
609, 3
610, 2
611, 2
612, 2
613, 2
614, 1
615, 0
616, 0
617, 0
618, 0
619, 0
620, 1
621, 0
622, 2
623, 0
624, 1
625, 0
626, 5
627, 5
628, 0
629, 2
630, 1
631, 0
632, 0
633, 0
634, -3
635, -5
636, 1
637, 0
638, -2
639, 0
640, 0
641, 0
642, 0
643, 0
644, 0
645, 0
646, 1
647, 0
648, 1
649, 0
650, 0
651, 0
652, 1
653, 0
654, 0
655, 4
656, 0
657, 0
658, 5
659, 4
660, 0
661, 5
662, 6
663, 0
664, 0
665, 4
666, 4
667, 6
668, 5
669, 4
670, 4
671, 2
672, 0
673, 0
674, 0
675, 0
676, 0
677, 1
678, 0
679, 0
680, 0
681, 0
682, 0
683, 1
684, 1
685, 0
686, 1
687, 1
688, 0
689, 1
690, 0
691, 0
692, 4
693, 4
694, 0
695, 0
696, 0
697, 5
698, 5
699, 5
700, 5
701, 5
702, 4
703, 5
704, 4
705, 0
706, 1
707, 1
708, 0
709, -1
710, -1
711, 0
712, -1
713, -2
714, 0
715, 2
716, 5
717, 5
718, 4
719, 1
720, 0
721, 6
722, 0
723, 0
724, 7
725, 0
726, 0
727, 5
728, 5
729, 0
730, 0
731, 2
732, 1
733, 1
734, 3
735, 4
736, 4
737, 5
738, 6
739, 6
740, 0
741, 8
742, 8
743, 7
744, 0
745, 6
746, 6
747, 5
748, 4
749, 5
750, 5
751, 5
752, 3
753, 4
754, 4
755, 4
756, 4
757, 4
758, 0
759, 2
760, 2
761, 0
762, 0
763, 0
764, 0
765, 0
766, 0
767, 1
768, 0
769, -2
770, 0
771, 2
772, 2
773, 0
774, 1
775, 0
776, 0
777, 0
778, 0
779, 11
780, 0
781, 16
782, 17
783, 0
784, 18
785, 10
786, 9
787, 9
788, 7
789, 8
790, 8
791, 8
792, 7
793, 4
794, 5
795, 5
796, 0
797, 6
798, 5
799, 6
800, 0
801, 0
802, 0
803, 0
804, 9
805, 9
806, 0
807, 0
808, 0
809, 0
810, 0
811, 0
812, 0
813, 0
814, 0
815, -6
816, 0
817, 0
818, 2
819, 0
820, 4
821, 0
822, 0
823, 0
824, 11
825, 11
826, 11
827, 0
828, 8
829, 9
830, 10
831, 0
832, 0
833, 0
834, 0
835, 0
836, 0
837, 2
838, 1
839, 0
840, 0
841, 0
842, 0
843, 1
844, 0
845, 0
846, 0
847, 3
848, 2
849, 0
850, 5
851, 0
852, 6
853, 6
854, 8
855, 11
856, 8
857, 5
858, 0
859, 2
860, 2
861, 2
862, 0
863, 1
864, 0
865, 1
866, 2
867, 2
868, 3
869, 5
870, 7
871, 6
872, 6
873, 0
874, 0
875, 9
876, 9
877, 7
878, 7
879, 8
880, 6
881, 6
882, 4
883, 0
884, 0
885, 6
886, 6
887, 7
888, 10
889, 8
890, 0
891, 0
892, 0
893, 0
894, 13
895, 0
896, 14
897, 14
898, 13
899, 13
900, 0
901, 9
902, 7
903, 6
904, 5
905, 0
906, 0
907, 4
908, 4
909, 3
910, 3
911, 2
912, 3
913, 4
914, 4
915, 0
916, 0
917, 0
918, 0
919, 7
920, 0
921, 11
922, 11
923, 10
924, 9
925, 11
926, 9
927, 0
928, 0
929, 0
930, 0
931, 0
932, 0
933, 0
934, 0
935, 0
936, 0
937, 0
938, 0
939, 0
940, 0
941, 0
942, 0
943, 4
944, 5
945, 6
946, 0
947, 7
948, 9
949, 9
950, 9
951, 9
952, 0
953, 2
954, 2
955, 0
956, 0
957, 6
958, 6
959, 7
960, 0
961, 0
962, 0
963, 26
964, 22
965, 20
966, 0
967, 21
968, 0
969, 0
970, 12
971, 12
972, 1
973, 11
974, 0
975, 3
976, 0
977, 3
978, 0
979, 0
980, 0
981, -2
982, -3
983, -3
984, 0
985, 0
986, 7
987, 8
988, 8
989, 8
990, 0
991, 11
992, 10
993, 0
994, 8
995, 7
996, 8
997, 0
998, 10
999, 10
1000, 7
1001, 7
1002, 6
1003, 0
1004, 0
1005, 0
1006, 0
1007, 1
1008, 1
1009, 0
1010, 0
1011, 8
1012, 0
1013, 12
1014, 13
1015, 13
1016, 0
1017, 0
1018, 0
1019, 0
1020, 0
1021, 0
1022, 0
1023, 0
1024, 0
1025, 0
1026, 0
1027, 0
1028, 0
1029, 0
1030, 0
1031, 0
1032, 0
1033, 0
1034, 0
1035, 8
1036, 0
1037, 0
1038, -5
1039, 0
1040, -2
1041, 0
1042, 0
1043, 0
1044, 0
1045, 0
1046, 0
1047, 0
1048, 0
1049, 0
1050, 0
1051, 0
1052, 10
1053, 9
1054, 7
1055, 7
1056, 0
1057, 0
1058, -1
1059, 0
1060, 0
1061, 1
1062, 1
1063, 4
1064, 5
1065, 0
1066, 0
1067, 0
1068, 0
1069, 0
1070, 23
1071, 21
1072, 20
1073, 10
1074, 0
1075, 0
1076, 8
1077, 0
1078, 11
1079, 9
1080, 10
1081, 11
1082, 0
1083, 0
1084, 11
1085, 9
1086, 0
1087, 0
1088, 0
1089, 0
1090, 0
1091, 16
1092, 17
1093, 16
1094, 0
1095, 0
1096, 0
1097, 5
1098, 6
1099, 0
1100, 0
1101, 0
1102, 0
1103, 0
1104, 0
1105, 0
1106, 0
1107, 0
1108, 0
1109, 14
1110, 14
1111, 0
1112, 0
1113, 7
1114, 0
1115, 0
1116, 0
1117, 1
1118, 0
1119, 0
1120, 0
1121, 0
1122, 7
1123, 6
1124, 0
1125, 0
1126, 11
1127, 10
1128, 0
1129, 10
1130, 0
1131, 13
1132, 10
1133, 8
1134, 0
1135, 0
1136, 0
1137, 0
1138, 0
1139, 0
1140, 0
1141, 0
1142, 0
1143, 0
1144, 0
1145, 0
1146, 0
1147, 0
1148, 0
1149, 0
1150, 0
1151, 0
1152, 0
1153, 0
1154, 0
1155, 0
1156, 0
1157, 0
1158, 0
1159, 0
1160, 0
1161, 0
1162, 0
1163, 0
1164, 0
1165, 0
1166, 0
1167, 0
1168, 0
1169, 0
1170, 0
1171, 1
1172, 0
1173, 0
1174, 1
1175, 0
1176, 1
1177, 0
1178, 0
1179, 0
1180, 7
1181, 0
1182, 9
1183, 10
1184, 0
1185, 0
1186, 0
1187, 6
1188, 4
1189, 0
1190, 0
1191, 0
1192, 0
1193, 0
1194, 0
1195, 0
1196, 0
1197, 0
1198, 0
1199, 0
1200, 0
1201, 0
1202, 0
1203, 21
1204, 0
1205, 0
1206, 0
1207, 0
1208, 0
1209, 0
1210, 0
1211, 0
1212, 0
1213, 0
1214, 0
1215, 0
1216, 0
1217, 0
1218, 0
1219, 0
1220, 0
1221, 0
1222, 0
1223, 0
1224, 0
1225, 0
1226, 0
1227, 0
1228, 0
1229, 0
1230, 0
1231, 0
1232, 0
1233, 0
1234, 8
1235, 9
1236, 8
1237, 0
1238, -5
1239, -5
1240, -6
1241, -3
1242, 0
1243, 1
1244, 3
1245, 0
1246, 0
1247, 8
1248, 12
1249, 0
1250, 0
1251, 0
1252, 0
1253, 21
1254, 0
1255, 0
1256, 21
1257, 13
1258, 0
1259, 11
1260, 10
1261, 0
1262, 0
1263, 0
1264, 0
1265, 0
1266, 0
1267, 0
1268, 0
1269, 0
1270, 22
1271, 0
1272, 17
1273, 0
1274, 20
1275, 0
1276, 0
1277, 0
1278, 0
1279, 0
1280, 32
1281, 29
1282, 27
1283, 9
1284, 7
1285, 8
1286, 6
1287, 0
1288, 7
1289, 7
1290, 0
1291, 6
1292, 0
1293, 0
1294, 0
1295, 14
1296, 0
1297, 16
1298, 16
1299, 0
1300, 20
1301, 0
1302, 0
1303, 0
1304, 0
1305, 0
1306, 0
1307, 26
1308, 22
1309, 0
1310, 19
1311, 0
1312, 16
1313, 10
1314, 0
1315, 9
1316, 0
1317, 0
1318, 0
1319, 10
1320, 0
1321, 0
1322, 0
1323, 22
1324, 21
1325, 0
1326, 21
1327, 20
1328, 17
1329, 9
1330, 7
1331, 6
1332, 0
1333, 0
1334, 0
1335, 0
1336, 0
1337, 0
1338, 0
1339, 0
1340, 0
1341, 0
1342, 0
1343, 0
1344, 0
1345, 0
1346, 0
1347, 0
1348, 0
1349, 0
1350, 0
1351, 0
1352, 0
1353, 0
1354, 0
1355, 0
1356, 14
1357, 10
1358, 8
1359, 0
1360, 0
1361, 0
1362, -2
1363, -3
1364, -4
1365, -4
1366, -5
1367, 0
1368, -6
1369, -5
1370, 0
1371, -2
1372, -1
1373, 0
1374, 0
1375, 0
1376, 0
1377, 0
1378, 0
1379, 0
1380, 0
1381, 0
1382, 0
1383, 0
1384, 0
1385, 0
1386, 2
1387, 0
1388, 0
1389, 0
1390, 0
1391, 0
1392, 5
1393, 5
1394, 8
1395, 6
1396, 0
1397, 0
1398, 0
1399, 0
1400, 0
1401, 22
1402, 22
1403, 20
1404, 0
1405, 11
1406, 10
1407, 0
1408, 0
1409, 2
1410, 0
1411, 5
1412, 5
1413, 0
1414, 8
1415, 4
1416, 0
1417, 4
1418, 5
1419, 5
1420, 0
1421, 4
1422, 0
1423, 0
1424, 0
1425, 0
1426, 0
1427, 0
1428, 0
1429, 0
1430, 0
1431, 0
1432, 0
1433, 0
1434, 0
1435, 0
1436, 0
1437, 0
1438, 0
1439, 0
1440, 0
1441, 0
1442, 0
1443, 0
1444, 21
1445, 19
1446, 20
1447, 0
1448, 0
1449, 22
1450, 17
1451, 0
1452, 0
1453, 0
1454, 24
1455, 0
1456, 0
1457, 0
1458, 17
1459, 15
1460, 0
1461, 0
1462, 0
1463, 13
1464, 0
1465, 17
1466, 0
1467, 22
1468, 22
1469, 22
1470, 19
1471, 0
1472, 13
1473, 11
1474, 8
1475, 4
1476, 0
1477, 1
1478, 0
1479, 7
1480, 7
1481, 0
1482, 0
1483, 0
1484, 0
1485, 0
1486, 0
1487, 0
1488, 0
1489, 0
1490, 0
1491, 0
1492, 10
1493, 10
1494, 9
1495, 8
1496, 0
1497, 13
1498, 13
1499, 0
1500, 14
1501, 14
1502, 0
1503, 16
1504, 16
1505, 13
1506, 7
1507, 8
1508, 5
1509, 0
1510, 0
1511, -3
1512, -3
1513, 0
1514, 4
1515, 0
1516, 6
1517, 6
1518, 10
1519, 21
1520, 21
1521, 6
1522, 0
1523, 0
1524, 0
1525, 0
1526, 0
1527, 0
1528, 0
1529, 31
1530, 0
1531, 0
1532, 0
1533, 0
1534, 22
1535, 21
1536, 17
1537, 0
1538, 0
1539, 0
1540, 13
1541, 13
1542, 12
1543, 11
1544, 9
1545, 0
1546, 2
1547, 0
1548, 0
1549, 0
1550, 0
1551, 0
1552, 17
1553, 17
1554, 17
1555, 0
1556, 0
1557, 0
1558, 0
1559, -2
1560, -1
1561, 0
1562, 0
1563, 0
1564, 8
1565, 10
1566, 12
1567, 15
1568, 0
1569, 0
1570, 11
1571, 9
1572, 0
1573, 10
1574, 9
1575, 6
1576, 6
1577, 4
1578, 0
1579, 0
1580, 0
1581, 20
1582, 0
1583, 17
1584, 0
1585, 19
1586, 4
1587, 5
1588, 4
1589, 0
1590, 4
1591, 6
1592, 6
1593, 0
1594, 11
1595, 0
1596, 6
1597, 0
1598, 0
1599, 0
1600, 10
1601, 6
1602, 0
1603, 9
1604, 0
1605, 10
1606, 0
1607, 0
1608, 0
1609, 0
1610, 0
1611, 0
1612, 5
1613, 0
1614, 7
1615, 7
1616, 0
1617, 1
1618, 0
1619, 4
1620, 5
1621, 0
1622, 8
1623, 11
1624, 0
1625, 12
1626, 0
1627, 0
1628, 0
1629, 18
1630, 18
1631, 13
1632, 9
1633, 7
1634, 0
1635, 5
1636, 1
1637, 5
1638, 4
1639, 0
1640, 6
1641, 0
1642, 3
1643, 3
1644, 3
1645, 0
1646, 0
1647, 0
1648, 0
1649, 0
1650, 0
1651, 0
1652, 0
1653, 0
1654, 0
1655, 0
1656, 0
1657, 0
1658, 0
1659, 0
1660, 0
1661, 0
1662, 0
1663, 0
1664, 0
1665, 0
1666, 0
1667, 0
1668, 0
1669, 0
1670, 0
1671, 0
1672, 0
1673, 0
1674, 0
1675, 0
1676, 0
1677, 3
1678, 0
1679, 6
1680, 0
1681, 11
1682, 0
1683, 17
1684, 14
1685, 10
1686, 0
1687, 0
1688, 0
1689, 0
1690, 0
1691, 0
1692, 0
1693, 0
1694, 0
1695, 0
1696, 0
1697, 0
1698, 0
1699, 0
1700, 4
1701, 0
1702, 0
1703, 0
1704, 0
1705, -5
1706, 0
1707, 0
1708, 0
1709, 0
1710, 9
1711, 0
1712, 0
1713, 0
1714, 0
1715, 0
1716, 0
1717, 0
1718, 0
1719, 0
1720, 7
1721, 4
1722, 0
1723, 3
1724, 0
1725, 1
1726, 4
1727, 4
1728, 4
1729, 6
1730, 0
1731, 8
1732, 9
1733, 10
1734, 11
1735, 10
1736, 0
1737, 9
1738, 0
1739, 7
1740, 6
1741, 6
1742, 0
1743, 7
1744, 7
1745, 4
1746, 3
1747, 0
1748, 0
1749, 8
1750, 7
1751, 6
1752, 0
1753, 10
1754, 11
1755, 8
1756, 5
1757, 0
1758, 6
1759, 6
1760, 0
1761, 0
1762, 0
1763, 0
1764, 21
1765, 0
1766, 25
1767, 23
1768, 21
1769, 6
1770, 5
1771, 3
1772, 4
1773, 0
1774, 0
1775, 0
1776, -3
1777, -3
1778, -2
1779, 0
1780, -7
1781, 0
1782, 0
1783, 0
1784, -5
1785, 0
1786, 0
1787, 2
1788, 3
1789, 0
1790, 6
1791, 2
1792, 0
1793, 4
1794, 5
1795, 0
1796, 6
1797, 7
1798, 0
1799, 8
1800, 5
1801, 0
1802, 0
1803, 0
1804, 0
1805, 7
1806, 0
1807, 7
1808, 7
1809, 0
1810, 0
1811, 0
1812, 0
1813, 0
1814, 0
1815, 0
1816, 0
1817, 0
1818, 0
1819, 4
1820, 5
1821, 3
1822, 1
1823, 2
1824, 0
1825, 0
1826, 0
1827, 3
1828, 3
1829, 4
1830, 0
1831, 4
1832, 0
1833, 0
1834, 8
1835, 9
1836, 9
1837, 10
1838, 11
1839, 10
1840, 3
1841, 0
1842, -6
1843, 0
1844, 0
1845, 0
1846, 0
1847, 0
1848, 0
1849, 10
1850, 9
1851, 8
1852, 0
1853, 4
1854, 3
1855, 1
1856, 0
1857, 0
1858, 0
1859, 10
1860, 10
1861, 13
1862, 0
1863, 14
1864, 8
1865, 6
1866, 5
1867, 0
1868, 6
1869, 6
1870, 0
1871, 0
1872, 0
1873, 0
1874, 0
1875, 0
1876, 3
1877, 3
1878, 3
1879, 1
1880, 1
1881, 0
1882, 1
1883, 5
1884, 0
1885, 1
1886, 0
1887, 0
1888, 0
1889, 0
1890, 1
1891, 3
1892, 0
1893, 8
1894, 7
1895, 0
1896, 6
1897, 7
1898, 6
1899, 6
1900, 5
1901, 6
1902, 0
1903, 0
1904, 7
1905, 10
1906, 0
1907, 0
1908, 0
1909, 0
1910, 0
1911, 0
1912, 0
1913, 0
1914, 0
1915, 0
1916, 0
1917, 0
1918, 0
1919, 0
1920, 0
1921, 0
1922, 0
1923, 0
1924, 0
1925, 0
1926, 0
1927, 0
1928, 0
1929, 0
1930, 0
1931, 0
1932, 0
1933, 0
1934, 0
1935, 19
1936, 14
1937, 14
1938, 0
1939, 0
1940, 0
1941, 5
1942, 0
1943, 0
1944, 0
1945, 0
1946, 0
1947, 0
1948, -10
1949, -10
1950, -10
1951, 0
1952, 1
1953, 0
1954, 1
1955, 2
1956, 3
1957, 0
1958, 0
1959, 9
1960, 9
1961, 7
1962, 0
1963, 14
1964, 16
1965, 16
1966, 17
1967, 17
1968, 8
1969, 0
1970, 0
1971, 10
1972, 0
1973, 0
1974, 2
1975, 0
1976, 0
1977, 0
1978, 0
1979, 1
1980, 1
1981, 1
1982, 1
1983, 0
1984, 0
1985, 0
1986, -2
1987, -2
1988, -4
1989, 0
1990, -6
1991, 0
1992, -6
1993, -4
1994, -2
1995, 0
1996, 1
1997, 0
1998, -3
1999, 0
2000, 0
2001, 0
2002, 1
2003, 0
2004, 0
2005, 0
2006, 0
2007, 0
2008, 0
2009, 0
2010, 0
2011, 0
2012, 0
2013, 0
2014, 0
2015, 0
2016, 0
2017, 0
2018, 0
2019, 4
2020, 4
2021, 2
2022, 1
2023, 0
2024, 0
2025, 4
2026, 5
2027, 5
2028, 0
2029, 0
2030, 6
2031, 3
2032, 2
2033, 2
2034, 0
2035, 0
2036, 0
2037, 0
2038, 0
2039, 0
2040, 4
2041, 4
2042, 5
2043, 0
2044, 0
2045, 0
2046, 0
2047, 9
2048, 10
2049, 0
2050, 11
2051, 8
2052, 0
2053, 0
2054, 0
2055, 0
2056, 0
2057, 0
2058, 0
2059, 0
2060, 0
2061, 0
2062, 0
2063, 0
2064, 0
2065, 0
2066, 0
2067, 0
2068, 0
2069, 19
2070, 0
2071, 0
2072, 23
2073, 19
2074, 13
2075, 11
2076, 5
2077, 0
2078, 0
2079, 3
2080, 0
2081, 0
2082, 0
2083, -2
2084, -1
2085, 0
2086, 2
2087, 3
2088, 0
2089, 0
2090, 8
2091, 10
2092, 7
2093, 6
2094, 5
2095, 5
2096, 5
2097, 3
2098, 0
2099, 0
2100, 0
2101, 0
2102, 0
2103, 0
2104, 1
2105, -1
2106, 0
2107, 0
2108, 0
2109, 0
2110, -4
2111, -1
2112, -1
2113, -1
2114, 0
2115, -2
2116, -2
2117, -2
2118, 0
2119, 1
2120, 0
2121, 2
2122, 0
2123, -1
2124, -2
2125, -3
2126, 0
2127, 0
2128, 0
2129, 0
2130, 0
2131, 1
2132, -4
2133, 2
2134, 0
2135, 0
2136, 0
2137, -2
2138, -1
2139, 0
2140, 1
2141, 2
2142, 0
2143, 5
2144, 3
2145, 3
2146, 0
2147, 0
2148, 1
2149, 2
2150, 5
2151, 4
2152, 1
2153, 0
2154, 4
2155, 4
2156, 0
2157, -1
2158, -1
2159, 0
2160, -2
2161, 1
2162, -3
2163, 0
2164, 1
2165, 1
2166, 0
2167, 5
2168, 0
2169, 0
2170, 0
2171, 6
2172, 7
2173, 0
2174, 8
2175, 5
2176, 0
2177, 0
2178, 0
2179, 0
2180, 0
2181, 0
2182, -1
2183, -2
2184, 0
2185, 2
2186, 0
2187, 7
2188, 6
2189, 3
2190, 3
2191, 0
2192, 0
2193, 0
2194, 0
2195, 0
2196, -4
2197, -4
2198, -3
2199, -2
2200, 0
2201, 0
2202, 1
2203, 0
2204, 3
2205, 3
2206, 2
2207, 0
2208, 0
2209, 3
2210, 0
2211, 5
2212, 6
2213, 7
2214, 0
2215, 9
2216, 10
2217, 0
2218, 0
2219, 8
2220, 0
2221, 0
2222, 2
2223, 2
2224, 0
2225, 4
2226, 5
2227, 7
2228, 9
2229, 0
2230, 11
2231, 10
2232, 10
2233, 7
2234, 6
2235, 3
2236, 1
2237, -1
2238, 0
2239, -1
2240, 0
2241, 0
2242, 0
2243, 0
2244, 0
2245, 0
2246, 0
2247, 0
2248, 0
2249, 0
2250, 1
2251, 0
2252, 0
2253, 0
2254, 2
2255, 1
2256, 0
2257, 2
2258, 0
2259, 0
2260, 0
2261, 0
2262, 0
2263, -1
2264, 1
2265, 1
2266, 0
2267, 0
2268, 0
2269, 0
2270, 0
2271, 0
2272, 2
2273, 3
2274, 0
2275, 0
2276, 7
2277, 0
2278, 3
2279, 4
2280, 1
2281, 0
2282, 3
2283, 2
2284, 3
2285, 0
2286, 1
2287, 0
2288, -2
2289, -2
2290, 0
2291, 2
2292, 2
2293, 3
2294, 0
2295, 1
2296, 0
2297, 0
2298, 0
2299, 0
2300, 0
2301, 0
2302, 0
2303, -1
2304, 0
2305, 0
2306, 1
2307, 0
2308, 0
2309, 0
2310, -1
2311, 1
2312, 0
2313, 1
2314, -4
2315, -4
2316, -2
2317, 0
2318, 0
2319, 0
2320, 3
2321, 0
2322, 0
2323, 0
2324, 6
2325, 1
2326, 0
2327, 0
2328, 7
2329, 8
2330, 7
2331, 0
2332, 0
2333, 0
2334, 0
2335, 1
2336, 0
2337, 2
2338, 2
2339, 2
2340, 2
2341, 3
2342, 0
2343, 0
2344, 1
2345, 1
2346, 1
2347, 0
2348, 4
2349, 4
2350, 0
2351, 0
2352, 0
2353, 0
2354, 0
2355, 0
2356, 0
2357, 0
2358, -2
2359, -2
2360, 0
2361, 0
2362, -1
2363, 0
2364, 0
2365, 0
2366, -1
2367, 0
2368, 0
2369, 1
2370, 0
2371, 0
2372, 0
2373, 0
2374, 5
2375, 0
2376, 4
2377, 4
2378, 1
2379, 0
2380, 0
2381, 0
2382, 2
2383, 3
2384, 5
2385, 0
2386, 0
2387, 0
2388, 0
2389, 0
2390, 2
2391, 0
2392, 1
2393, 1
2394, 1
2395, 0
2396, 3
2397, 0
2398, 2
2399, 2
2400, 1
2401, 0
2402, 0
2403, 0
2404, 0
2405, -4
2406, -3
2407, -2
2408, 0
2409, 0
2410, 0
2411, 0
2412, 0
2413, -1
2414, 0
2415, 0
2416, -2
2417, -3
2418, -4
2419, -4
2420, -4
2421, -5
2422, -5
2423, -4
2424, -3
2425, 0
2426, 0
2427, 2
2428, 0
2429, 1
2430, 0
2431, 0
2432, 0
2433, 0
2434, 6
2435, 4
2436, 0
2437, 6
2438, 4
2439, 0
2440, 0
2441, -7
2442, -8
2443, -9
2444, -8
2445, -6
2446, -4
2447, 0
2448, -1
2449, 0
2450, 0
2451, 1
2452, 1
2453, 2
2454, 1
2455, 1
2456, 6
2457, 7
2458, 6
2459, 0
2460, 0
2461, 4
2462, 6
2463, 3
2464, 0
2465, 0
2466, 1
2467, 0
2468, 0
2469, -4
2470, -5
2471, -4
2472, -3
2473, 0
2474, 1
2475, 0
2476, 4
2477, 4
2478, 4
2479, 4
2480, 0
2481, 1
2482, 0
2483, -6
2484, 0
2485, 0
2486, 0
2487, 3
2488, 0
2489, 0
2490, 0
2491, 1
2492, 0
2493, 7
2494, 5
2495, 0
2496, 0
2497, 0
2498, 0
2499, 0
2500, 0
2501, 0
2502, 0
2503, 0
2504, 1
2505, 0
2506, -3
2507, -5
2508, 0
2509, -5
2510, 0
2511, -4
2512, 1
2513, 0
2514, 0
2515, 0
2516, -3
2517, -1
2518, 0
2519, -1
2520, 0
2521, 1
2522, 1
2523, 1
2524, 0
2525, 0
2526, 0
2527, 1
2528, 1
2529, 1
2530, 0
2531, 0
2532, 1
2533, 0
2534, 0
2535, 0
2536, 1
2537, 0
2538, 0
2539, 0
2540, -2
2541, -2
2542, -3
2543, 0
2544, -1
2545, -2
2546, -6
2547, 0
2548, -2
2549, -4
2550, -2
2551, 0
2552, 3
2553, 0
2554, 0
2555, 4
2556, 2
2557, 0
2558, 0
2559, 0
2560, 1
2561, 1
2562, 0
2563, 0
2564, 0
2565, 1
2566, 1
2567, -1
2568, 0
2569, 0
2570, 0
2571, 0
2572, 0
2573, 0
2574, 0
2575, 0
2576, 1
2577, 0
2578, 0
2579, 0
2580, 0
2581, 0
2582, 0
2583, 0
2584, 0
2585, 0
2586, 0
2587, 1
2588, -3
2589, -3
2590, -3
2591, -3
2592, -2
2593, -2
2594, 0
2595, 0
2596, 0
2597, 0
2598, 0
2599, 0
2600, -2
2601, 0
2602, 0
2603, -2
2604, -2
2605, -2
2606, 0
2607, 0
2608, -1
2609, 0
2610, 0
2611, 0
2612, 0
2613, 0
2614, 0
2615, 0
2616, 0
2617, 0
2618, 0
2619, 0
2620, 0
2621, 0
2622, -2
2623, -3
2624, -3
2625, -2
2626, -2
2627, 0
2628, 0
2629, 0
2630, 1
2631, 1
2632, 0
2633, 0
2634, -2
2635, 0
2636, 1
2637, 0
2638, -2
2639, -2
2640, 0
2641, 0
2642, 0
2643, -2
2644, 0
2645, 0
2646, -3
2647, 3
2648, 5
2649, 3
2650, 0
2651, 0
2652, -3
2653, -3
2654, -3
2655, -4
2656, -3
2657, -4
2658, 0
2659, 0
2660, 0
2661, 2
2662, 1
2663, 3
2664, 4
2665, 0
2666, 0
2667, 3
2668, 3
2669, 0
2670, 0
2671, 1
2672, 1
2673, 0
2674, -1
2675, 0
2676, 0
2677, 1
2678, 1
2679, -1
2680, 0
2681, 0
2682, 0
2683, 0
2684, 0
2685, 0
2686, 0
2687, 0
2688, 0
2689, 0
2690, 0
2691, 0
2692, -1
2693, 0
2694, 0
2695, 0
2696, 0
2697, 0
2698, 0
2699, -2
2700, -3
2701, -4
2702, -5
2703, -4
2704, -4
2705, -2
2706, 0
2707, 0
2708, 0
2709, -2
2710, 0
2711, 0
2712, 0
2713, 0
2714, 0
2715, 0
2716, 0
2717, -8
2718, -8
2719, -7
2720, -5
2721, 0
2722, -3
2723, 0
2724, 0
2725, 0
2726, -1
2727, -1
2728, -4
2729, 0
2730, 0
2731, 1
2732, 0
2733, -5
2734, 0
2735, -4
2736, -3
2737, -2
2738, 0
2739, 0
2740, 1
2741, -1
2742, 0
2743, 0
2744, 0
2745, 0
2746, 0
2747, 0
2748, 0
2749, 0
2750, -5
2751, 0
2752, 1
2753, 0
2754, -3
2755, 0
2756, 0
2757, 0
2758, 0
2759, 1
2760, 0
2761, -1
2762, 1
2763, 4
2764, 1
2765, 0
2766, 1
2767, 0
2768, 0
2769, 1
2770, 0
2771, -1
2772, 0
2773, -2
2774, -3
2775, -4
2776, 0
2777, -7
2778, -6
2779, -6
2780, 0
2781, 1
2782, 0
2783, 0
2784, 0
2785, 0
2786, 2
2787, 0
2788, 0
2789, 0
2790, 1
2791, 0
2792, 0
2793, 0
2794, 0
2795, -2
2796, 0
2797, 0
2798, 0
2799, 0
2800, 0
2801, -2
2802, 0
2803, 0
2804, -2
2805, -3
2806, -3
2807, -4
2808, 0
2809, -7
2810, 0
2811, -2
2812, 0
2813, 0
2814, 1
2815, 0
2816, 0
2817, 2
2818, -2
2819, -2
2820, -2
2821, -2
2822, 1
2823, 0
2824, -1
2825, 0
2826, 0
2827, 0
2828, 0
2829, 1
2830, 0
2831, 3
2832, 2
2833, 2
2834, 0
2835, -4
2836, -3
2837, -3
2838, -2
2839, 0
2840, 0
2841, 0
2842, 0
2843, 0
2844, 0
2845, 0
2846, 0
2847, -4
2848, 0
2849, 0
2850, -5
2851, -5
2852, -5
2853, -4
2854, 0
2855, -7
2856, -4
2857, -1
2858, -1
2859, 0
2860, -5
2861, 0
2862, -4
2863, -2
2864, -1
2865, 0
2866, -4
2867, -2
2868, 0
2869, 0
2870, 0
2871, 0
2872, -5
2873, 0
2874, 0
2875, -8
2876, -8
2877, 0
2878, -8
2879, 0
2880, -6
2881, 0
2882, -5
2883, -6
2884, -5
2885, -5
2886, -4
2887, 0
2888, 0
2889, 0
2890, -2
2891, 0
2892, 0
2893, 0
2894, -3
2895, -3
2896, -4
2897, 0
2898, -4
2899, -3
2900, -5
2901, -4
2902, -5
2903, -4
2904, 0
2905, 0
2906, 1
2907, 1
2908, 0
2909, 0
2910, -3
2911, -3
2912, -1
2913, -2
2914, 0
2915, 1
2916, 0
2917, 0
2918, 2
2919, 0
2920, -4
2921, -4
2922, 0
2923, 0
2924, -10
2925, -9
2926, -8
2927, 0
2928, 0
2929, -3
2930, -2
2931, 0
2932, 0
2933, 0
2934, 0
2935, -2
2936, -1
2937, -2
2938, -2
2939, -1
2940, 0
2941, 0
2942, 0
2943, 2
2944, 1
2945, -1
2946, 0
2947, 0
2948, 0
2949, -4
2950, -5
2951, -5
2952, 0
2953, 0
2954, -10
2955, -9
2956, 0
2957, -8
2958, 0
2959, -5
2960, 0
2961, 0
2962, 0
2963, 0
2964, -3
2965, -3
2966, -2
2967, 0
2968, -3
2969, -5
2970, -5
2971, -6
2972, -6
2973, -5
2974, -4
2975, 0
2976, -1
2977, 0
2978, 0
2979, -1
2980, -1
2981, 0
2982, -3
2983, -2
2984, 1
2985, -4
2986, -4
2987, 0
2988, -2
2989, -4
2990, -6
2991, -6
2992, -7
2993, -5
2994, -3
2995, 0
2996, 0
2997, 0
2998, 0
2999, 0
3000, 0
3001, -3
3002, -3
3003, -3
3004, -3
3005, 0
3006, 0
3007, -5
3008, -5
3009, -5
3010, -4
3011, 0
3012, -8
3013, -7
3014, -6
3015, 0
3016, -5
3017, 0
3018, -7
3019, -5
3020, 0
3021, -2
3022, -4
3023, 0
3024, -7
3025, -5
3026, 0
3027, 1
3028, 0
3029, -1
3030, 0
3031, 0
3032, 2
3033, 0
3034, 0
3035, -2
3036, 0
3037, 0
3038, 0
3039, 0
3040, 0
3041, 0
3042, -4
3043, -4
3044, -3
3045, 0
3046, -11
3047, -11
3048, -11
3049, -11
3050, -10
3051, -9
3052, -8
3053, 0
3054, 0
3055, 0
3056, 0
3057, 1
3058, -3
3059, -3
3060, -5
3061, -4
3062, -3
3063, 0
3064, 0
3065, 0
3066, 4
3067, 4
3068, 4
3069, 0
3070, 1
3071, 0
3072, 0
3073, -1
3074, 0
3075, 0
3076, 0
3077, 0
3078, 0
3079, 1
3080, 1
3081, 0
3082, 0
3083, 0
3084, 0
3085, 0
3086, -8
3087, -5
3088, -6
3089, 0
3090, 0
3091, 0
3092, 0
3093, 1
3094, -4
3095, -3
3096, 0
3097, -3
3098, -2
3099, -3
3100, 0
3101, -6
3102, -6
3103, -5
3104, -5
3105, -6
3106, -6
3107, -6
3108, 0
3109, -2
3110, -3
3111, -2
3112, 0
3113, 0
3114, -9
3115, -9
3116, 0
3117, -7
3118, -4
3119, -1
3120, 0
3121, 1
3122, 0
3123, 5
3124, 3
3125, 4
3126, 3
3127, 2
3128, 0
3129, 0
3130, -3
3131, -4
3132, -3
3133, -3
3134, -3
3135, 0
3136, 0
3137, 0
3138, 0
3139, 0
3140, 0
3141, 0
3142, 0
3143, -14
3144, -15
3145, -14
3146, -15
3147, -14
3148, 0
3149, -10
3150, -9
3151, -7
3152, -6
3153, 0
3154, -10
3155, -8
3156, -7
3157, -5
3158, -5
3159, -2
3160, -1
3161, -1
3162, 0
3163, 2
3164, 0
3165, 0
3166, -1
3167, 0
3168, -3
3169, -3
3170, -2
3171, 0
3172, 0
3173, 0
3174, 0
3175, 1
3176, 0
3177, 0
3178, 0
3179, 0
3180, -4
3181, -4
3182, -5
3183, -6
3184, -6
3185, -7
3186, -7
3187, -7
3188, -7
3189, -6
3190, 0
3191, -5
3192, 0
3193, 0
3194, 0
3195, -4
3196, -6
3197, -4
3198, 0
3199, 0
3200, 0
3201, 0
3202, -2
3203, -4
3204, -4
3205, 0
3206, 0
3207, 0
3208, -10
3209, 0
3210, 0
3211, -3
3212, -3
3213, -2
3214, -2
3215, -2
3216, 0
3217, 0
3218, -5
3219, -4
3220, 0
3221, 0
3222, 0
3223, -2
3224, 0
3225, 0
3226, 0
3227, 0
3228, -4
3229, -4
3230, -3
3231, 0
3232, -7
3233, 0
3234, -6
3235, -5
3236, -3
3237, 0
3238, -4
3239, -4
3240, -4
3241, 0
3242, 0
3243, 0
3244, -9
3245, -9
3246, -9
3247, -9
3248, -8
3249, -9
3250, -6
3251, -5
3252, -3
3253, 1
3254, 0
3255, 0
3256, 0
3257, -5
3258, -5
3259, -4
3260, -5
3261, 0
3262, 0
3263, -11
3264, -10
3265, -10
3266, -9
3267, -8
3268, 0
3269, -9
3270, -8
3271, -7
3272, -5
3273, 0
3274, 0
3275, 0
3276, -3
3277, 1
3278, -3
3279, -2
3280, 0
3281, -1
3282, -3
3283, -2
3284, 0
3285, 0
3286, 0
3287, -2
3288, -2
3289, 0
3290, 0
3291, 0
3292, -12
3293, 0
3294, -9
3295, -8
3296, 0
3297, -5
3298, -6
3299, -6
3300, -4
3301, -3
3302, 0
3303, -1
3304, -1
3305, -3
3306, -3
3307, -3
3308, -3
3309, 1
3310, -2
3311, -3
3312, 1
3313, -7
3314, -6
3315, -6
3316, 0
3317, 0
3318, -3
3319, -2
3320, -3
3321, 1
3322, 0
3323, 0
3324, -9
3325, -9
3326, -8
3327, -8
3328, 0
3329, -6
3330, -6
3331, -7
3332, 0
3333, -7
3334, 0
3335, -6
3336, -5
3337, -4
3338, -2
3339, -2
3340, -3
3341, -4
3342, -4
3343, -4
3344, -5
3345, -7
3346, 0
3347, -8
3348, 1
3349, -7
3350, -4
3351, 0
3352, -7
3353, -10
3354, -8
3355, -8
3356, 0
3357, 0
3358, 0
3359, -1
3360, 0
3361, 0
3362, -3
3363, 0
3364, 0
3365, -5
3366, 0
3367, 0
3368, -11
3369, -12
3370, 0
3371, -10
3372, -10
3373, -7
3374, -7
3375, 0
3376, -8
3377, -6
3378, -5
3379, 0
3380, -7
3381, -7
3382, -6
3383, 0
3384, 0
3385, -9
3386, 0
3387, -7
3388, -8
3389, -7
3390, -4
3391, 0
3392, 1
3393, 1
3394, 2
3395, 1
3396, -4
3397, 0
3398, 1
3399, 0
3400, -10
3401, -8
3402, -8
3403, -8
3404, -7
3405, -9
3406, 0
3407, -8
3408, -6
3409, 0
3410, 0
3411, 0
3412, -6
3413, -5
3414, -4
3415, 0
3416, -5
3417, -7
3418, 0
3419, -9
3420, 0
3421, -6
3422, -4
3423, 0
3424, 0
3425, -8
3426, -8
3427, -8
3428, 0
3429, 0
3430, -10
3431, 0
3432, -10
3433, 0
3434, -8
3435, -6
3436, 0
3437, -9
3438, -8
3439, -6
3440, -5
3441, -5
3442, -6
3443, 0
3444, -6
3445, -3
3446, -3
3447, -5
3448, 0
3449, 0
3450, -11
3451, -10
3452, -9
3453, -10
3454, -11
3455, -10
3456, -10
3457, -7
3458, -7
3459, -5
3460, -4
3461, -2
3462, -4
3463, -5
3464, 0
3465, -7
3466, -8
3467, -9
3468, -6
3469, -5
3470, 0
3471, -6
3472, 0
3473, -5
3474, 0
3475, -4
3476, -4
3477, 0
3478, -6
3479, -4
3480, 0
3481, -8
3482, -7
3483, 0
3484, -9
3485, -7
3486, -7
3487, 0
3488, -8
3489, -9
3490, -8
3491, -8
3492, -6
3493, -5
3494, -5
3495, 0
3496, 0
3497, -8
3498, 0
3499, -10
3500, -11
3501, 0
3502, 0
3503, 0
3504, -13
3505, 0
3506, -14
3507, -14
3508, -14
3509, -8
3510, -7
3511, -6
3512, -5
3513, -4
3514, 0
3515, 0
3516, 0
3517, 1
3518, 1
3519, 0
3520, 0
3521, -2
3522, 0
3523, -3
3524, -6
3525, -7
3526, 0
3527, -11
3528, 0
3529, -8
3530, -8
3531, -8
3532, -10
3533, -11
3534, -8
3535, -6
3536, 0
3537, -4
3538, 0
3539, -8
3540, -6
3541, -3
3542, 0
3543, -2
3544, -3
3545, -3
3546, -4
3547, -4
3548, -6
3549, 0
3550, -7
3551, -7
3552, -7
3553, -6
3554, 0
3555, -9
3556, 0
3557, -12
3558, -13
3559, 0
3560, -9
3561, -8
3562, -8
3563, -5
3564, 0
3565, 0
3566, -3
3567, -5
3568, -6
3569, -7
3570, -7
3571, 0
3572, -12
3573, -13
3574, 0
3575, -15
3576, -12
3577, -10
3578, -11
3579, 0
3580, -13
3581, 0
3582, -16
3583, -15
3584, -14
3585, -8
3586, -8
3587, -9
3588, -9
3589, 0
3590, -11
3591, -10
3592, -9
3593, -7
3594, 0
3595, 0
3596, 0
3597, -1
3598, 0
3599, 1
3600, 0
3601, -1
3602, 1
3603, 0
3604, -8
3605, -9
3606, -9
3607, -7
3608, 0
3609, -8
3610, 0
3611, -11
3612, -10
3613, -11
3614, 0
3615, -9
3616, -6
3617, -5
3618, -4
3619, 1
3620, 0
3621, 0
3622, 0
3623, -4
3624, 1
3625, 0
3626, 0
3627, -8
3628, -6
3629, -7
3630, -6
3631, -6
3632, 0
3633, -10
3634, -10
3635, 0
3636, -8
3637, -7
3638, -7
3639, 0
3640, 0
3641, 0
3642, 0
3643, 0
3644, 0
3645, -6
3646, -7
3647, -5
3648, -4
3649, 0
3650, -5
3651, 0
3652, 0
3653, -11
3654, -10
3655, -9
3656, -10
3657, 0
3658, -9
3659, 0
3660, 0
3661, -3
3662, 0
3663, -5
3664, -5
3665, -5
3666, -4
3667, -5
3668, -5
3669, 0
3670, -10
3671, -10
3672, -8
3673, -7
3674, 0
3675, -9
3676, 0
3677, 0
3678, -13
3679, 0
3680, -17
3681, 0
3682, -17
3683, -13
3684, -11
3685, -7
3686, -7
3687, -6
3688, -6
3689, -5
3690, -4
3691, 0
3692, -8
3693, 0
3694, 0
3695, -12
3696, -9
3697, 0
3698, 0
3699, 0
3700, -13
3701, -9
3702, 0
3703, -6
3704, -6
3705, 0
3706, 0
3707, -6
3708, -5
3709, -5
3710, -6
3711, -7
3712, 0
3713, -10
3714, -7
3715, 0
3716, -6
3717, -4
3718, -5
3719, 0
3720, -8
3721, 0
3722, 0
3723, -13
3724, -11
3725, -9
3726, -8
3727, 0
3728, 0
3729, -11
3730, -8
3731, -7
3732, -8
3733, -8
3734, 0
3735, 0
3736, -7
3737, -7
3738, -7
3739, -6
3740, -8
3741, 0
3742, 0
3743, -13
3744, -13
3745, 0
3746, -11
3747, -9
3748, 0
3749, 0
3750, -6
3751, 0
3752, 0
3753, 0
3754, 0
3755, -9
3756, -5
3757, -4
3758, -5
3759, 0
3760, -6
3761, 0
3762, 0
3763, 0
3764, -4
3765, -6
3766, 0
3767, -8
3768, -8
3769, 0
3770, 0
3771, -13
3772, -13
3773, -11
3774, 0
3775, 0
3776, -11
3777, -9
3778, 0
3779, 0
3780, 0
3781, -11
3782, -6
3783, 0
3784, -4
3785, 0
3786, -5
3787, 0
3788, 4
3789, 5
3790, 3
3791, 0
3792, -2
3793, -3
3794, -4
3795, -4
3796, -5
3797, 0
3798, 0
3799, -12
3800, 0
3801, -9
3802, 0
3803, -14
3804, -13
3805, -11
3806, 0
3807, -12
3808, -11
3809, 0
3810, -11
3811, -10
3812, -8
3813, 0
3814, -10
3815, -11
3816, 0
3817, -11
3818, 0
3819, -13
3820, -11
3821, -12
3822, 0
3823, 0
3824, -13
3825, -13
3826, -12
3827, -10
3828, -10
3829, -7
3830, -6
3831, 0
3832, 0
3833, -10
3834, 0
3835, -12
3836, -14
3837, -13
3838, -14
3839, 0
3840, 0
3841, -6
3842, -5
3843, -7
3844, -7
3845, -7
3846, 0
3847, -7
3848, -6
3849, -5
3850, 0
3851, -6
3852, -6
3853, 0
3854, 0
3855, 0
3856, 0
3857, -18
3858, -17
3859, -16
3860, -16
3861, 0
3862, -14
3863, -6
3864, -5
3865, 0
3866, -9
3867, -8
3868, -8
3869, -8
3870, -6
3871, 0
3872, 0
3873, -10
3874, 0
3875, -14
3876, -13
3877, 0
3878, 0
3879, -16
3880, -13
3881, 0
3882, 0
3883, -7
3884, 0
3885, -1
3886, 0
3887, -5
3888, 0
3889, -9
3890, -9
3891, -7
3892, -7
3893, 0
3894, -10
3895, 0
3896, -8
3897, -5
3898, 0
3899, 0
3900, -6
3901, 0
3902, -9
3903, 0
3904, 0
3905, 0
3906, 0
3907, -17
3908, 0
3909, 0
3910, -15
3911, -9
3912, 0
3913, -9
3914, -5
3915, -5
3916, 0
3917, 0
3918, -10
3919, -9
3920, 0
3921, 0
3922, -15
3923, -16
3924, -14
3925, -14
3926, 0
3927, 0
3928, -11
3929, -12
3930, 0
3931, -11
3932, -11
3933, 0
3934, 0
3935, 0
3936, 0
3937, 0
3938, 0
3939, 0
3940, -15
3941, -17
3942, -16
3943, -13
3944, 0
3945, -9
3946, -6
3947, 0
3948, -7
3949, 0
3950, -9
3951, 0
3952, 0
3953, -15
3954, -15
3955, 0
3956, -15
3957, -15
3958, 0
3959, 0
3960, -11
3961, -7
3962, 0
3963, -9
3964, -10
3965, -11
3966, 0
3967, -13
3968, -13
3969, 0
3970, -14
3971, -12
3972, -11
3973, -9
3974, 0
3975, -9
3976, -6
3977, 0
3978, -8
3979, -8
3980, 0
3981, -10
3982, -9
3983, 0
3984, 0
3985, 0
3986, -11
3987, -11
3988, -10
3989, 0
3990, -5
3991, -4
3992, 0
3993, 0
3994, 0
3995, 0
3996, -23
3997, 0
3998, 0
3999, -19
4000, -13
4001, 0
4002, -8
4003, -6
4004, -8
4005, 0
4006, 0
4007, -12
4008, 0
4009, 0
4010, -10
4011, -10
4012, -10
4013, 0
4014, -8
4015, -8
4016, 0
4017, -9
4018, -10
4019, 0
4020, -10
4021, 0
4022, 0
4023, -11
4024, -11
4025, -11
4026, -8
4027, 0
4028, 0
4029, -15
4030, 0
4031, 0
4032, -19
4033, -16
4034, 0
4035, -13
4036, -11
4037, -12
4038, -8
4039, -8
4040, 0
4041, 0
4042, 0
4043, -11
4044, -11
4045, -10
4046, 0
4047, 0
4048, -7
4049, 0
4050, -8
4051, 0
4052, 0
4053, 0
4054, -15
4055, 0
4056, 0
4057, -3
4058, 0
4059, -6
4060, 0
4061, -11
4062, 0
4063, -14
4064, -14
4065, -13
4066, 0
4067, 0
4068, -11
4069, -9
4070, 0
4071, 0
4072, 0
4073, 0
4074, 0
4075, 0
4076, -22
4077, -21
4078, -20
4079, -14
4080, -5
4081, -5
4082, -3
4083, 1
4084, -5
4085, 0
4086, -11
4087, 0
4088, -14
4089, 0
4090, 0
4091, -16
4092, 0
4093, -11
4094, 0
4095, -14
4096, -13
4097, 0
4098, 0
4099, 0
4100, -5
4101, 0
4102, 0
4103, -10
4104, -11
4105, -9
4106, 0
4107, -10
4108, -9
4109, 0
4110, 0
4111, 0
4112, 0
4113, 0
4114, 0
4115, 0
4116, 0
4117, 1
4118, 0
4119, 0
4120, 0
4121, 0
4122, 0
4123, 0
4124, 0
4125, 0
4126, 0
4127, 0
4128, 0
4129, -4
4130, 0
4131, 0
4132, 0
4133, -21
4134, 0
4135, 0
4136, 0
4137, -12
4138, -12
4139, -12
4140, -10
4141, -5
4142, 0
4143, 0
4144, 0
4145, -10
4146, -10
4147, -9
4148, -9
4149, 0
4150, -7
4151, 0
4152, 0
4153, 0
4154, 0
4155, -18
4156, 0
4157, 0
4158, 0
4159, 0
4160, 0
4161, -11
4162, -12
4163, -11
4164, 0
4165, 0
4166, 0
4167, -14
4168, -13
4169, -14
4170, 0
4171, 0
4172, -22
4173, -21
4174, 0
4175, -19
4176, -12
4177, -9
4178, 0
4179, -8
4180, 0
4181, -9
4182, 0
4183, -11
4184, 0
4185, -12
4186, 0
4187, 0
4188, -15
4189, 0
4190, 0
4191, 0
4192, 0
4193, -14
4194, -10
4195, 0
4196, 0
4197, 0
4198, 0
4199, -13
4200, -11
4201, -8
4202, -8
4203, -5
4204, 1
4205, 0
4206, -3
4207, 0
4208, 0
4209, 0
4210, -12
4211, -13
4212, 0
4213, 0
4214, -23
4215, -20
4216, 0
4217, -20
4218, -13
4219, 0
4220, 0
4221, 0
4222, 0
4223, 0
4224, -22
4225, 0
4226, -15
4227, 0
4228, 0
4229, 0
4230, 0
4231, 0
4232, -14
4233, 0
4234, 0
4235, 0
4236, -15
4237, 0
4238, -13
4239, -12
4240, -11
4241, -9
4242, -9
4243, 0
4244, 0
4245, -8
4246, 0
4247, 0
4248, -16
4249, 0
4250, 0
4251, 0
4252, 0
4253, -26
4254, 0
4255, -20
4256, 0
4257, -21
4258, 0
4259, -11
4260, -8
4261, -6
4262, 0
4263, 0
4264, 0
4265, -13
4266, -14
4267, -13
4268, 0
4269, 0
4270, -13
4271, -10
4272, -7
4273, -5
4274, 0
4275, -8
4276, 0
4277, 0
4278, 0
4279, 0
4280, 0
4281, 0
4282, 0
4283, -19
4284, -15
4285, 0
4286, 0
4287, 0
4288, 0
4289, 0
4290, -10
4291, -9
4292, 0
4293, 0
4294, 0
4295, -8
4296, -4
4297, -1
4298, -4
4299, 0
4300, 0
4301, 0
4302, 0
4303, -23
4304, -20
4305, 0
4306, 0
4307, 0
4308, 0
4309, 0
4310, 0
4311, 0
4312, 0
4313, 0
4314, -18
4315, -16
4316, 0
4317, 0
4318, -17
4319, 0
4320, 0
4321, -4
4322, -2
4323, 0
4324, 0
4325, -6
4326, -8
4327, -8
4328, 0
4329, -11
4330, 0
4331, -9
4332, -8
4333, -7
4334, -6
4335, -6
4336, -7
4337, -5
4338, 0
4339, 0
4340, 0
4341, 0
4342, -13
4343, -12
4344, -13
4345, 0
4346, -12
4347, -8
4348, 0
4349, 0
4350, -11
4351, -5
4352, -5
4353, 0
4354, 0
4355, 0
4356, 0
4357, -15
4358, -14
4359, 0
4360, -12
4361, -11
4362, 0
4363, -6
4364, -5
4365, -6
4366, 0
4367, -11
4368, -8
4369, 0
4370, -9
4371, -10
4372, 0
4373, -12
4374, -11
4375, -8
4376, 0
4377, 0
4378, -15
4379, 0
4380, -8
4381, -4
4382, 0
4383, 0
4384, -5
4385, 0
4386, -10
4387, 0
4388, -10
4389, -10
4390, 0
4391, -17
4392, 0
4393, 0
4394, -18
4395, -16
4396, -16
4397, -12
4398, -6
4399, 0
4400, 0
4401, -10
4402, -11
4403, -13
4404, -10
4405, -8
4406, 0
4407, -8
4408, -7
4409, -6
4410, -4
4411, 0
4412, -4
4413, -5
4414, 0
4415, -9
4416, 0
4417, -5
4418, 0
4419, -9
4420, -9
4421, 0
4422, -9
4423, 0
4424, -9
4425, 0
4426, -12
4427, 0
4428, -13
4429, -9
4430, -7
4431, -8
4432, 0
4433, -8
4434, -7
4435, -7
4436, 0
4437, -7
4438, -6
4439, -6
4440, 0
4441, -5
4442, -5
4443, -5
4444, 0
4445, 0
4446, 0
4447, 0
4448, -5
4449, -7
4450, 0
4451, -10
4452, -10
4453, -10
4454, 0
4455, -10
4456, -10
4457, -9
4458, -8
4459, 0
4460, -6
4461, -6
4462, -6
4463, -3
4464, 0
4465, -8
4466, 0
4467, -7
4468, 0
4469, 0
4470, 0
4471, 0
4472, 0
4473, 0
4474, 0
4475, -12
4476, -10
4477, 0
4478, 0
4479, 0
4480, -13
4481, 0
4482, -9
4483, -8
4484, 0
4485, 0
4486, -8
4487, 0
4488, -7
4489, -5
4490, 1
4491, -7
4492, -7
4493, -6
4494, -5
4495, -5
4496, -5
4497, -4
4498, -4
4499, 0
4500, 0
4501, 1
4502, -3
4503, 0
4504, 0
4505, 0
4506, -9
4507, -7
4508, -6
4509, 0
4510, 0
4511, 0
4512, 0
4513, 0
4514, 0
4515, 0
4516, 0
4517, 0
4518, 0
4519, -3
4520, 0
4521, -3
4522, -5
4523, -4
4524, -5
4525, -5
4526, -4
4527, -2
4528, -2
4529, 0
4530, 0
4531, 3
4532, 0
4533, -1
4534, 1
4535, 0
4536, -5
4537, -6
4538, -5
4539, 0
4540, -9
4541, -6
4542, -6
4543, -6
4544, -7
4545, -7
4546, -6
4547, -3
4548, -3
4549, -4
4550, -4
4551, -3
4552, 0
4553, -6
4554, 0
4555, 0
4556, 0
4557, 0
4558, -2
4559, -8
4560, 0
4561, 0
4562, 0
4563, 0
4564, 0
4565, -11
4566, 0
4567, -10
4568, 0
4569, 0
4570, 0
4571, 0
4572, 0
4573, 0
4574, 0
4575, 0
4576, 0
4577, -10
4578, -10
4579, -8
4580, 0
4581, -7
4582, -7
4583, -6
4584, -4
4585, 0
4586, -6
4587, -6
4588, 0
4589, 0
4590, -5
4591, -5
4592, 0
4593, -8
4594, -8
4595, -8
4596, -6
4597, 0
4598, -3
4599, -2
4600, -2
4601, -3
4602, 0
4603, -2
4604, -2
4605, 0
4606, -2
4607, -4
4608, -4
4609, 0
4610, 0
4611, -4
4612, -5
4613, 0
4614, -3
4615, 0
4616, 0
4617, -12
4618, -12
4619, -10
4620, -9
4621, 0
4622, -4
4623, -5
4624, -4
4625, -3
4626, -3
4627, -3
4628, -2
4629, -2
4630, 1
4631, 0
4632, 0
4633, -3
4634, 0
4635, -7
4636, -7
4637, 0
4638, -8
4639, -7
4640, -6
4641, 0
4642, -6
4643, -4
4644, -4
4645, -5
4646, -4
4647, -2
4648, 0
4649, 0
4650, 0
4651, 0
4652, -3
4653, 0
4654, 0
4655, -6
4656, 0
4657, 0
4658, 0
4659, 0
4660, 0
4661, -6
4662, -3
4663, -2
4664, -2
4665, 0
4666, 1
4667, -1
4668, -3
4669, -3
4670, -2
4671, -4
4672, 0
4673, -6
4674, -6
4675, -5
4676, -5
4677, 0
4678, -6
4679, -4
4680, -2
4681, 0
4682, 0
4683, -2
4684, -3
4685, 1
4686, 0
4687, 0
4688, -1
4689, 0
4690, 0
4691, -3
4692, 0
4693, 0
4694, 1
4695, 0
4696, 0
4697, -9
4698, -8
4699, -7
4700, -5
4701, -5
4702, 0
4703, -5
4704, 0
4705, 0
4706, -4
4707, -4
4708, -3
4709, -5
4710, -4
4711, -3
4712, -3
4713, 0
4714, 0
4715, -1
4716, -1
4717, -1
4718, 0
4719, -6
4720, -4
4721, -2
4722, -1
4723, 0
4724, 0
4725, 0
4726, 0
4727, 0
4728, 0
4729, -3
4730, -3
4731, 0
4732, 0
4733, 0
4734, -5
4735, -3
4736, -1
4737, -1
4738, -2
4739, 0
4740, 0
4741, 0
4742, -2
4743, 0
4744, 0
4745, -5
4746, 0
4747, -3
4748, 0
4749, -6
4750, 0
4751, -3
4752, 0
4753, 0
4754, 0
4755, 0
4756, 0
4757, 0
4758, -2
4759, -2
4760, -4
4761, -3
4762, -3
4763, 1
4764, 0
4765, -1
4766, -1
4767, -1
4768, 0
4769, 0
4770, 0
4771, 0
4772, 0
4773, 0
4774, 0
4775, -1
4776, -3
4777, -2
4778, 0
4779, 0
4780, -5
4781, -6
4782, -5
4783, 0
4784, -2
4785, -2
4786, -2
4787, 0
4788, 0
4789, -2
4790, -1
4791, -3
4792, -3
4793, -2
4794, -1
4795, -1
4796, 1
4797, 0
4798, 0
4799, 0
4800, -6
4801, 0
4802, -4
4803, -3
4804, 0
4805, 0
4806, 0
4807, 0
4808, 0
4809, 1
4810, 0
4811, -9
4812, -8
4813, -7
4814, -5
4815, -3
4816, 0
4817, 0
4818, 0
4819, 0
4820, -1
4821, 0
4822, 0
4823, 0
4824, -1
4825, 0
4826, 0
4827, 0
4828, 0
4829, -2
4830, -3
4831, 0
4832, 0
4833, 0
4834, 0
4835, 0
4836, 0
4837, 0
4838, 0
4839, 0
4840, 0
4841, 2
4842, 3
4843, 3
4844, 3
4845, 3
4846, 3
4847, 0
4848, -5
4849, -5
4850, -4
4851, -4
4852, 0
4853, -6
4854, 1
4855, 0
4856, 0
4857, 0
4858, 3
4859, 0
4860, 2
4861, 2
4862, 2
4863, 0
4864, 0
4865, 0
4866, 0
4867, 0
4868, 1
4869, 2
4870, 2
4871, 2
4872, 4
4873, 4
4874, 5
4875, 4
4876, 0
4877, 0
4878, 0
4879, 0
4880, 0
4881, 0
4882, 1
4883, 2
4884, 1
4885, 2
4886, 0
4887, 0
4888, -4
4889, -5
4890, 0
4891, -2
4892, 0
4893, 0
4894, 0
4895, 0
4896, 0
4897, 0
4898, 0
4899, -5
4900, 0
4901, -3
4902, 0
4903, 0
4904, 3
4905, 3
4906, 4
4907, 3
4908, 3
4909, 2
4910, 0
4911, 0
4912, -3
4913, 0
4914, -1
4915, 0
4916, 4
4917, 4
4918, 4
4919, 4
4920, 5
4921, 5
4922, 0
4923, 2
4924, 0
4925, 0
4926, 0
4927, -2
4928, -1
4929, -1
4930, -1
4931, 0
4932, 0
4933, 1
4934, 2
4935, 0
4936, 0
4937, 0
4938, 1
4939, 0
4940, 4
4941, 4
4942, 3
4943, 3
4944, 3
4945, 0
4946, 0
4947, 0
4948, 0
4949, 0
4950, 0
4951, 0
4952, 0
4953, 2
4954, 0
4955, 0
4956, 0
4957, 0
4958, 0
4959, 1
4960, 0
4961, 0
4962, 0
4963, -1
4964, 1
4965, 2
4966, 1
4967, 0
4968, 0
4969, 0
4970, 2
4971, 2
4972, 0
4973, 0
4974, 4
4975, 4
4976, 0
4977, 0
4978, -2
4979, -2
4980, 0
4981, 1
4982, 1
4983, 1
4984, 1
4985, 0
4986, 0
4987, 0
4988, -2
4989, 0
4990, 0
4991, -2
4992, -2
4993, 0
4994, 1
4995, 2
4996, 3
4997, 1
4998, 0
4999, 0
5000, 0
5001, 0
5002, 0
5003, 0
5004, 0
5005, 0
5006, 6
5007, 0
5008, 0
5009, 2
5010, 1
5011, 2
5012, 1
5013, 0
5014, 0
5015, -5
5016, -5
5017, 0
5018, -2
5019, 0
5020, 0
5021, -2
5022, 0
5023, 4
5024, 5
5025, 4
5026, 4
5027, 4
5028, 4
5029, 4
5030, 4
5031, 3
5032, 2
5033, 0
5034, 0
5035, -2
5036, 0
5037, 0
5038, 0
5039, 5
5040, 5
5041, 6
5042, 4
5043, 4
5044, 4
5045, 3
5046, 3
5047, 0
5048, 0
5049, -2
5050, -2
5051, -2
5052, 0
5053, 0
5054, 2
5055, 2
5056, 2
5057, 1
5058, 0
5059, 0
5060, 0
5061, -2
5062, -1
5063, 0
5064, 0
5065, 0
5066, 0
5067, -2
5068, -2
5069, -3
5070, -1
5071, 0
5072, 2
5073, 4
5074, 4
5075, 6
5076, 6
5077, 0
5078, 5
5079, 4
5080, 3
5081, 3
5082, 3
5083, 0
5084, 0
5085, 0
5086, 0
5087, 0
5088, 0
5089, 0
5090, 0
5091, 3
5092, 3
5093, 3
5094, 0
5095, -1
5096, -1
5097, 1
5098, 0
5099, 0
5100, 0
5101, 0
5102, 0
5103, 0
5104, -7
5105, -6
5106, -6
5107, -6
5108, -6
5109, 0
5110, 0
5111, 0
5112, 3
5113, 0
5114, 3
5115, 5
5116, 3
5117, 0
5118, 0
5119, 0
5120, 1
5121, 1
5122, 0
5123, 0
5124, -2
5125, -2
5126, 0
5127, 0
5128, 0
5129, -2
5130, -2
5131, 0
5132, 0
5133, 0
5134, 0
5135, 3
5136, 3
5137, 0
5138, 0
5139, 3
5140, 1
5141, 1
5142, 0
5143, 0
5144, 4
5145, 4
5146, 4
5147, 4
5148, 0
5149, 0
5150, 4
5151, 3
5152, 0
5153, -3
5154, -4
5155, -3
5156, -3
5157, -2
5158, 0
5159, -2
5160, 0
5161, 0
5162, 0
5163, 1
5164, 0
5165, 0
5166, 0
5167, 0
5168, 5
5169, 5
5170, 3
5171, 3
5172, 5
5173, 0
5174, 1
5175, 0
5176, -3
5177, 0
5178, -6
5179, 0
5180, 0
5181, 0
5182, 4
5183, 4
5184, 5
5185, 5
5186, 0
5187, 0
5188, 0
5189, 0
5190, 0
5191, 1
5192, 0
5193, 4
5194, 3
5195, 3
5196, 1
5197, 7
5198, 7
5199, 4
5200, 4
5201, 0
5202, 0
5203, 0
5204, 0
5205, 0
5206, 0
5207, 0
5208, 0
5209, 0
5210, 0
5211, 0
5212, 0
5213, 0
5214, 0
5215, 0
5216, 0
5217, 0
5218, 0
5219, 0
5220, 0
5221, 0
5222, 0
5223, 0
5224, 0
5225, 0
5226, 0
5227, 0
5228, 0
5229, 0
5230, 0
5231, 0
5232, 0
5233, 0
5234, 0
5235, 0
5236, 0
5237, 0
5238, 0
5239, 0
5240, 0
5241, 0
5242, 0
5243, 0
5244, 0
5245, 0
5246, 0
5247, 0
5248, 0
5249, 0
5250, 0
5251, 0
5252, 0
5253, 0
5254, 0
5255, 0
5256, 8
5257, 8
5258, 9
5259, 8
5260, 1203
5261, 4677
5262, 0
5263, 4679
5264, 4679
5265, 4679
5266, 4677
5267, 4677
5268, 4677
5269, 4677
5270, 4677
5271, 4677
5272, 4677
5273, 4677
5274, 4677
5275, 4677
5276, 0
5277, 4675
5278, 4673
5279, 4673
5280, 4673
5281, 4673
5282, 4673
5283, 4673
5284, 0
5285, 4677
5286, 4678
5287, 0
5288, 4677
5289, 0
5290, 4677
5291, 4677
5292, 4677
5293, 4677
5294, 4677
5295, 4677
5296, 4677
5297, 0
5298, 4675
5299, 4675
5300, 0
5301, 4677
5302, 4677
5303, 4677
5304, 4677
5305, 4677
5306, 4677
5307, 4677
5308, 0
5309, 4675
5310, 0
5311, 4677
5312, 4677
5313, 4677
5314, 0
5315, 4675
5316, 4675
5317, 4675
5318, 4675
5319, 4675
5320, 4675
5321, 4675
5322, 4675
5323, 4675
5324, 4675
5325, 4676
5326, 4676
5327, 4675
5328, 4675
5329, 4675
5330, 4675
5331, 4675
5332, 4675
5333, 4675
5334, 4675
5335, 0
5336, 4677
5337, 4677
5338, 4677
5339, 0
5340, 4675
5341, 0
5342, 4677
5343, 4677
5344, 4677
5345, 0
5346, 4675
5347, 4675
5348, 4675
5349, 4675
5350, 2723
5351, 2722
5352, 2722
5353, 2722
5354, 2722
5355, 2722
5356, 2722
5357, 2722
5358, 2722
5359, 2722
5360, 2722
5361, 2722
5362, 2722
5363, 2722
5364, 0
5365, 2724
5366, 0
5367, 2722
5368, 2722
5369, 2722
5370, 0
5371, 0
5372, 2722
5373, 0
5374, 2724
5375, 0
5376, 2722
5377, 2722
5378, 2722
5379, 2722
5380, 2722
5381, 2722
5382, 2722
5383, 2722
5384, 2722
5385, 2722
5386, 2722
5387, 2722
5388, 2722
5389, 2722
5390, 2722
5391, 2722
5392, 2722
5393, 2722
5394, 2722
5395, 2722
5396, 0
5397, 2724
5398, 2724
5399, 0
5400, 2722
5401, 0
5402, 2724
5403, 0
5404, 2722
5405, 2722
5406, 2722
5407, 2722
5408, 2722
5409, 2722
5410, 2722
5411, 2722
5412, 2722
5413, 2722
5414, 2722
5415, 2722
5416, 0
5417, 2720
5418, 0
5419, 2722
5420, 2722
5421, 2722
5422, 2722
5423, 2722
5424, 2722
5425, 2722
5426, 2722
5427, 2722
5428, 2722
5429, 2722
5430, 2722
5431, 2722
5432, 2722
5433, 2722
5434, 2722
5435, 2722
5436, 2722
5437, 2722
5438, 2723
5439, 2723
5440, 2722
5441, 2722
5442, 2722
5443, 2722
5444, 2722
5445, 2722
5446, 2722
5447, 2722
5448, 2722
5449, 2722
5450, 2722
5451, 2722
5452, 2722
5453, 2722
5454, 0
5455, 1245
5456, 1245
5457, 1245
5458, 1246
5459, 2722
5460, 2722
5461, 2722
5462, 2722
5463, 2722
5464, 2722
5465, 2722
5466, 2722
5467, 0
5468, 0
5469, 0
5470, 0
5471, 0
5472, 0
5473, 0
5474, 0
5475, 0
5476, 0
5477, 0
5478, 0
5479, 0
5480, 0
