0, 0
1, 0
2, 0
3, 0
4, 0
5, 0
6, 0
7, 0
8, 0
9, 0
10, 0
11, 0
12, 0
13, 0
14, 0
15, 0
16, 0
17, 0
18, 0
19, 0
20, 0
21, 0
22, 0
23, 0
24, 0
25, 0
26, 0
27, 0
28, 0
29, 0
30, 0
31, 0
32, 0
33, 0
34, 0
35, 0
36, 0
37, 0
38, 0
39, 0
40, 0
41, 0
42, 0
43, 0
44, 0
45, 0
46, 0
47, 0
48, 0
49, 0
50, 0
51, 0
52, 0
53, 0
54, 0
55, 0
56, 0
57, 0
58, 0
59, 0
60, 0
61, 0
62, 0
63, 0
64, 0
65, 0
66, 0
67, 0
68, 0
69, 0
70, 0
71, 0
72, 0
73, 0
74, 0
75, 0
76, 0
77, 0
78, 0
79, 0
80, 0
81, 0
82, 0
83, 0
84, 0
85, 0
86, 0
87, 0
88, 0
89, 0
90, 0
91, 0
92, 0
93, 0
94, 0
95, 0
96, 0
97, 0
98, 0
99, 0
100, 0
101, 0
102, 0
103, 0
104, 0
105, 0
106, 0
107, 0
108, 0
109, 0
110, 0
111, 0
112, 0
113, 0
114, 0
115, 0
116, 0
117, 0
118, 0
119, 0
120, 0
121, 0
122, 0
123, 0
124, 0
125, 0
126, 0
127, 0
128, 0
129, 0
130, 0
131, 0
132, 0
133, 0
134, 0
135, 0
136, 0
137, 0
138, 0
139, 0
140, 0
141, 0
142, 0
143, 0
144, 0
145, 0
146, 0
147, 0
148, 0
149, 0
150, 0
151, 0
152, 0
153, 0
154, 0
155, 0
156, 0
157, 0
158, 0
159, 0
160, 0
161, 0
162, 0
163, 0
164, 0
165, 0
166, 0
167, 0
168, 0
169, 0
170, 0
171, 0
172, 0
173, 0
174, 0
175, 0
176, 0
177, 0
178, 0
179, 0
180, 0
181, 0
182, 0
183, 0
184, 0
185, 0
186, 0
187, 0
188, 0
189, 0
190, 0
191, 0
192, 0
193, 0
194, 0
195, 0
196, 0
197, 0
198, 0
199, 0
200, 0
201, 0
202, 0
203, 0
204, 0
205, 0
206, 0
207, 0
208, 0
209, 0
210, 0
211, 0
212, 0
213, 0
214, 0
215, 0
216, 0
217, 0
218, 0
219, 0
220, 0
221, 0
222, 0
223, 0
224, 0
225, 0
226, 0
227, 0
228, 0
229, 0
230, 0
231, 0
232, 0
233, 0
234, 0
235, 0
236, 0
237, 0
238, 0
239, 0
240, 0
241, 0
242, 0
243, 0
244, 0
245, 0
246, 0
247, 0
248, 0
249, 0
250, 0
251, 0
252, 0
253, 0
254, 0
255, 0
256, 0
257, 0
258, 0
259, 0
260, 0
261, 0
262, 0
263, 0
264, 0
265, 0
266, 0
267, 0
268, 0
269, 0
270, 0
271, 0
272, 0
273, 0
274, 0
275, 0
276, 0
277, 0
278, 0
279, 0
280, 0
281, 0
282, 0
283, 0
284, 0
285, 0
286, 0
287, 0
288, 0
289, 0
290, 0
291, 0
292, 0
293, 0
294, 0
295, 0
296, 0
297, 0
298, 0
299, 0
300, 0
301, 0
302, 0
303, 0
304, 0
305, 0
306, 0
307, 0
308, 0
309, 0
310, 0
311, 0
312, 0
313, 0
314, 0
315, 0
316, 0
317, 0
318, 0
319, 0
320, 0
321, 0
322, 0
323, 0
324, 0
325, 0
326, 0
327, 0
328, 0
329, 0
330, 0
331, 0
332, 0
333, 0
334, 0
335, 0
336, 0
337, 0
338, 0
339, 0
340, 0
341, 0
342, 0
343, 0
344, 0
345, 0
346, 0
347, 0
348, 0
349, 0
350, 0
351, 0
352, 0
353, 0
354, 0
355, 0
356, 0
357, 0
358, 0
359, 0
360, 0
361, 0
362, 0
363, 0
364, 0
365, 0
366, 0
367, 0
368, 0
369, 0
370, 0
371, 0
372, 0
373, 0
374, 0
375, 0
376, 0
377, 0
378, 0
379, 0
380, 0
381, 0
382, 0
383, 0
384, 0
385, 0
386, 0
387, 0
388, 0
389, 0
390, 0
391, 0
392, 0
393, 0
394, 0
395, 0
396, 0
397, 0
398, 0
399, 0
400, 0
401, 0
402, 0
403, 0
404, 0
405, 0
406, 0
407, 0
408, 0
409, 0
410, 0
411, 0
412, 0
413, 0
414, 0
415, 0
416, 0
417, 0
418, 0
419, 0
420, 0
421, 0
422, 0
423, 0
424, 0
425, 0
426, 0
427, 0
428, 0
429, 0
430, 0
431, 0
432, 0
433, 0
434, 0
435, 0
436, 0
437, 0
438, 0
439, 0
440, 0
441, 0
442, 0
443, 0
444, 0
445, 0
446, 0
447, 0
448, 0
449, 0
450, 0
451, 0
452, 0
453, 0
454, 0
455, 0
456, 0
457, 0
458, 0
459, 0
460, 0
461, 0
462, 0
463, 0
464, 0
465, 0
466, 0
467, 0
468, 0
469, 0
470, 0
471, 0
472, 0
473, 0
474, 0
475, 0
476, 0
477, 0
478, 0
479, 0
480, 0
481, 0
482, 0
483, 0
484, 0
485, 0
486, 0
487, 0
488, 0
489, 0
490, 0
491, 0
492, 0
493, 0
494, 0
495, 0
496, 0
497, 0
498, 0
499, 0
500, 0
501, 0
502, 0
503, 0
504, 0
505, 0
506, 0
507, 0
508, 0
509, 0
510, 0
511, 0
512, 0
513, 0
514, 0
515, 0
516, 0
517, 0
518, 0
519, 0
520, 0
521, 0
522, 0
523, 0
524, 0
525, 0
526, 0
527, 0
528, 0
529, 0
530, 0
531, 0
532, 0
533, 0
534, 0
535, 0
536, 0
537, 0
538, 0
539, 0
540, 0
541, 0
542, 0
543, 0
544, 0
545, 0
546, 0
547, 0
548, 0
549, 0
550, 0
551, 0
552, 0
553, 0
554, 0
555, 0
556, 0
557, 0
558, 0
559, 0
560, 0
561, 0
562, 0
563, 0
564, 0
565, 0
566, 0
567, 0
568, 0
569, 0
570, 0
571, 0
572, 0
573, 0
574, 0
575, 0
576, 0
577, 0
578, 0
579, 0
580, 0
581, 0
582, 0
583, 0
584, 0
585, 0
586, 0
587, 0
588, 0
589, 0
590, 0
591, 0
592, 0
593, 0
594, 0
595, 0
596, 0
597, 0
598, 0
599, 0
600, 0
601, 0
602, 0
603, 0
604, 0
605, 0
606, 0
607, 0
608, 0
609, 0
610, 0
611, 0
612, 0
613, 0
614, 0
615, 0
616, 0
617, 0
618, 0
619, 0
620, 0
621, 0
622, 0
623, 0
624, 0
625, 0
626, 0
627, 0
628, 0
629, 0
630, 0
631, 0
632, 0
633, 0
634, 0
635, 0
636, 0
637, 0
638, 0
639, 0
640, 0
641, 0
642, 0
643, 0
644, 0
645, 0
646, 0
647, 0
648, 0
649, 0
650, 0
651, 0
652, 0
653, 0
654, 0
655, 0
656, 0
657, 0
658, 0
659, 0
660, 0
661, 0
662, 0
663, 0
664, 0
665, 0
666, 0
667, 0
668, 0
669, 0
670, 0
671, 0
672, 0
673, 0
674, 0
675, 0
676, 0
677, 0
678, 0
679, 0
680, 0
681, 0
682, 0
683, 0
684, 0
685, 0
686, 0
687, 0
688, 0
689, 0
690, 0
691, 0
692, 0
693, 0
694, 0
695, 0
696, 0
697, 0
698, 0
699, 0
700, 0
701, 0
702, 0
703, 0
704, 0
705, 0
706, 0
707, 0
708, 0
709, 0
710, 0
711, 0
712, 0
713, 0
714, 0
715, 0
716, 0
717, 0
718, 0
719, 0
720, 0
721, 0
722, 0
723, 0
724, 0
725, 0
726, 0
727, 0
728, 0
729, 0
730, 0
731, 0
732, 0
733, 0
734, 0
735, 0
736, 0
737, 0
738, 0
739, 0
740, 0
741, 0
742, 0
743, 0
744, 0
745, 0
746, 0
747, 0
748, 0
749, 0
750, 0
751, 0
752, 0
753, 0
754, 0
755, 0
756, 0
757, 0
758, 0
759, 0
760, 0
761, 0
762, 0
763, 0
764, 0
765, 0
766, 0
767, 0
768, 0
769, 0
770, 0
771, 0
772, 0
773, 0
774, 0
775, 0
776, 0
777, 0
778, 0
779, 0
780, 0
781, 0
782, 0
783, 0
784, 0
785, 0
786, 0
787, 0
788, 0
789, 0
790, 0
791, 0
792, 0
793, 0
794, 0
795, 0
796, 0
797, 0
798, 0
799, 0
800, 0
801, 0
802, 0
803, 0
804, 0
805, 0
806, 0
807, 0
808, 0
809, 0
810, 0
811, 0
812, 0
813, 0
814, 0
815, 0
816, 0
817, 0
818, 0
819, 0
820, 0
821, 0
822, 0
823, 0
824, 0
825, 0
826, 0
827, 0
828, 0
829, 0
830, 0
831, 0
832, 0
833, 0
834, 0
835, 0
836, 0
837, 0
838, 0
839, 0
840, 0
841, 0
842, 0
843, 0
844, 0
845, 0
846, 0
847, 0
848, 0
849, 0
850, 0
851, 0
852, 0
853, 0
854, 0
855, 0
856, 0
857, 0
858, 0
859, 0
860, 0
861, 0
862, 0
863, 0
864, 0
865, 0
866, 0
867, 0
868, 0
869, 0
870, 0
871, 0
872, 0
873, 0
874, 0
875, 0
876, 0
877, 0
878, 0
879, 0
880, 0
881, 0
882, 0
883, 0
884, 0
885, 0
886, 0
887, 0
888, 0
889, 0
890, 0
891, 0
892, 0
893, 0
894, 0
895, 0
896, 0
897, 0
898, 0
899, 0
900, 0
901, 0
902, 0
903, 0
904, 0
905, 0
906, 0
907, 0
908, 0
909, 0
910, 0
911, 0
912, 0
913, 0
914, 0
915, 0
916, 0
917, 0
918, 0
919, 0
920, 0
921, 0
922, 0
923, 0
924, 0
925, 0
926, 0
927, 0
928, 0
929, 0
930, 0
931, 0
932, 0
933, 0
934, 0
935, 0
936, 0
937, 0
938, 0
939, 0
940, 0
941, 0
942, 0
943, 0
944, 0
945, 0
946, 0
947, 0
948, 0
949, 0
950, 0
951, 0
952, 0
953, 0
954, 0
955, 0
956, 0
957, 0
958, 0
959, 0
960, 0
961, 0
962, 0
963, 0
964, 0
965, 0
966, 0
967, 0
968, 0
969, 0
970, 0
971, 0
972, 0
973, -19
974, -22
975, -22
976, 0
977, 0
978, 0
979, 0
980, 0
981, 0
982, 0
983, 0
984, 0
985, 0
986, 0
987, 0
988, 0
989, 0
990, -26
991, 0
992, 0
993, 0
994, 0
995, 0
996, 0
997, 0
998, 0
999, 0
1000, 0
1001, -21
1002, 0
1003, 0
1004, 0
1005, 0
1006, 0
1007, 0
1008, 0
1009, 0
1010, 0
1011, 0
1012, 0
1013, 0
1014, 0
1015, 0
1016, 0
1017, 0
1018, 0
1019, 0
1020, 0
1021, 0
1022, 0
1023, 0
1024, 0
1025, 0
1026, 0
1027, 0
1028, 0
1029, 0
1030, 0
1031, 0
1032, 0
1033, 0
1034, 0
1035, 0
1036, 0
1037, 0
1038, 0
1039, 0
1040, 0
1041, 0
1042, 0
1043, 0
1044, 0
1045, 0
1046, -17
1047, 0
1048, 0
1049, -20
1050, -34
1051, 0
1052, 0
1053, 0
1054, -25
1055, 0
1056, -34
1057, 0
1058, -37
1059, 0
1060, -34
1061, -32
1062, -32
1063, 0
1064, 0
1065, 0
1066, 0
1067, 0
1068, 0
1069, 0
1070, 0
1071, 0
1072, 0
1073, 0
1074, 0
1075, 0
1076, 0
1077, 0
1078, 0
1079, 0
1080, 0
1081, 0
1082, 0
1083, 0
1084, 0
1085, 0
1086, 0
1087, 0
1088, 0
1089, 0
1090, -36
1091, 0
1092, 0
1093, 0
1094, 0
1095, 0
1096, 0
1097, 0
1098, 0
1099, 0
1100, 0
1101, 0
1102, 0
1103, 0
1104, 0
1105, 0
1106, 0
1107, 0
1108, 0
1109, 0
1110, 0
1111, 0
1112, 0
1113, 0
1114, 0
1115, 0
1116, 0
1117, -36
1118, 0
1119, 0
1120, 0
1121, 0
1122, 0
1123, 0
1124, 0
1125, 0
1126, 0
1127, 0
1128, 0
1129, 0
1130, 0
1131, 0
1132, 0
1133, 0
1134, 0
1135, 0
1136, 0
1137, 0
1138, 0
1139, 0
1140, 0
1141, 0
1142, 0
1143, 0
1144, 0
1145, -14
1146, -15
1147, -15
1148, 0
1149, -18
1150, -21
1151, 0
1152, -38
1153, 0
1154, 0
1155, 0
1156, 0
1157, -47
1158, 0
1159, 0
1160, 0
1161, 0
1162, 0
1163, -44
1164, 0
1165, 0
1166, 0
1167, 0
1168, 0
1169, 0
1170, -23
1171, -27
1172, 0
1173, 0
1174, 0
1175, -43
1176, 0
1177, -46
1178, -50
1179, 0
1180, -47
1181, -47
1182, -48
1183, 0
1184, 0
1185, 0
1186, 0
1187, -23
1188, -47
1189, 0
1190, 0
1191, 0
1192, 0
1193, 0
1194, 0
1195, 0
1196, 0
1197, 0
1198, 0
1199, -48
1200, -51
1201, 0
1202, 0
1203, 0
1204, 0
1205, 0
1206, -44
1207, 0
1208, 0
1209, -44
1210, 0
1211, 0
1212, -45
1213, -46
1214, 0
1215, -45
1216, 0
1217, 0
1218, 0
1219, 0
1220, 0
1221, 0
1222, -49
1223, 0
1224, 0
1225, 0
1226, -44
1227, 0
1228, 0
1229, -32
1230, 0
1231, -31
1232, 0
1233, 0
1234, 0
1235, 0
1236, -29
1237, 0
1238, 0
1239, 0
1240, 0
1241, -29
1242, 0
1243, 0
1244, 0
1245, 0
1246, 0
1247, -40
1248, -42
1249, 0
1250, 0
1251, 0
1252, 0
1253, -26
1254, -45
1255, -45
1256, 0
1257, 0
1258, 0
1259, 0
1260, -41
1261, 0
1262, 0
1263, -45
1264, 0
1265, 0
1266, -49
1267, 0
1268, 0
1269, 0
1270, 0
1271, -44
1272, 0
1273, -40
1274, -40
1275, 0
1276, -45
1277, -48
1278, 0
1279, 0
1280, 0
1281, 0
1282, -48
1283, -50
1284, -50
1285, -52
1286, 0
1287, -49
1288, 0
1289, 0
1290, 0
1291, 0
1292, -42
1293, -43
1294, 0
1295, -50
1296, 0
1297, 0
1298, 0
1299, -48
1300, 0
1301, -48
1302, -49
1303, -49
1304, -48
1305, 0
1306, -46
1307, -49
1308, -48
1309, 0
1310, 0
1311, -51
1312, 0
1313, 0
1314, -46
1315, 0
1316, 0
1317, 0
1318, -38
1319, -46
1320, -45
1321, 0
1322, 0
1323, 0
1324, -42
1325, -44
1326, 0
1327, 0
1328, 0
1329, 0
1330, -46
1331, -49
1332, -50
1333, 0
1334, 0
1335, 0
1336, 0
1337, -43
1338, 0
1339, -51
1340, 0
1341, 0
1342, -45
1343, -44
1344, -52
1345, 0
1346, 0
1347, 0
1348, -42
1349, 0
1350, 0
1351, 0
1352, 0
1353, -41
1354, -39
1355, -39
1356, -45
1357, 0
1358, -49
1359, 0
1360, -50
1361, -48
1362, -48
1363, 0
1364, 0
1365, 0
1366, -40
1367, 0
1368, -49
1369, 0
1370, 0
1371, 0
1372, 0
1373, 0
1374, 0
1375, 0
1376, 0
1377, 0
1378, 0
1379, -38
1380, -39
1381, -46
1382, 0
1383, 0
1384, 0
1385, 0
1386, 0
1387, -49
1388, 0
1389, 0
1390, -30
1391, -42
1392, 0
1393, 0
1394, -43
1395, -42
1396, 0
1397, 0
1398, 0
1399, 0
1400, 0
1401, 0
1402, -41
1403, 0
1404, -50
1405, 0
1406, -47
1407, 0
1408, -46
1409, -45
1410, -50
1411, 0
1412, 0
1413, 0
1414, -46
1415, 0
1416, 0
1417, -49
1418, 0
1419, 0
1420, -36
1421, -40
1422, 0
1423, 0
1424, 0
1425, -45
1426, -48
1427, -47
1428, -46
1429, 0
1430, -47
1431, 0
1432, -48
1433, 0
1434, -45
1435, -48
1436, 0
1437, 0
1438, -42
1439, 0
1440, 0
1441, 0
1442, -47
1443, -51
1444, 0
1445, -49
1446, -49
1447, 0
1448, 0
1449, 0
1450, 0
1451, -37
1452, -48
1453, 0
1454, -51
1455, -51
1456, -51
1457, -48
1458, -48
1459, -48
1460, 0
1461, 0
1462, 0
1463, -48
1464, -48
1465, 0
1466, 0
1467, 0
1468, 0
1469, -39
1470, -43
1471, 0
1472, -48
1473, -49
1474, -50
1475, -50
1476, 0
1477, 0
1478, 0
1479, -49
1480, -49
1481, 0
1482, -49
1483, 0
1484, 0
1485, 0
1486, 0
1487, -48
1488, -48
1489, -49
1490, 0
1491, -48
1492, 0
1493, 0
1494, 0
1495, 0
1496, 0
1497, 0
1498, -46
1499, 0
1500, -46
1501, 0
1502, 0
1503, -46
1504, 0
1505, -44
1506, 0
1507, -50
1508, 0
1509, 0
1510, -49
1511, -49
1512, 0
1513, -48
1514, -46
1515, -45
1516, 0
1517, 0
1518, -42
1519, -48
1520, -47
1521, -48
1522, -48
1523, -49
1524, -48
1525, -48
1526, 0
1527, 0
1528, -47
1529, -48
1530, -49
1531, 0
1532, 0
1533, 0
1534, -43
1535, -47
1536, -50
1537, -50
1538, 0
1539, 0
1540, -48
1541, -49
1542, -51
1543, 0
1544, 0
1545, 0
1546, 0
1547, -45
1548, -49
1549, 0
1550, 0
1551, 0
1552, 0
1553, -50
1554, -50
1555, -54
1556, 0
1557, 0
1558, 0
1559, 0
1560, 0
1561, 0
1562, 0
1563, 0
1564, -39
1565, -40
1566, 0
1567, -42
1568, -42
1569, -44
1570, 0
1571, -49
1572, -50
1573, 0
1574, 0
1575, -44
1576, 0
1577, -41
1578, -39
1579, 0
1580, -38
1581, -38
1582, 0
1583, -47
1584, -49
1585, -49
1586, 0
1587, -49
1588, -49
1589, -49
1590, -50
1591, 0
1592, 0
1593, -48
1594, 0
1595, -47
1596, -51
1597, 0
1598, 0
1599, -46
1600, -49
1601, 0
1602, -50
1603, -52
1604, 0
1605, -51
1606, -50
1607, -51
1608, -51
1609, -51
1610, -51
1611, -51
1612, 0
1613, -46
1614, -48
1615, 0
1616, -45
1617, 0
1618, 0
1619, -47
1620, -49
1621, -51
1622, 0
1623, 0
1624, 0
1625, 0
1626, -37
1627, 0
1628, -48
1629, -46
1630, -49
1631, -50
1632, 0
1633, -50
1634, 0
1635, 0
1636, -50
1637, -48
1638, -50
1639, -50
1640, -51
1641, -50
1642, 0
1643, -49
1644, -49
1645, 0
1646, -51
1647, 0
1648, -47
1649, -49
1650, -52
1651, 0
1652, -52
1653, -51
1654, -49
1655, -49
1656, 0
1657, 0
1658, 0
1659, -51
1660, 0
1661, -50
1662, 0
1663, 0
1664, -50
1665, -48
1666, 0
1667, 0
1668, -49
1669, -49
1670, -48
1671, -47
1672, -45
1673, -46
1674, -50
1675, 0
1676, -46
1677, -49
1678, 0
1679, 0
1680, 0
1681, 0
1682, 0
1683, 0
1684, 0
1685, -22
1686, 0
1687, 0
1688, 0
1689, -50
1690, -52
1691, -53
1692, 0
1693, -52
1694, -51
1695, 0
1696, 0
1697, -49
1698, -49
1699, -51
1700, 0
1701, -50
1702, -49
1703, -50
1704, -52
1705, -52
1706, 0
1707, -51
1708, -49
1709, -49
1710, -52
1711, -52
1712, 0
1713, 0
1714, 0
1715, 0
1716, 0
1717, 0
1718, 0
1719, 0
1720, 0
1721, 0
1722, 0
1723, 0
1724, -47
1725, -49
1726, -47
1727, 0
1728, -50
1729, -50
1730, -50
1731, -48
1732, 0
1733, -45
1734, -47
1735, -49
1736, -49
1737, 0
1738, -49
1739, -48
1740, -49
1741, -49
1742, -51
1743, 0
1744, 0
1745, 0
1746, -46
1747, 0
1748, -51
1749, 0
1750, 0
1751, 0
1752, -44
1753, -48
1754, 0
1755, 0
1756, -47
1757, 0
1758, -51
1759, -50
1760, -49
1761, -49
1762, -48
1763, 0
1764, -49
1765, 0
1766, -49
1767, -51
1768, -50
1769, -50
1770, -50
1771, 0
1772, 0
1773, -48
1774, 0
1775, -46
1776, -48
1777, -50
1778, -49
1779, 0
1780, -48
1781, -47
1782, -50
1783, -51
1784, -50
1785, -51
1786, -51
1787, 0
1788, -49
1789, -49
1790, -48
1791, -50
1792, -51
1793, -50
1794, -50
1795, -52
1796, -52
1797, 0
1798, -47
1799, -47
1800, -48
1801, -49
1802, -48
1803, -49
1804, 0
1805, -47
1806, -49
1807, -49
1808, 0
1809, 0
1810, -43
1811, -47
1812, -51
1813, 0
1814, 0
1815, -48
1816, -48
1817, -49
1818, -49
1819, -51
1820, 0
1821, -50
1822, 0
1823, -48
1824, -50
1825, -51
1826, -50
1827, -51
1828, -50
1829, -52
1830, 0
1831, -52
1832, 0
1833, -49
1834, 0
1835, 0
1836, -46
1837, -48
1838, -49
1839, -51
1840, -49
1841, -49
1842, -52
1843, -52
1844, -51
1845, 0
1846, -52
1847, -44
1848, -44
1849, -42
1850, 0
1851, -49
1852, -50
1853, -49
1854, -51
1855, 0
1856, 0
1857, -51
1858, -49
1859, -52
1860, -53
1861, -53
1862, 0
1863, -50
1864, -50
1865, 0
1866, 0
1867, 0
1868, 0
1869, 0
1870, 0
1871, -35
1872, -39
1873, -53
1874, -52
1875, -51
1876, -51
1877, -53
1878, -51
1879, -50
1880, -49
1881, -49
1882, 0
1883, -46
1884, -52
1885, -52
1886, -52
1887, -52
1888, -52
1889, 0
1890, -53
1891, -52
1892, 0
1893, -52
1894, 0
1895, -49
1896, -53
1897, 0
1898, -48
1899, -49
1900, -49
1901, -49
1902, -50
1903, -52
1904, -51
1905, 0
1906, 0
1907, 0
1908, 0
1909, 0
1910, 0
1911, 0
1912, 0
1913, -40
1914, 0
1915, -48
1916, 0
1917, -49
1918, -49
1919, -50
1920, -50
1921, -49
1922, -49
1923, -49
1924, -49
1925, 0
1926, -51
1927, -52
1928, -51
1929, -53
1930, 0
1931, -51
1932, 0
1933, -52
1934, -52
1935, -52
1936, 0
1937, -49
1938, 0
1939, 0
1940, -50
1941, 0
1942, 0
1943, 0
1944, -48
1945, -50
1946, -51
1947, 0
1948, -44
1949, -43
1950, -44
1951, -48
1952, 0
1953, -49
1954, -49
1955, -49
1956, -49
1957, -50
1958, -48
1959, -50
1960, -50
1961, -50
1962, 0
1963, -50
1964, -50
1965, 0
1966, 0
1967, 0
1968, 0
1969, -50
1970, 0
1971, 0
1972, -46
1973, 0
1974, 0
1975, -51
1976, -53
1977, -53
1978, -52
1979, -51
1980, 0
1981, -51
1982, -51
1983, 0
1984, -48
1985, -50
1986, -50
1987, -51
1988, -50
1989, 0
1990, 0
1991, 0
1992, 0
1993, -54
1994, 0
1995, -53
1996, 0
1997, 0
1998, -50
1999, -50
2000, -52
2001, -50
2002, -50
2003, -50
2004, -51
2005, -51
2006, 0
2007, 0
2008, -49
2009, -49
2010, -48
2011, -48
2012, -50
2013, -49
2014, 0
2015, -49
2016, -50
2017, -51
2018, 0
2019, -49
2020, -50
2021, -51
2022, -51
2023, -51
2024, 0
2025, -49
2026, -48
2027, -51
2028, 0
2029, 0
2030, -50
2031, 0
2032, -47
2033, -50
2034, -52
2035, -52
2036, -52
2037, 0
2038, -49
2039, -50
2040, -50
2041, -49
2042, -49
2043, -49
2044, -48
2045, -51
2046, 0
2047, -50
2048, 0
2049, -48
2050, 0
2051, -48
2052, -48
2053, -51
2054, -49
2055, -51
2056, 0
2057, -48
2058, -48
2059, -50
2060, -51
2061, 0
2062, -50
2063, -51
2064, -51
2065, -53
2066, -51
2067, -50
2068, -51
2069, -51
2070, -52
2071, 0
2072, -50
2073, -51
2074, 0
2075, -50
2076, 0
2077, -54
2078, 0
2079, -52
2080, -52
2081, -51
2082, -51
2083, -50
2084, 0
2085, -50
2086, -50
2087, -49
2088, 0
2089, 0
2090, 0
2091, 0
2092, 0
2093, -50
2094, -50
2095, -50
2096, 0
2097, 0
2098, 0
2099, -41
2100, 0
2101, -45
2102, -46
2103, -52
2104, -49
2105, -48
2106, -51
2107, -53
2108, -53
2109, -53
2110, -49
2111, -49
2112, -52
2113, 0
2114, -49
2115, -52
2116, -51
2117, 0
2118, -50
2119, 0
2120, -47
2121, -44
2122, -44
2123, -42
2124, -43
2125, 0
2126, 0
2127, 0
2128, 0
2129, 0
2130, 0
2131, 0
2132, 0
2133, 0
2134, 0
2135, 0
2136, 0
2137, 0
2138, 0
2139, 0
2140, 0
2141, 0
2142, 0
2143, 0
2144, -37
2145, -38
2146, -39
2147, -37
2148, -51
2149, -52
2150, -52
2151, 0
2152, -50
2153, -53
2154, -54
2155, -54
2156, -54
2157, -54
2158, -52
2159, 0
2160, -49
2161, -50
2162, -49
2163, -50
2164, -49
2165, -48
2166, -47
2167, -48
2168, -49
2169, -51
2170, 0
2171, -51
2172, -52
2173, -51
2174, -51
2175, 0
2176, -49
2177, -48
2178, -50
2179, -50
2180, -50
2181, -49
2182, -48
2183, 0
2184, -49
2185, -50
2186, 0
2187, -46
2188, -47
2189, -47
2190, -50
2191, -51
2192, -51
2193, -52
2194, -52
2195, 0
2196, -45
2197, 0
2198, 0
2199, 0
2200, -50
2201, -50
2202, 0
2203, 0
2204, -48
2205, -51
2206, 0
2207, -53
2208, -54
2209, -53
2210, -51
2211, 0
2212, -50
2213, -49
2214, -48
2215, 0
2216, -49
2217, 0
2218, -51
2219, -51
2220, -52
2221, 0
2222, 0
2223, -52
2224, -51
2225, -51
2226, -51
2227, -51
2228, -50
2229, -49
2230, -49
2231, -48
2232, 0
2233, 0
2234, -50
2235, 0
2236, -48
2237, -46
2238, 0
2239, -47
2240, -49
2241, 0
2242, 0
2243, 0
2244, -46
2245, -51
2246, -51
2247, -51
2248, 0
2249, -49
2250, -51
2251, -52
2252, -52
2253, -51
2254, -51
2255, -47
2256, -46
2257, 0
2258, -50
2259, 0
2260, 0
2261, -48
2262, -49
2263, 0
2264, -49
2265, 0
2266, 0
2267, -47
2268, -48
2269, -51
2270, 0
2271, -50
2272, -48
2273, 0
2274, 0
2275, 0
2276, 0
2277, 0
2278, 0
2279, 0
2280, 0
2281, 0
2282, 0
2283, 0
2284, 0
2285, 0
2286, 0
2287, 0
2288, 0
2289, 0
2290, 0
2291, 0
2292, 0
2293, 0
2294, 0
2295, 0
2296, -49
2297, -49
2298, -50
2299, -51
2300, -49
2301, -50
2302, -49
2303, -51
2304, -51
2305, -50
2306, -50
2307, -52
2308, -51
2309, -50
2310, -52
2311, -52
2312, -51
2313, 0
2314, -50
2315, -49
2316, -49
2317, -49
2318, -50
2319, -50
2320, -49
2321, -49
2322, -49
2323, -50
2324, 0
2325, 0
2326, 0
2327, 0
2328, -46
2329, -47
2330, 0
2331, -49
2332, -48
2333, 0
2334, -48
2335, -49
2336, -51
2337, -51
2338, -51
2339, -51
2340, -50
2341, -49
2342, -49
2343, -50
2344, -50
2345, -50
2346, -49
2347, -49
2348, -49
2349, -51
2350, -51
2351, -54
2352, -53
2353, -53
2354, -51
2355, 0
2356, 0
2357, 0
2358, 0
2359, 0
2360, -46
2361, -46
2362, -46
2363, -50
2364, -53
2365, -51
2366, 0
2367, -50
2368, -50
2369, -50
2370, -49
2371, -50
2372, -49
2373, -49
2374, -49
2375, -49
2376, -49
2377, -50
2378, -50
2379, -49
2380, -49
2381, -49
2382, -50
2383, -52
2384, -51
2385, -52
2386, -52
2387, -51
2388, 0
2389, -49
2390, -51
2391, -51
2392, 0
2393, 0
2394, -50
2395, -50
2396, -52
2397, -50
2398, -50
2399, -50
2400, -52
2401, -51
2402, -51
2403, -53
2404, -52
2405, -51
2406, -51
2407, 0
2408, -49
2409, -49
2410, -48
2411, 0
2412, -46
2413, 0
2414, -43
2415, 0
2416, 0
2417, -44
2418, -49
2419, 0
2420, -51
2421, -52
2422, -52
2423, 0
2424, -50
2425, -51
2426, -52
2427, -52
2428, -52
2429, -52
2430, -51
2431, -51
2432, -51
2433, -51
2434, -51
2435, 0
2436, -51
2437, -49
2438, -49
2439, -51
2440, -50
2441, -51
2442, -51
2443, -49
2444, -49
2445, -50
2446, 0
2447, -52
2448, -51
2449, -51
2450, -52
2451, -51
2452, -52
2453, -50
2454, -51
2455, -54
2456, -54
2457, -52
2458, -52
2459, 0
2460, -52
2461, -52
2462, -51
2463, -51
2464, -50
2465, 0
2466, 0
2467, -50
2468, -50
2469, -48
2470, -49
2471, -49
2472, 0
2473, -52
2474, -53
2475, -53
2476, -50
2477, -50
2478, -50
2479, -51
2480, 0
2481, -50
2482, -50
2483, -49
2484, -52
2485, -52
2486, -50
2487, -50
2488, -51
2489, -50
2490, -53
2491, -51
2492, -51
2493, 0
2494, -50
2495, -51
2496, 0
2497, -53
2498, 0
2499, -51
2500, -49
2501, 0
2502, -50
2503, -51
2504, -51
2505, -52
2506, -51
2507, -52
2508, -50
2509, 0
2510, -49
2511, -51
2512, 0
2513, -49
2514, 0
2515, 0
2516, -49
2517, -49
2518, -49
2519, 0
2520, 0
2521, -51
2522, -51
2523, -51
2524, -51
2525, -52
2526, -52
2527, 0
2528, -50
2529, -51
2530, -51
2531, -52
2532, -52
2533, -51
2534, -50
2535, -50
2536, -50
2537, -50
2538, -52
2539, -52
2540, -52
2541, -52
2542, -52
2543, -53
2544, -51
2545, -50
2546, -50
2547, -52
2548, -50
2549, -50
2550, -51
2551, -53
2552, -52
2553, -53
2554, 0
2555, -51
2556, -49
2557, 0
2558, -52
2559, -51
2560, 0
2561, 0
2562, -49
2563, 0
2564, 0
2565, 0
2566, -52
2567, -52
2568, -53
2569, -53
2570, -54
2571, -54
2572, -52
2573, -50
2574, 0
2575, -51
2576, -50
2577, -51
2578, -51
2579, -51
2580, -51
2581, -52
2582, -52
2583, -52
2584, -52
2585, -51
2586, -51
2587, -52
2588, -51
2589, -50
2590, 0
2591, -48
2592, -49
2593, 0
2594, -47
2595, -49
2596, -49
2597, 0
2598, 0
2599, -52
2600, 0
2601, -54
2602, 0
2603, -50
2604, -50
2605, -50
2606, -51
2607, -51
2608, 0
2609, -52
2610, -52
2611, 0
2612, -49
2613, 0
2614, -52
2615, -51
2616, -51
2617, -52
2618, 0
2619, 0
2620, -49
2621, -49
2622, 0
2623, -52
2624, -53
2625, 0
2626, -51
2627, -51
2628, 0
2629, -54
2630, -53
2631, 0
2632, -52
2633, -52
2634, -50
2635, -50
2636, -50
2637, -50
2638, -50
2639, -50
2640, -50
2641, -51
2642, -50
2643, -50
2644, -51
2645, -51
2646, -50
2647, -53
2648, -53
2649, -52
2650, -50
2651, 0
2652, -50
2653, -51
2654, -51
2655, -51
2656, -49
2657, -49
2658, -50
2659, -49
2660, 0
2661, -51
2662, 0
2663, -49
2664, -50
2665, -50
2666, -50
2667, -52
2668, -52
2669, -52
2670, -52
2671, -52
2672, -52
2673, -51
2674, -52
2675, -50
2676, -51
2677, -50
2678, -50
2679, -50
2680, -50
2681, -52
2682, -50
2683, 0
2684, 0
2685, -49
2686, -49
2687, -50
2688, -52
2689, -54
2690, -53
2691, -52
2692, -49
2693, -51
2694, -51
2695, -53
2696, -53
2697, -51
2698, -50
2699, -49
2700, -50
2701, -51
2702, -51
2703, -50
2704, -50
2705, -49
2706, -50
2707, 0
2708, -52
2709, -51
2710, -51
2711, -49
2712, -49
2713, -49
2714, -49
2715, -53
2716, -53
2717, -53
2718, -53
2719, -51
2720, -51
2721, -51
2722, -50
2723, -51
2724, -50
2725, -50
2726, -50
2727, -51
2728, -51
2729, -51
2730, -53
2731, -52
2732, -51
2733, -51
2734, -51
2735, -52
2736, -53
2737, -50
2738, -50
2739, -51
2740, -50
2741, -51
2742, -51
2743, -51
2744, -51
2745, -48
2746, -49
2747, -49
2748, -51
2749, 0
2750, -51
2751, -51
2752, -51
2753, -52
2754, -53
2755, -52
2756, -52
2757, -52
2758, -52
2759, -50
2760, -48
2761, -49
2762, -50
2763, -50
2764, 0
2765, -52
2766, -50
2767, 0
2768, -52
2769, -53
2770, -53
2771, -51
2772, -51
2773, -50
2774, -51
2775, -54
2776, -54
2777, -52
2778, -52
2779, -52
2780, -52
2781, -52
2782, -52
2783, -51
2784, -51
2785, -52
2786, -52
2787, -53
2788, -51
2789, -52
2790, -51
2791, -48
2792, -48
2793, -48
2794, -48
2795, -48
2796, -47
2797, -47
2798, -48
2799, -50
2800, -51
2801, -50
2802, -50
2803, -51
2804, -50
2805, -50
2806, 0
2807, -52
2808, -53
2809, -54
2810, -53
2811, -53
2812, -53
2813, -52
2814, -52
2815, -52
2816, -51
2817, 0
2818, -51
2819, -51
2820, 0
2821, -51
2822, -50
2823, -52
2824, -52
2825, -51
2826, -50
2827, -49
2828, -49
2829, 0
2830, -51
2831, -51
2832, -53
2833, -51
2834, -52
2835, -53
2836, 0
2837, -48
2838, 0
2839, -50
2840, -49
2841, 0
2842, -53
2843, -52
2844, -51
2845, 0
2846, -51
2847, -52
2848, -52
2849, -51
2850, 0
2851, -50
2852, -51
2853, -53
2854, -53
2855, -53
2856, -52
2857, -52
2858, -52
2859, -51
2860, -51
2861, -52
2862, -51
2863, -52
2864, -53
2865, -52
2866, -52
2867, -50
2868, 0
2869, -53
2870, -52
2871, -50
2872, 0
2873, -52
2874, -51
2875, -51
2876, -51
2877, -52
2878, -52
2879, 0
2880, -50
2881, -50
2882, -52
2883, 0
2884, -52
2885, -50
2886, -50
2887, 0
2888, -53
2889, -52
2890, 0
2891, -49
2892, -51
2893, -52
2894, -52
2895, -52
2896, -52
2897, -51
2898, -52
2899, -51
2900, -51
2901, -50
2902, -49
2903, -50
2904, 0
2905, -53
2906, -51
2907, -52
2908, 0
2909, -49
2910, 0
2911, -52
2912, -52
2913, -52
2914, -50
2915, -49
2916, 0
2917, -51
2918, -52
2919, -53
2920, -51
2921, -52
2922, -50
2923, -50
2924, -48
2925, -51
2926, -49
2927, -50
2928, -49
2929, -51
2930, 0
2931, -51
2932, -50
2933, -48
2934, -50
2935, -50
2936, -50
2937, -51
2938, -50
2939, -51
2940, -52
2941, -52
2942, -51
2943, -50
2944, -50
2945, -50
2946, -52
2947, -52
2948, -51
2949, -52
2950, -50
2951, 0
2952, -50
2953, 0
2954, 0
2955, -49
2956, -48
2957, -44
2958, -44
2959, 0
2960, -50
2961, -50
2962, -50
2963, 0
2964, -50
2965, 0
2966, -53
2967, -52
2968, -50
2969, -50
2970, -50
2971, -49
2972, -49
2973, -49
2974, -47
2975, -48
2976, -51
2977, -51
2978, -51
2979, -51
2980, -51
2981, -48
2982, -48
2983, 0
2984, 0
2985, -51
2986, -52
2987, -50
2988, -49
2989, -49
2990, 0
2991, 0
2992, -50
2993, 0
2994, -52
2995, -52
2996, -52
2997, -50
2998, -51
2999, -51
3000, -51
3001, 0
3002, -52
3003, -51
3004, -51
3005, 0
3006, -49
3007, 0
3008, -51
3009, -45
3010, -43
3011, 0
3012, 0
3013, 0
3014, 0
3015, -51
3016, -49
3017, -49
3018, 0
3019, -49
3020, -49
3021, -49
3022, -49
3023, 0
3024, -49
3025, -49
3026, -50
3027, -52
3028, -52
3029, -49
3030, -50
3031, 0
3032, -50
3033, 0
3034, -51
3035, -51
3036, 0
3037, -53
3038, -53
3039, -53
3040, 0
3041, -51
3042, -52
3043, -52
3044, 0
3045, -48
3046, -48
3047, 0
3048, -52
3049, -51
3050, -51
3051, -52
3052, -52
3053, -51
3054, -50
3055, 0
3056, -52
3057, -53
3058, -51
3059, -50
3060, -53
3061, -51
3062, -51
3063, 0
3064, 0
3065, -51
3066, 0
3067, -51
3068, -52
3069, -51
3070, -50
3071, -50
3072, -51
3073, -52
3074, 0
3075, -51
3076, -51
3077, -50
3078, -48
3079, 0
3080, -50
3081, 0
3082, -50
3083, -48
3084, -48
3085, -49
3086, -50
3087, -50
3088, 0
3089, -51
3090, -50
3091, -50
3092, -50
3093, -52
3094, -51
3095, -48
3096, 0
3097, -48
3098, 0
3099, -50
3100, -50
3101, 0
3102, -51
3103, 0
3104, 0
3105, 0
3106, -44
3107, -45
3108, 0
3109, -49
3110, 0
3111, -51
3112, -49
3113, -49
3114, -49
3115, -50
3116, -53
3117, -52
3118, -51
3119, -50
3120, 0
3121, -52
3122, -52
3123, -50
3124, -50
3125, -50
3126, -50
3127, -53
3128, -51
3129, -52
3130, -53
3131, -50
3132, -50
3133, -47
3134, 0
3135, -48
3136, -48
3137, -48
3138, -48
3139, 0
3140, -50
3141, 0
3142, 0
3143, -47
3144, -47
3145, -46
3146, 0
3147, 0
3148, -41
3149, -42
3150, -42
3151, -42
3152, -44
3153, 0
3154, -40
3155, 0
3156, -46
3157, 0
3158, 0
3159, -50
3160, -48
3161, -44
3162, 0
3163, -49
3164, -51
3165, -50
3166, -50
3167, -49
3168, -51
3169, -51
3170, -52
3171, -51
3172, -51
3173, -50
3174, -51
3175, -49
3176, 0
3177, -48
3178, 0
3179, -45
3180, 0
3181, 0
3182, 0
3183, -50
3184, -49
3185, -49
3186, -51
3187, -49
3188, -49
3189, -52
3190, -49
3191, 0
3192, -50
3193, -46
3194, 0
3195, 0
3196, -48
3197, -49
3198, -51
3199, -51
3200, -52
3201, 0
3202, -47
3203, 0
3204, -50
3205, -51
3206, 0
3207, -52
3208, -53
3209, -52
3210, -49
3211, -49
3212, 0
3213, -49
3214, -50
3215, -49
3216, -50
3217, 0
3218, -49
3219, -50
3220, -48
3221, -50
3222, -49
3223, -50
3224, -51
3225, -51
3226, -47
3227, -47
3228, -47
3229, 0
3230, 0
3231, 0
3232, -44
3233, -44
3234, 0
3235, 0
3236, -52
3237, -50
3238, 0
3239, -50
3240, -49
3241, -49
3242, -49
3243, -49
3244, -49
3245, -48
3246, -49
3247, -49
3248, -49
3249, -51
3250, 0
3251, -46
3252, -47
3253, 0
3254, 0
3255, 0
3256, 0
3257, -49
3258, -48
3259, -49
3260, 0
3261, -50
3262, 0
3263, -49
3264, 0
3265, -51
3266, -49
3267, 0
3268, 0
3269, -51
3270, -51
3271, -49
3272, -49
3273, 0
3274, -51
3275, -49
3276, 0
3277, -52
3278, -51
3279, 0
3280, -48
3281, -49
3282, -50
3283, -50
3284, -50
3285, -50
3286, -48
3287, 0
3288, -51
3289, -48
3290, -48
3291, 0
3292, -49
3293, 0
3294, -49
3295, -50
3296, -51
3297, -50
3298, -49
3299, -49
3300, -49
3301, -51
3302, 0
3303, -50
3304, -52
3305, -50
3306, -50
3307, -49
3308, -47
3309, -48
3310, -48
3311, -48
3312, -49
3313, -50
3314, 0
3315, 0
3316, -50
3317, -50
3318, -51
3319, -48
3320, -47
3321, 0
3322, -47
3323, -47
3324, -45
3325, 0
3326, 0
3327, -52
3328, -51
3329, -52
3330, -53
3331, -54
3332, -53
3333, -52
3334, 0
3335, -50
3336, -48
3337, 0
3338, -51
3339, -50
3340, -50
3341, -48
3342, -49
3343, -51
3344, -52
3345, -52
3346, 0
3347, 0
3348, -49
3349, 0
3350, 0
3351, -50
3352, 0
3353, -49
3354, -48
3355, -48
3356, -48
3357, -50
3358, -49
3359, 0
3360, -51
3361, -50
3362, 0
3363, 0
3364, -48
3365, -50
3366, -50
3367, -50
3368, -49
3369, -49
3370, -48
3371, -50
3372, -50
3373, -51
3374, -50
3375, -49
3376, 0
3377, 0
3378, -47
3379, 0
3380, -51
3381, -50
3382, -50
3383, -51
3384, -52
3385, -52
3386, -53
3387, -52
3388, -50
3389, -50
3390, -50
3391, 0
3392, -51
3393, -50
3394, 0
3395, 0
3396, -49
3397, 0
3398, -51
3399, 0
3400, -51
3401, -51
3402, -51
3403, -50
3404, -50
3405, -49
3406, -49
3407, -50
3408, -50
3409, 0
3410, -51
3411, 0
3412, -47
3413, -46
3414, 0
3415, -51
3416, -52
3417, -50
3418, -49
3419, -47
3420, -46
3421, 0
3422, -47
3423, -47
3424, -49
3425, -49
3426, 0
3427, 0
3428, -51
3429, -51
3430, -50
3431, -49
3432, -49
3433, -50
3434, 0
3435, -43
3436, -42
3437, 0
3438, -38
3439, -38
3440, 0
3441, 0
3442, -44
3443, -42
3444, 0
3445, 0
3446, 0
3447, -51
3448, 0
3449, -49
3450, -49
3451, 0
3452, -50
3453, 0
3454, -52
3455, -49
3456, -49
3457, -50
3458, -49
3459, -50
3460, -49
3461, -50
3462, -50
3463, -51
3464, 0
3465, -52
3466, -48
3467, -47
3468, -48
3469, 0
3470, -49
3471, -49
3472, -48
3473, 0
3474, -50
3475, -52
3476, -50
3477, -51
3478, -49
3479, -49
3480, 0
3481, -48
3482, 0
3483, -50
3484, -50
3485, -49
3486, -51
3487, 0
3488, -52
3489, -51
3490, 0
3491, -46
3492, 0
3493, 0
3494, -51
3495, -49
3496, -48
3497, -48
3498, -47
3499, 0
3500, -53
3501, -53
3502, 0
3503, -47
3504, 0
3505, 0
3506, -51
3507, -49
3508, -49
3509, 0
3510, 0
3511, 0
3512, -52
3513, -52
3514, -50
3515, -47
3516, 0
3517, 0
3518, -50
3519, 0
3520, -52
3521, -52
3522, 0
3523, -48
3524, 0
3525, 0
3526, -49
3527, -49
3528, -51
3529, -51
3530, 0
3531, -51
3532, 0
3533, -45
3534, -44
3535, 0
3536, 0
3537, -53
3538, -51
3539, -50
3540, -51
3541, -48
3542, 0
3543, -51
3544, -51
3545, -49
3546, 0
3547, -49
3548, -49
3549, -51
3550, -51
3551, -48
3552, 0
3553, -51
3554, -51
3555, -51
3556, -51
3557, -48
3558, -49
3559, 0
3560, 0
3561, -50
3562, -49
3563, 0
3564, -51
3565, -52
3566, -51
3567, 0
3568, 0
3569, -50
3570, -49
3571, -51
3572, -51
3573, -51
3574, -51
3575, -50
3576, -50
3577, -51
3578, -50
3579, 0
3580, -49
3581, -47
3582, 0
3583, -49
3584, 0
3585, 0
3586, 0
3587, -50
3588, -51
3589, -51
3590, -51
3591, 0
3592, -49
3593, 0
3594, 0
3595, -49
3596, -50
3597, -49
3598, -48
3599, -46
3600, 0
3601, -51
3602, -50
3603, -49
3604, -48
3605, -47
3606, 0
3607, -49
3608, -49
3609, -50
3610, -47
3611, 0
3612, -48
3613, 0
3614, -48
3615, 0
3616, 0
3617, -44
3618, -44
3619, 0
3620, 0
3621, -50
3622, -50
3623, -51
3624, -51
3625, -50
3626, -49
3627, 0
3628, -51
3629, -50
3630, -47
3631, 0
3632, -51
3633, -51
3634, 0
3635, -49
3636, 0
3637, 0
3638, 0
3639, -49
3640, -50
3641, -45
3642, 0
3643, -44
3644, 0
3645, -42
3646, -43
3647, 0
3648, 0
3649, -49
3650, -50
3651, -47
3652, -47
3653, 0
3654, -50
3655, 0
3656, 0
3657, -50
3658, -49
3659, -49
3660, -50
3661, -50
3662, -49
3663, -46
3664, -43
3665, 0
3666, -48
3667, -50
3668, 0
3669, -49
3670, -47
3671, -47
3672, 0
3673, -45
3674, 0
3675, 0
3676, -48
3677, -48
3678, 0
3679, -50
3680, -51
3681, -51
3682, -49
3683, -48
3684, -48
3685, -49
3686, -48
3687, 0
3688, -49
3689, -47
3690, -49
3691, -49
3692, 0
3693, -49
3694, -48
3695, -50
3696, -51
3697, 0
3698, -51
3699, -51
3700, -50
3701, -48
3702, 0
3703, -48
3704, -49
3705, -50
3706, -49
3707, -45
3708, -45
3709, 0
3710, 0
3711, -50
3712, 0
3713, -50
3714, -50
3715, -49
3716, 0
3717, 0
3718, 0
3719, 0
3720, -48
3721, -49
3722, -48
3723, -49
3724, -50
3725, -51
3726, -51
3727, -48
3728, 0
3729, 0
3730, -49
3731, -48
3732, 0
3733, -50
3734, -50
3735, -51
3736, -51
3737, -47
3738, 0
3739, -50
3740, 0
3741, -51
3742, -47
3743, -43
3744, 0
3745, 0
3746, -48
3747, 0
3748, -50
3749, -50
3750, -49
3751, -47
3752, -46
3753, 0
3754, 0
3755, -45
3756, -47
3757, 0
3758, 0
3759, -41
3760, -38
3761, -39
3762, 0
3763, 0
3764, 0
3765, 0
3766, 0
3767, -46
3768, 0
3769, -49
3770, 0
3771, -48
3772, -49
3773, -47
3774, 0
3775, -49
3776, -50
3777, -49
3778, -50
3779, 0
3780, -49
3781, -49
3782, -49
3783, -49
3784, -48
3785, 0
3786, 0
3787, -49
3788, -41
3789, -39
3790, -38
3791, 0
3792, 0
3793, 0
3794, -48
3795, -48
3796, 0
3797, -29
3798, 0
3799, 0
3800, 0
3801, 0
3802, 0
3803, 0
3804, 0
3805, -43
3806, 0
3807, -47
3808, 0
3809, 0
3810, 0
3811, 0
3812, -41
3813, 0
3814, 0
3815, -48
3816, -48
3817, -47
3818, 0
3819, 0
3820, 0
3821, 0
3822, -47
3823, -45
3824, 0
3825, -48
3826, 0
3827, -48
3828, 0
3829, -46
3830, -47
3831, 0
3832, -49
3833, -49
3834, -50
3835, -50
3836, -50
3837, -52
3838, -50
3839, -49
3840, 0
3841, -50
3842, -50
3843, -49
3844, -45
3845, -45
3846, 0
3847, 0
3848, 0
3849, -49
3850, -45
3851, -45
3852, 0
3853, 0
3854, -51
3855, 0
3856, -48
3857, -48
3858, 0
3859, -48
3860, -48
3861, 0
3862, 0
3863, -46
3864, -48
3865, -47
3866, -47
3867, 0
3868, -45
3869, -41
3870, 0
3871, 0
3872, 0
3873, -51
3874, 0
3875, -50
3876, -51
3877, -52
3878, -50
3879, 0
3880, -49
3881, -51
3882, 0
3883, -45
3884, -47
3885, -44
3886, 0
3887, 0
3888, 0
3889, -46
3890, 0
3891, -49
3892, -48
3893, -47
3894, 0
3895, -51
3896, -51
3897, -50
3898, 0
3899, -47
3900, 0
3901, -48
3902, -48
3903, 0
3904, 0
3905, -46
3906, -47
3907, -49
3908, 0
3909, 0
3910, 0
3911, -47
3912, -45
3913, 0
3914, 0
3915, 0
3916, 0
3917, -46
3918, -48
3919, 0
3920, -50
3921, -50
3922, -48
3923, 0
3924, 0
3925, -46
3926, 0
3927, -52
3928, 0
3929, -50
3930, -45
3931, -47
3932, 0
3933, 0
3934, -49
3935, -46
3936, 0
3937, -48
3938, 0
3939, 0
3940, -50
3941, -49
3942, -45
3943, -44
3944, 0
3945, -49
3946, -47
3947, -48
3948, -47
3949, 0
3950, -50
3951, 0
3952, -47
3953, -45
3954, -47
3955, 0
3956, 0
3957, 0
3958, 0
3959, 0
3960, -28
3961, -27
3962, 0
3963, 0
3964, 0
3965, 0
3966, 0
3967, 0
3968, -16
3969, 0
3970, 0
3971, 0
3972, 0
3973, 0
3974, 0
3975, 0
3976, 0
3977, 0
3978, 0
3979, 0
3980, 0
3981, 0
3982, 0
3983, 0
3984, 0
3985, 0
3986, 0
3987, 0
3988, 0
3989, 0
3990, 0
3991, 0
3992, 0
3993, 0
3994, 0
3995, 0
3996, 0
3997, 0
3998, 0
3999, 0
4000, 0
4001, 0
4002, 0
4003, 0
4004, 0
4005, 0
4006, 0
4007, 0
4008, 0
4009, 0
4010, 0
4011, -49
4012, 0
4013, -41
4014, 0
4015, 0
4016, 0
4017, 0
4018, 0
4019, 0
4020, 0
4021, 0
4022, 0
4023, 0
4024, 0
4025, 0
4026, 0
4027, 0
4028, 0
4029, 0
4030, -21
4031, -17
4032, 0
4033, -17
4034, 0
4035, 0
4036, 0
4037, 0
4038, 0
4039, -43
4040, 0
4041, -49
4042, 0
4043, -45
4044, 0
4045, -43
4046, 0
4047, -45
4048, -45
4049, -43
4050, -45
4051, 0
4052, -45
4053, 0
4054, 0
4055, -39
4056, 0
4057, -39
4058, 0
4059, -36
4060, 0
4061, 0
4062, 0
4063, 0
4064, 0
4065, 0
4066, 0
4067, -46
4068, 0
4069, -46
4070, 0
4071, 0
4072, -48
4073, -48
4074, 0
4075, -48
4076, 0
4077, -49
4078, -48
4079, 0
4080, 0
4081, -47
4082, -46
4083, 0
4084, -44
4085, 0
4086, -41
4087, 0
4088, 0
4089, 0
4090, 0
4091, -42
4092, 0
4093, 0
4094, 0
4095, 0
4096, -42
4097, -40
4098, 0
4099, 0
4100, 0
4101, -46
4102, -45
4103, -46
4104, 0
4105, -45
4106, -43
4107, 0
4108, 0
4109, 0
4110, 0
4111, -49
4112, -49
4113, -51
4114, -51
4115, -45
4116, 0
4117, 0
4118, -35
4119, 0
4120, 0
4121, -38
4122, 0
4123, 0
4124, 0
4125, 0
4126, -46
4127, 0
4128, 0
4129, -48
4130, -47
4131, -48
4132, 0
4133, 0
4134, 0
4135, 0
4136, 0
4137, 0
4138, -50
4139, 0
4140, -49
4141, 0
4142, 0
4143, -46
4144, 0
4145, 0
4146, -50
4147, 0
4148, -44
4149, 0
4150, 0
4151, 0
4152, 0
4153, -49
4154, -50
4155, 0
4156, 0
4157, 0
4158, 0
4159, -45
4160, 0
4161, 0
4162, 0
4163, 0
4164, -46
4165, -47
4166, -43
4167, 0
4168, 0
4169, 0
4170, 0
4171, 0
4172, 0
4173, -51
4174, -49
4175, -47
4176, -48
4177, 0
4178, -45
4179, 0
4180, 0
4181, -47
4182, -49
4183, 0
4184, 0
4185, -46
4186, -39
4187, 0
4188, 0
4189, 0
4190, 0
4191, 0
4192, 0
4193, 0
4194, 0
4195, 0
4196, 0
4197, 0
4198, 0
4199, 0
4200, 0
4201, 0
4202, -43
4203, 0
4204, -44
4205, -44
4206, 0
4207, 0
4208, 0
4209, 0
4210, -40
4211, -37
4212, -39
4213, 0
4214, 0
4215, -48
4216, -44
4217, 0
4218, 0
4219, -50
4220, -51
4221, 0
4222, 0
4223, 0
4224, 0
4225, 0
4226, -49
4227, 0
4228, -49
4229, -47
4230, 0
4231, -46
4232, 0
4233, 0
4234, -45
4235, 0
4236, -44
4237, 0
4238, 0
4239, 0
4240, 0
4241, 0
4242, 0
4243, 0
4244, 0
4245, 0
4246, -41
4247, 0
4248, 0
4249, 0
4250, 0
4251, 0
4252, -48
4253, 0
4254, 0
4255, -47
4256, 0
4257, -51
4258, -51
4259, -44
4260, -41
4261, 0
4262, 0
4263, 0
4264, -44
4265, 0
4266, 0
4267, 0
4268, 0
4269, -34
4270, -34
4271, 0
4272, 0
4273, 0
4274, -42
4275, 0
4276, 0
4277, -45
4278, 0
4279, 0
4280, 0
4281, 0
4282, 0
4283, 0
4284, 0
4285, 0
4286, -45
4287, 0
4288, 0
4289, -45
4290, 0
4291, -44
4292, 0
4293, 0
4294, -37
4295, -36
4296, 0
4297, -6
4298, 0
4299, 0
4300, -12
4301, 0
4302, 0
4303, 0
4304, 0
4305, 0
4306, 0
4307, 0
4308, 0
4309, 0
4310, 0
4311, 0
4312, 0
4313, -38
4314, 0
4315, -43
4316, 0
4317, 0
4318, -44
4319, 0
4320, 0
4321, 0
4322, 0
4323, 0
4324, -46
4325, -45
4326, 0
4327, 0
4328, 0
4329, 0
4330, 0
4331, 0
4332, 0
4333, 0
4334, -47
4335, 0
4336, 0
4337, 0
4338, 0
4339, 0
4340, 0
4341, 0
4342, -41
4343, 0
4344, -41
4345, 0
4346, 0
4347, 0
4348, 0
4349, -39
4350, 0
4351, 0
4352, 0
4353, 0
4354, 0
4355, 0
4356, 0
4357, -47
4358, 0
4359, 0
4360, 0
4361, 0
4362, 0
4363, -47
4364, -46
4365, 0
4366, 0
4367, 0
4368, 0
4369, 0
4370, 0
4371, 0
4372, 0
4373, 0
4374, -42
4375, 0
4376, 0
4377, 0
4378, 0
4379, 0
4380, -31
4381, 0
4382, 0
4383, 0
4384, -48
4385, -44
4386, 0
4387, 0
4388, 0
4389, 0
4390, 0
4391, 0
4392, 0
4393, 0
4394, -46
4395, -43
4396, 0
4397, 0
4398, 0
4399, 0
4400, 0
4401, 0
4402, 0
4403, 0
4404, 0
4405, 0
4406, 0
4407, 0
4408, 0
4409, 0
4410, 0
4411, 0
4412, 0
4413, 0
4414, 0
4415, 0
4416, 0
4417, -41
4418, 0
4419, 0
4420, 0
4421, -38
4422, 0
4423, 0
4424, -47
4425, 0
4426, -40
4427, 0
4428, 0
4429, 0
4430, 0
4431, 0
4432, 0
4433, 0
4434, 0
4435, 0
4436, 0
4437, 0
4438, 0
4439, 0
4440, 0
4441, 0
4442, 0
4443, 0
4444, 0
4445, 0
4446, 0
4447, 0
4448, -46
4449, 0
4450, 0
4451, 0
4452, 0
4453, 0
4454, 0
4455, 0
4456, -43
4457, 0
4458, 0
4459, 0
4460, 0
4461, 0
4462, 0
4463, 0
4464, 0
4465, -36
4466, 0
4467, 0
4468, -45
4469, 0
4470, 0
4471, 0
4472, 0
4473, 0
4474, 0
4475, 0
4476, 0
4477, 0
4478, 0
4479, 0
4480, 0
4481, 0
4482, 0
4483, 0
4484, 0
4485, 0
4486, 0
4487, 0
4488, 0
4489, 0
4490, 0
4491, 0
4492, 0
4493, -21
4494, 0
4495, 0
4496, 0
4497, 0
4498, 0
4499, 0
4500, 0
4501, 0
4502, 0
4503, 0
4504, 0
4505, -9
4506, 0
4507, 0
4508, 0
4509, 0
4510, 0
4511, -11
4512, 0
4513, 0
4514, 0
4515, 0
4516, 0
4517, 0
4518, 0
4519, 0
4520, 0
4521, 0
4522, 0
4523, 0
4524, 0
4525, 0
4526, 0
4527, 0
4528, 0
4529, 0
4530, 0
4531, 0
4532, 0
4533, 0
