0, 0
1, 0
2, 0
3, 0
4, 0
5, 0
6, 0
7, 0
8, 0
9, 0
10, 0
11, 0
12, 0
13, 0
14, 0
15, 0
16, 0
17, 0
18, 0
19, 0
20, 0
21, 0
22, 0
23, 0
24, 0
25, 0
26, 0
27, 0
28, 0
29, 0
30, 0
31, 0
32, 0
33, 0
34, 0
35, 0
36, 0
37, 0
38, 0
39, 0
40, 0
41, 0
42, 0
43, 0
44, 0
45, 0
46, 0
47, 0
48, 0
49, 0
50, 0
51, 0
52, 0
53, 0
54, 0
55, 0
56, 0
57, 0
58, 0
59, 0
60, 0
61, 0
62, 0
63, 0
64, 0
65, 0
66, 0
67, 0
68, 0
69, 0
70, 0
71, 0
72, 0
73, 0
74, 0
75, 0
76, 0
77, 0
78, 0
79, 0
80, 0
81, 0
82, 0
83, 0
84, 0
85, 0
86, 0
87, 0
88, 0
89, 0
90, 0
91, 0
92, 0
93, 0
94, 0
95, 0
96, 0
97, 0
98, 0
99, 0
100, 0
101, 0
102, 0
103, 0
104, 0
105, 0
106, 0
107, 0
108, 0
109, 0
110, 0
111, 0
112, 0
113, 0
114, 0
115, 0
116, 0
117, 0
118, 0
119, 0
120, 0
121, 0
122, 0
123, 0
124, 0
125, 0
126, 0
127, 0
128, 0
129, 0
130, 0
131, 0
132, 0
133, 0
134, 0
135, 0
136, 0
137, 0
138, 0
139, 0
140, 4681
141, 4681
142, 4681
143, 4681
144, 4681
145, 4681
146, 4681
147, 4681
148, 4681
149, 4681
150, 4681
151, 4681
152, 4681
153, 4681
154, 4681
155, 4681
156, 4681
157, 4681
158, 4681
159, 4681
160, 4681
161, 4681
162, 4681
163, 4681
164, 4681
165, 4681
166, 4681
167, 4681
168, 4681
169, 4681
170, 0
171, 0
172, 4681
173, 4681
174, 4681
175, 4681
176, 4681
177, 4681
178, 4681
179, 4681
180, 4681
181, 4681
182, 4681
183, 4681
184, 4681
185, 4681
186, 0
187, 4684
188, 4684
189, 4683
190, 4683
191, 0
192, 4681
193, 4681
194, 4681
195, 4681
196, 4681
197, 4681
198, 4681
199, 4681
200, 4681
201, 4681
202, 4681
203, 4681
204, 4681
205, 4681
206, 4681
207, 4681
208, 4681
209, 4681
210, 0
211, 4684
212, 0
213, 4682
214, 4682
215, 4681
216, 4681
217, 4681
218, 4681
219, 4681
220, 0
221, 0
222, 0
223, 0
224, 0
225, 0
226, 0
227, 0
228, 0
229, 0
230, 0
231, 0
232, 0
233, 0
234, 0
235, 0
236, 0
237, 0
238, 0
239, 0
240, 0
241, 0
242, 0
243, 0
244, 0
245, 0
246, 0
247, 0
248, 0
249, 0
250, 0
251, 0
252, 0
253, 0
254, 0
255, 0
256, 0
257, 0
258, 0
259, 0
260, 0
261, 0
262, 0
263, 0
264, 0
265, 0
266, 0
267, 0
268, 0
269, 0
270, 0
271, 0
272, 0
273, 0
274, 0
275, 0
276, 0
277, 0
278, 0
279, 0
280, 0
281, 0
282, 0
283, 0
284, 0
285, 0
286, 0
287, 0
288, -48
289, -46
290, 0
291, 0
292, -45
293, -46
294, -46
295, -48
296, 0
297, -51
298, -52
299, -54
300, -56
301, -55
302, -54
303, -54
304, -54
305, -54
306, -55
307, 0
308, -59
309, -59
310, -60
311, -59
312, -58
313, 0
314, -57
315, 0
316, -56
317, -56
318, -57
319, -52
320, -51
321, 0
322, -51
323, -52
324, -52
325, -51
326, -52
327, 0
328, -55
329, 0
330, -62
331, -61
332, -61
333, 0
334, -55
335, -55
336, 0
337, -52
338, -52
339, -52
340, -51
341, -52
342, -52
343, -52
344, -54
345, 0
346, -57
347, 0
348, -61
349, -61
350, -61
351, -60
352, -61
353, -60
354, -59
355, -58
356, -57
357, -57
358, -55
359, -56
360, 0
361, 0
362, -55
363, -62
364, 0
365, 0
366, -54
367, -57
368, -54
369, 0
370, 0
371, -56
372, -56
373, -56
374, -55
375, -54
376, -55
377, -56
378, 0
379, -60
380, -59
381, -58
382, -59
383, -62
384, -70
385, -68
386, -68
387, 0
388, -65
389, -63
390, -62
391, 0
392, -55
393, -54
394, -54
395, -55
396, -54
397, -52
398, -52
399, -52
400, -52
401, -51
402, -50
403, -50
404, -51
405, -52
406, -54
407, -55
408, -56
409, -56
410, -56
411, -56
412, -55
413, -55
414, -56
415, -54
416, 0
417, 0
418, 0
419, 0
420, 0
421, -57
422, -55
423, -56
424, -57
425, -57
426, -57
427, -57
428, -57
429, -56
430, -55
431, -55
432, -55
433, -52
434, -51
435, -50
436, -50
437, -52
438, -53
439, -54
440, -54
441, -53
442, -53
443, -54
444, -54
445, -54
446, -56
447, 0
448, -59
449, -60
450, -59
451, 0
452, -58
453, -59
454, -58
455, -56
456, -55
457, -53
458, -51
459, 0
460, -49
461, -49
462, -50
463, -52
464, -52
465, -51
466, -51
467, -53
468, -54
469, -53
470, -54
471, -55
472, -55
473, -55
474, -53
475, 0
476, -56
477, -55
478, 0
479, 0
480, -58
481, -58
482, -58
483, -56
484, -55
485, -57
486, -58
487, 0
488, -54
489, -53
490, -53
491, -53
492, 0
493, -55
494, 0
495, -55
496, 0
497, 0
498, -55
499, 0
500, -53
501, 0
502, -57
503, 0
504, -60
505, 0
506, -58
507, -58
508, 0
509, -60
510, 0
511, -53
512, 0
513, -53
514, -55
515, -55
516, -54
517, -52
518, -51
519, 0
520, -49
521, -50
522, -50
523, -49
524, 0
525, -49
526, -51
527, -53
528, -53
529, -53
530, 0
531, 0
532, -44
533, -44
534, -44
535, 0
536, -48
537, -48
538, 0
539, -51
540, -54
541, -54
542, -56
543, -60
544, -60
545, -60
546, -59
547, -59
548, 0
549, -61
550, 0
551, -60
552, -59
553, 0
554, 0
555, -61
556, -63
557, -62
558, -60
559, -60
560, -62
561, 0
562, -56
563, -55
564, -55
565, 0
566, -52
567, -51
568, -51
569, -50
570, -50
571, -51
572, -50
573, -50
574, -51
575, -52
576, -52
577, -52
578, -52
579, -53
580, -52
581, -52
582, -52
583, -51
584, -52
585, -53
586, 0
587, -54
588, -55
589, -54
590, -54
591, -55
592, -56
593, -57
594, -59
595, -61
596, -61
597, -61
598, -60
599, -59
600, -54
601, 0
602, -50
603, -47
604, -47
605, -50
606, -51
607, 0
608, 0
609, -52
610, -53
611, -53
612, -53
613, -52
614, -53
615, 0
616, 0
617, -53
618, -53
619, -54
620, 0
621, -53
622, -54
623, 0
624, -59
625, 0
626, -54
627, -53
628, -52
629, -54
630, -53
631, -53
632, -54
633, 0
634, 0
635, -60
636, 0
637, 0
638, -56
639, 0
640, 0
641, -56
642, -55
643, -53
644, -52
645, -52
646, -52
647, -53
648, -53
649, 0
650, -55
651, -53
652, -53
653, 0
654, -53
655, -55
656, 0
657, -51
658, -52
659, -51
660, 0
661, -48
662, -48
663, -50
664, -49
665, -49
666, -50
667, -50
668, -50
669, -52
670, -53
671, -54
672, -53
673, -53
674, -53
675, -53
676, -53
677, 0
678, -60
679, 0
680, -61
681, -60
682, -59
683, -59
684, -57
685, -57
686, -55
687, -55
688, -55
689, -55
690, 0
691, -55
692, -55
693, -55
694, -56
695, -57
696, 0
697, -54
698, -54
699, -53
700, -52
701, -53
702, -54
703, -54
704, -52
705, -53
706, -54
707, -54
708, 0
709, -57
710, -58
711, 0
712, -56
713, -57
714, -56
715, 0
716, -53
717, -54
718, -54
719, 0
720, -48
721, -49
722, -49
723, -50
724, -51
725, 0
726, 0
727, -54
728, -55
729, -55
730, -54
731, -56
732, -57
733, -56
734, 0
735, -54
736, -53
737, -53
738, -53
739, -52
740, 0
741, -51
742, -52
743, -55
744, 0
745, -57
746, -56
747, -57
748, -58
749, -58
750, -56
751, -51
752, -51
753, -50
754, -50
755, -51
756, -52
757, -53
758, -55
759, -55
760, -55
761, -59
762, -59
763, -58
764, -56
765, -54
766, -52
767, -54
768, -56
769, -56
770, -55
771, 0
772, -53
773, -54
774, -53
775, 0
776, 0
777, 0
778, 0
779, -44
780, 0
781, -41
782, -41
783, 0
784, -47
785, -49
786, -49
787, -49
788, -48
789, -48
790, -48
791, -49
792, -51
793, -50
794, -49
795, -49
796, 0
797, -48
798, -48
799, -48
800, 0
801, 0
802, 0
803, 0
804, -49
805, -50
806, 0
807, 0
808, 0
809, 0
810, 0
811, 0
812, 0
813, 0
814, -62
815, -69
816, -69
817, -68
818, -68
819, -59
820, 0
821, -54
822, 0
823, -43
824, -44
825, -44
826, -45
827, 0
828, -47
829, -46
830, -47
831, 0
832, 0
833, 0
834, -49
835, -48
836, -48
837, -51
838, -54
839, -55
840, -55
841, -54
842, -56
843, 0
844, -63
845, -63
846, -65
847, 0
848, -63
849, 0
850, -61
851, 0
852, -60
853, -60
854, -62
855, -62
856, -65
857, -67
858, -69
859, -68
860, -67
861, -67
862, 0
863, -67
864, -67
865, -66
866, -66
867, -65
868, -63
869, 0
870, -57
871, -57
872, -58
873, 0
874, 0
875, -61
876, -56
877, -55
878, -54
879, -54
880, -61
881, -61
882, -63
883, 0
884, 0
885, -58
886, -58
887, -57
888, -55
889, -56
890, 0
891, 0
892, 0
893, 0
894, -54
895, 0
896, -54
897, -54
898, -57
899, -57
900, 0
901, -60
902, -60
903, -60
904, -61
905, -63
906, 0
907, -60
908, -60
909, -60
910, -60
911, -60
912, -61
913, -60
914, -60
915, 0
916, -62
917, -62
918, -65
919, 0
920, 0
921, -58
922, -59
923, -60
924, -65
925, -65
926, -66
927, 0
928, 0
929, 0
930, 0
931, 0
932, 0
933, 0
934, 0
935, 0
936, 0
937, 0
938, 0
939, 0
940, 0
941, 0
942, 0
943, -62
944, -60
945, -58
946, 0
947, -56
948, -55
949, -55
950, -55
951, -54
952, -55
953, -57
954, -58
955, 0
956, 0
957, -50
958, -50
959, -50
960, 0
961, 0
962, 0
963, -31
964, -33
965, -35
966, 0
967, -43
968, 0
969, 0
970, -53
971, -53
972, 0
973, -52
974, 0
975, -53
976, 0
977, 0
978, -65
979, -67
980, -67
981, -67
982, -67
983, -65
984, 0
985, 0
986, -55
987, -56
988, -56
989, -58
990, 0
991, -71
992, -71
993, 0
994, -68
995, -67
996, -65
997, 0
998, -60
999, -59
1000, -60
1001, -64
1002, -67
1003, -69
1004, 0
1005, -70
1006, 0
1007, -70
1008, -74
1009, 0
1010, 0
1011, -73
1012, 0
1013, -71
1014, -70
1015, -68
1016, 0
1017, 0
1018, 0
1019, 0
1020, 0
1021, 0
1022, 0
1023, 0
1024, 0
1025, 0
1026, 0
1027, 0
1028, 0
1029, 0
1030, 0
1031, 0
1032, 0
1033, 0
1034, 0
1035, -54
1036, 0
1037, -64
1038, -71
1039, 0
1040, -68
1041, 0
1042, 0
1043, 0
1044, 0
1045, 0
1046, 0
1047, 0
1048, 0
1049, 0
1050, 0
1051, 0
1052, -55
1053, -57
1054, -57
1055, -52
1056, -53
1057, 0
1058, -58
1059, -58
1060, 0
1061, -56
1062, 0
1063, -52
1064, -50
1065, 0
1066, 0
1067, 0
1068, 0
1069, 0
1070, -36
1071, -36
1072, 0
1073, -53
1074, 0
1075, 0
1076, 0
1077, 0
1078, -47
1079, -47
1080, -45
1081, -45
1082, 0
1083, 0
1084, -46
1085, -49
1086, 0
1087, -60
1088, 0
1089, 0
1090, 0
1091, -47
1092, -46
1093, -46
1094, -48
1095, -48
1096, -47
1097, -48
1098, -51
1099, 0
1100, 0
1101, -43
1102, 0
1103, 0
1104, 0
1105, 0
1106, 0
1107, 0
1108, 0
1109, -43
1110, -54
1111, 0
1112, 0
1113, 0
1114, 0
1115, 0
1116, 0
1117, 0
1118, 0
1119, 0
1120, -55
1121, 0
1122, -55
1123, -56
1124, 0
1125, 0
1126, -62
1127, -74
1128, 0
1129, -74
1130, 0
1131, -68
1132, -69
1133, -69
1134, 0
1135, -70
1136, 0
1137, 0
1138, 0
1139, 0
1140, 0
1141, 0
1142, 0
1143, 0
1144, 0
1145, 0
1146, 0
1147, 0
1148, 0
1149, 0
1150, 0
1151, 0
1152, 0
1153, 0
1154, 0
1155, 0
1156, 0
1157, 0
1158, 0
1159, 0
1160, 0
1161, 0
1162, 0
1163, 0
1164, -35
1165, -34
1166, -34
1167, -37
1168, -48
1169, -50
1170, -64
1171, 0
1172, -69
1173, 0
1174, -70
1175, -75
1176, 0
1177, -83
1178, -82
1179, 0
1180, -83
1181, 0
1182, -80
1183, -77
1184, 0
1185, -74
1186, -73
1187, -77
1188, -84
1189, 0
1190, 0
1191, 0
1192, 0
1193, 0
1194, 0
1195, 0
1196, 0
1197, 0
1198, 0
1199, 0
1200, 0
1201, 0
1202, 0
1203, 0
1204, 0
1205, 0
1206, 0
1207, 0
1208, 0
1209, 0
1210, 0
1211, 0
1212, 0
1213, 0
1214, 0
1215, 0
1216, 0
1217, 0
1218, 0
1219, 0
1220, 0
1221, 0
1222, 0
1223, 0
1224, 0
1225, 0
1226, 0
1227, 0
1228, 0
1229, 0
1230, 0
1231, 0
1232, 0
1233, 0
1234, -34
1235, -40
1236, -42
1237, 0
1238, 0
1239, -61
1240, -62
1241, -61
1242, -60
1243, -61
1244, -59
1245, 0
1246, 0
1247, 0
1248, -49
1249, 0
1250, 0
1251, 0
1252, 0
1253, -41
1254, 0
1255, 0
1256, -37
1257, -38
1258, 0
1259, -49
1260, -49
1261, 0
1262, 0
1263, 0
1264, 0
1265, -47
1266, -50
1267, 0
1268, 0
1269, 0
1270, -46
1271, 0
1272, -55
1273, 0
1274, -51
1275, 0
1276, 0
1277, 0
1278, 0
1279, 0
1280, -38
1281, -42
1282, -45
1283, -46
1284, -51
1285, -50
1286, -49
1287, 0
1288, -46
1289, -46
1290, -47
1291, -48
1292, 0
1293, 0
1294, 0
1295, -42
1296, 0
1297, -69
1298, -72
1299, 0
1300, -68
1301, 0
1302, 0
1303, 0
1304, 0
1305, 0
1306, 0
1307, -36
1308, -41
1309, 0
1310, -45
1311, 0
1312, -47
1313, -47
1314, 0
1315, -45
1316, -44
1317, -44
1318, -45
1319, -45
1320, 0
1321, 0
1322, 0
1323, -29
1324, -31
1325, 0
1326, -33
1327, -47
1328, -47
1329, -46
1330, -46
1331, -49
1332, 0
1333, 0
1334, 0
1335, 0
1336, 0
1337, 0
1338, 0
1339, 0
1340, 0
1341, 0
1342, 0
1343, 0
1344, 0
1345, 0
1346, 0
1347, 0
1348, 0
1349, 0
1350, 0
1351, 0
1352, 0
1353, 0
1354, 0
1355, 0
1356, -25
1357, -31
1358, -31
1359, 0
1360, -34
1361, 0
1362, -58
1363, -69
1364, -70
1365, -71
1366, -72
1367, 0
1368, -71
1369, -70
1370, 0
1371, -66
1372, -66
1373, 0
1374, 0
1375, 0
1376, 0
1377, 0
1378, 0
1379, 0
1380, 0
1381, 0
1382, 0
1383, 0
1384, 0
1385, 0
1386, -22
1387, 0
1388, 0
1389, 0
1390, -25
1391, -28
1392, -50
1393, -52
1394, -51
1395, 0
1396, 0
1397, 0
1398, 0
1399, 0
1400, 0
1401, -44
1402, -45
1403, -46
1404, 0
1405, -47
1406, -50
1407, 0
1408, -51
1409, -52
1410, 0
1411, -50
1412, -49
1413, 0
1414, -45
1415, -45
1416, -49
1417, -49
1418, -48
1419, -49
1420, -50
1421, -49
1422, 0
1423, 0
1424, 0
1425, 0
1426, 0
1427, 0
1428, 0
1429, 0
1430, 0
1431, 0
1432, 0
1433, 0
1434, 0
1435, 0
1436, 0
1437, 0
1438, 0
1439, 0
1440, 0
1441, 0
1442, 0
1443, 0
1444, -49
1445, -48
1446, -48
1447, 0
1448, 0
1449, -36
1450, -43
1451, 0
1452, 0
1453, 0
1454, -31
1455, 0
1456, 0
1457, 0
1458, -39
1459, -40
1460, 0
1461, 0
1462, 0
1463, -37
1464, 0
1465, -39
1466, 0
1467, -33
1468, -32
1469, -31
1470, -34
1471, 0
1472, -44
1473, -57
1474, -52
1475, -52
1476, -52
1477, 0
1478, 0
1479, -48
1480, -48
1481, -48
1482, 0
1483, 0
1484, 0
1485, 0
1486, 0
1487, 0
1488, 0
1489, 0
1490, 0
1491, 0
1492, -43
1493, -45
1494, -44
1495, -44
1496, 0
1497, -41
1498, -41
1499, 0
1500, -40
1501, -41
1502, 0
1503, -37
1504, -39
1505, -48
1506, -50
1507, -49
1508, 0
1509, 0
1510, 0
1511, -57
1512, -57
1513, 0
1514, -50
1515, 0
1516, -46
1517, -46
1518, -45
1519, -44
1520, -45
1521, -50
1522, 0
1523, -48
1524, 0
1525, 0
1526, 0
1527, 0
1528, -27
1529, 0
1530, 0
1531, 0
1532, 0
1533, 1
1534, -18
1535, -34
1536, -38
1537, 0
1538, 0
1539, 0
1540, -40
1541, -41
1542, -47
1543, -49
1544, -50
1545, 0
1546, 0
1547, -56
1548, 0
1549, 0
1550, 0
1551, 0
1552, -39
1553, -38
1554, -36
1555, -36
1556, 0
1557, 0
1558, -39
1559, -56
1560, -54
1561, -54
1562, 0
1563, 0
1564, -45
1565, -43
1566, -39
1567, -38
1568, 0
1569, 0
1570, -45
1571, -45
1572, 0
1573, -44
1574, -47
1575, -50
1576, 0
1577, -50
1578, 0
1579, 0
1580, 0
1581, -35
1582, -35
1583, -36
1584, 0
1585, -36
1586, -39
1587, -64
1588, 0
1589, -64
1590, -63
1591, -65
1592, -66
1593, 0
1594, -61
1595, 0
1596, -65
1597, 0
1598, 0
1599, 0
1600, -59
1601, -61
1602, 0
1603, -67
1604, 0
1605, -64
1606, -65
1607, -65
1608, -67
1609, 0
1610, 0
1611, 0
1612, -58
1613, 0
1614, -50
1615, -51
1616, -51
1617, 0
1618, -49
1619, -49
1620, -51
1621, 0
1622, -53
1623, -52
1624, 0
1625, -48
1626, 0
1627, 0
1628, 0
1629, -35
1630, -37
1631, -42
1632, -48
1633, -51
1634, 0
1635, -51
1636, 0
1637, -49
1638, -51
1639, 0
1640, -49
1641, 0
1642, -49
1643, -50
1644, -76
1645, 0
1646, 0
1647, 0
1648, 0
1649, 0
1650, 0
1651, 0
1652, 0
1653, 0
1654, 0
1655, 0
1656, 0
1657, 0
1658, 0
1659, 0
1660, 0
1661, 0
1662, 0
1663, 0
1664, 0
1665, 0
1666, 0
1667, 0
1668, 0
1669, 0
1670, 0
1671, 0
1672, 0
1673, 0
1674, 0
1675, 0
1676, 0
1677, -50
1678, 0
1679, -48
1680, 0
1681, -44
1682, 0
1683, -44
1684, -51
1685, -49
1686, 0
1687, 0
1688, 0
1689, 0
1690, 0
1691, 0
1692, 0
1693, 0
1694, 0
1695, 0
1696, 0
1697, 0
1698, 0
1699, 0
1700, 0
1701, 0
1702, 0
1703, 0
1704, 0
1705, 0
1706, 0
1707, 0
1708, 0
1709, 0
1710, -49
1711, 0
1712, 0
1713, 0
1714, 0
1715, 0
1716, 0
1717, 0
1718, 0
1719, 0
1720, -58
1721, -60
1722, -59
1723, -56
1724, 0
1725, 0
1726, -55
1727, -57
1728, -51
1729, 0
1730, 0
1731, -44
1732, -42
1733, -41
1734, -40
1735, -41
1736, 0
1737, -45
1738, 0
1739, -45
1740, -44
1741, -45
1742, 0
1743, -45
1744, -47
1745, -48
1746, -51
1747, 0
1748, 0
1749, -46
1750, -46
1751, -46
1752, 0
1753, -46
1754, -59
1755, -60
1756, -60
1757, 0
1758, -64
1759, -62
1760, 0
1761, 0
1762, 0
1763, 0
1764, -38
1765, 0
1766, -33
1767, -34
1768, -36
1769, -46
1770, -53
1771, -53
1772, -52
1773, -52
1774, -52
1775, -54
1776, -55
1777, -54
1778, 0
1779, 0
1780, -55
1781, -57
1782, -65
1783, 0
1784, -67
1785, 0
1786, -70
1787, 0
1788, -66
1789, 0
1790, -65
1791, -67
1792, 0
1793, -67
1794, -67
1795, 0
1796, -67
1797, -66
1798, 0
1799, -69
1800, -71
1801, 0
1802, 0
1803, 0
1804, 0
1805, -58
1806, 0
1807, -56
1808, -54
1809, 0
1810, 0
1811, 0
1812, 0
1813, 0
1814, 0
1815, 0
1816, 0
1817, 0
1818, 0
1819, -52
1820, -52
1821, -54
1822, 0
1823, -53
1824, 0
1825, -52
1826, -52
1827, -52
1828, -53
1829, -54
1830, 0
1831, -54
1832, 0
1833, 0
1834, -48
1835, -47
1836, -46
1837, -45
1838, -46
1839, -51
1840, 0
1841, -59
1842, -60
1843, 0
1844, 0
1845, 0
1846, 0
1847, -49
1848, 0
1849, -45
1850, -44
1851, -46
1852, 0
1853, -47
1854, -48
1855, 0
1856, 0
1857, 0
1858, 0
1859, -43
1860, -41
1861, -42
1862, 0
1863, -42
1864, -46
1865, -48
1866, -51
1867, 0
1868, -49
1869, -48
1870, 0
1871, -47
1872, -48
1873, -47
1874, -47
1875, -49
1876, -50
1877, -51
1878, -53
1879, -53
1880, 0
1881, -51
1882, 0
1883, -50
1884, -51
1885, 0
1886, -51
1887, -51
1888, -52
1889, -52
1890, 0
1891, -50
1892, -47
1893, -45
1894, -47
1895, 0
1896, -46
1897, -46
1898, -49
1899, -48
1900, -49
1901, -49
1902, -49
1903, 0
1904, -44
1905, -44
1906, 0
1907, 0
1908, 0
1909, 0
1910, 0
1911, 0
1912, 0
1913, 0
1914, 0
1915, 0
1916, 0
1917, 0
1918, 0
1919, 0
1920, 0
1921, 0
1922, 0
1923, 0
1924, 0
1925, 0
1926, 0
1927, 0
1928, 0
1929, 0
1930, 0
1931, 0
1932, 0
1933, 0
1934, 0
1935, -45
1936, -46
1937, -49
1938, -51
1939, -51
1940, 0
1941, -50
1942, 0
1943, -52
1944, -53
1945, 0
1946, 0
1947, 0
1948, -64
1949, -65
1950, -64
1951, 0
1952, 0
1953, -50
1954, -51
1955, -52
1956, 0
1957, 0
1958, 0
1959, -46
1960, -47
1961, -47
1962, 0
1963, -45
1964, -47
1965, -46
1966, -45
1967, -45
1968, -44
1969, 0
1970, 0
1971, -47
1972, 0
1973, -51
1974, -50
1975, -50
1976, 0
1977, 0
1978, 0
1979, -52
1980, -53
1981, -51
1982, 0
1983, -48
1984, -48
1985, 0
1986, -56
1987, -56
1988, -57
1989, 0
1990, -58
1991, -58
1992, -60
1993, -70
1994, -67
1995, -66
1996, 0
1997, -69
1998, -73
1999, 0
2000, -70
2001, -71
2002, -68
2003, -69
2004, 0
2005, 0
2006, 0
2007, 0
2008, 0
2009, 0
2010, 0
2011, 0
2012, 0
2013, 0
2014, 0
2015, 0
2016, 0
2017, 0
2018, 0
2019, -48
2020, -49
2021, -51
2022, -51
2023, -51
2024, 0
2025, -49
2026, -48
2027, -49
2028, -52
2029, 0
2030, -52
2031, -56
2032, -57
2033, -57
2034, -57
2035, -58
2036, -58
2037, -57
2038, -56
2039, 0
2040, -53
2041, -55
2042, -56
2043, 0
2044, 0
2045, 0
2046, 0
2047, -50
2048, -48
2049, 0
2050, -48
2051, -51
2052, 0
2053, -55
2054, -54
2055, -55
2056, 0
2057, 0
2058, 0
2059, 0
2060, 0
2061, 0
2062, -63
2063, -64
2064, 0
2065, 0
2066, 0
2067, 0
2068, 0
2069, -34
2070, 0
2071, 0
2072, -32
2073, -33
2074, -39
2075, -48
2076, -49
2077, 0
2078, 0
2079, -52
2080, -51
2081, -53
2082, -55
2083, -56
2084, 0
2085, 0
2086, -51
2087, 0
2088, 0
2089, 0
2090, -51
2091, -50
2092, -52
2093, -52
2094, -52
2095, -51
2096, -51
2097, -51
2098, -51
2099, -51
2100, -53
2101, -51
2102, -52
2103, -52
2104, -52
2105, -54
2106, -54
2107, -55
2108, -55
2109, 0
2110, -57
2111, -56
2112, -55
2113, -54
2114, -53
2115, -54
2116, -54
2117, -53
2118, -52
2119, -53
2120, -52
2121, 0
2122, -55
2123, -54
2124, -53
2125, -55
2126, -57
2127, -56
2128, -57
2129, -55
2130, -52
2131, 0
2132, -52
2133, 0
2134, -52
2135, -53
2136, 0
2137, -47
2138, -47
2139, -46
2140, -46
2141, -62
2142, -61
2143, -60
2144, -60
2145, -60
2146, -63
2147, 0
2148, 0
2149, -60
2150, -52
2151, -53
2152, -53
2153, 0
2154, -50
2155, -50
2156, -52
2157, -55
2158, -55
2159, -55
2160, 0
2161, 0
2162, -56
2163, 0
2164, -53
2165, -53
2166, -51
2167, -50
2168, 0
2169, 0
2170, -46
2171, -47
2172, -47
2173, 0
2174, -48
2175, -50
2176, -50
2177, -50
2178, -52
2179, -54
2180, -54
2181, -53
2182, -53
2183, -54
2184, 0
2185, -52
2186, 0
2187, -49
2188, -50
2189, -50
2190, -51
2191, 0
2192, 0
2193, -52
2194, -54
2195, -56
2196, -57
2197, -57
2198, -57
2199, -57
2200, -58
2201, -67
2202, 0
2203, -62
2204, -62
2205, -62
2206, -63
2207, -63
2208, -64
2209, -63
2210, 0
2211, 0
2212, -59
2213, -58
2214, 0
2215, -60
2216, -59
2217, 0
2218, 0
2219, -60
2220, -60
2221, -53
2222, -53
2223, -54
2224, 0
2225, -52
2226, 0
2227, -47
2228, -45
2229, 0
2230, -42
2231, -42
2232, -43
2233, -45
2234, -47
2235, 0
2236, -53
2237, -55
2238, 0
2239, -55
2240, -55
2241, -53
2242, -52
2243, -54
2244, -54
2245, -54
2246, -54
2247, -54
2248, -53
2249, -52
2250, 0
2251, -50
2252, -51
2253, -50
2254, -50
2255, -53
2256, -53
2257, -53
2258, 0
2259, -52
2260, -53
2261, -54
2262, 0
2263, -53
2264, -52
2265, -51
2266, -53
2267, -53
2268, -53
2269, -52
2270, -54
2271, 0
2272, -50
2273, -47
2274, -47
2275, 0
2276, -46
2277, -47
2278, -48
2279, -52
2280, -55
2281, 0
2282, -54
2283, 0
2284, -55
2285, -56
2286, -57
2287, 0
2288, -56
2289, 0
2290, -53
2291, -53
2292, -54
2293, -52
2294, 0
2295, 0
2296, -50
2297, -51
2298, -53
2299, -54
2300, -54
2301, -54
2302, -55
2303, -55
2304, 0
2305, 0
2306, -53
2307, -53
2308, -54
2309, -55
2310, -55
2311, 0
2312, -57
2313, 0
2314, -57
2315, -57
2316, -56
2317, -55
2318, -54
2319, -53
2320, -50
2321, 0
2322, -49
2323, 0
2324, -48
2325, 0
2326, 0
2327, 0
2328, -44
2329, -44
2330, -45
2331, -48
2332, -53
2333, -54
2334, -55
2335, 0
2336, 0
2337, -53
2338, -52
2339, -52
2340, -51
2341, -49
2342, -50
2343, -52
2344, 0
2345, -52
2346, -52
2347, -48
2348, -48
2349, -51
2350, -51
2351, -51
2352, -51
2353, -51
2354, -51
2355, -52
2356, -53
2357, -54
2358, -55
2359, -56
2360, -55
2361, -54
2362, -55
2363, -55
2364, -55
2365, -54
2366, -54
2367, -56
2368, -56
2369, 0
2370, -57
2371, -54
2372, -50
2373, 0
2374, -46
2375, -47
2376, -50
2377, -51
2378, -53
2379, 0
2380, -56
2381, -56
2382, 0
2383, -54
2384, -49
2385, -48
2386, -48
2387, -48
2388, -53
2389, -53
2390, -51
2391, -51
2392, -51
2393, -52
2394, -52
2395, 0
2396, -49
2397, -48
2398, -49
2399, -51
2400, -53
2401, -52
2402, -51
2403, -52
2404, -53
2405, -56
2406, -54
2407, -53
2408, -53
2409, -52
2410, -53
2411, -53
2412, -52
2413, -51
2414, -52
2415, -53
2416, -54
2417, -54
2418, -55
2419, -55
2420, -54
2421, -55
2422, -56
2423, -57
2424, -57
2425, -57
2426, 0
2427, -54
2428, 0
2429, 0
2430, -55
2431, -54
2432, 0
2433, 0
2434, -48
2435, -48
2436, 0
2437, -44
2438, -47
2439, 0
2440, 0
2441, -62
2442, -63
2443, -64
2444, -64
2445, -62
2446, -59
2447, -57
2448, -58
2449, 0
2450, -50
2451, -49
2452, -50
2453, 0
2454, 0
2455, 0
2456, -47
2457, -46
2458, -47
2459, -47
2460, 0
2461, -48
2462, 0
2463, -48
2464, -50
2465, -52
2466, 0
2467, -55
2468, -56
2469, -57
2470, -56
2471, -56
2472, -57
2473, -55
2474, 0
2475, 0
2476, -50
2477, -52
2478, -53
2479, -54
2480, -56
2481, 0
2482, 0
2483, -61
2484, -60
2485, -58
2486, 0
2487, 0
2488, -54
2489, -54
2490, -54
2491, 0
2492, -47
2493, -46
2494, -47
2495, 0
2496, -55
2497, -54
2498, -52
2499, 0
2500, -53
2501, -55
2502, -54
2503, -52
2504, -52
2505, 0
2506, -55
2507, -56
2508, -57
2509, -57
2510, 0
2511, -61
2512, 0
2513, -60
2514, -60
2515, 0
2516, -57
2517, -55
2518, 0
2519, -55
2520, -53
2521, -52
2522, -53
2523, -53
2524, -54
2525, 0
2526, -52
2527, -52
2528, -52
2529, -52
2530, -51
2531, -52
2532, 0
2533, -51
2534, -51
2535, -51
2536, 0
2537, -54
2538, -55
2539, -55
2540, -56
2541, 0
2542, -54
2543, -54
2544, -54
2545, 0
2546, -56
2547, 0
2548, -54
2549, -56
2550, 0
2551, -49
2552, -49
2553, -48
2554, -48
2555, -48
2556, -48
2557, -50
2558, 0
2559, -49
2560, -50
2561, -51
2562, -51
2563, -51
2564, -53
2565, -53
2566, -53
2567, -54
2568, -54
2569, -55
2570, -55
2571, 0
2572, -53
2573, 0
2574, -54
2575, -53
2576, -52
2577, -52
2578, -52
2579, -51
2580, 0
2581, -50
2582, -51
2583, -52
2584, -54
2585, -54
2586, -53
2587, 0
2588, -54
2589, -54
2590, -55
2591, -55
2592, 0
2593, 0
2594, -53
2595, -52
2596, -52
2597, -53
2598, -55
2599, -56
2600, 0
2601, -54
2602, -55
2603, -56
2604, -55
2605, -53
2606, 0
2607, -51
2608, -52
2609, -52
2610, -52
2611, -52
2612, -52
2613, -53
2614, -53
2615, -51
2616, -50
2617, -50
2618, -53
2619, -54
2620, -53
2621, -55
2622, -54
2623, -54
2624, -55
2625, -55
2626, -54
2627, -55
2628, -52
2629, -51
2630, -52
2631, -51
2632, -52
2633, -54
2634, -57
2635, -56
2636, -61
2637, -61
2638, -62
2639, -63
2640, -62
2641, -62
2642, -62
2643, 0
2644, -61
2645, -61
2646, -61
2647, -59
2648, -51
2649, -50
2650, 0
2651, 0
2652, -54
2653, -56
2654, -59
2655, -59
2656, -57
2657, -58
2658, -58
2659, 0
2660, -52
2661, -50
2662, -52
2663, 0
2664, 0
2665, -50
2666, 0
2667, -48
2668, 0
2669, -52
2670, -52
2671, 0
2672, -51
2673, -52
2674, -53
2675, -53
2676, -53
2677, -52
2678, -53
2679, -55
2680, -56
2681, 0
2682, -58
2683, -56
2684, -55
2685, -54
2686, -52
2687, -51
2688, -51
2689, -51
2690, -52
2691, -53
2692, -55
2693, -55
2694, -55
2695, -54
2696, -53
2697, -54
2698, -54
2699, -56
2700, -55
2701, -55
2702, -57
2703, -56
2704, -56
2705, -55
2706, -55
2707, -56
2708, -54
2709, -54
2710, -54
2711, -54
2712, -55
2713, -58
2714, -58
2715, 0
2716, 0
2717, -62
2718, -60
2719, -58
2720, -57
2721, 0
2722, -55
2723, -53
2724, -52
2725, -51
2726, -51
2727, 0
2728, -53
2729, -53
2730, -53
2731, 0
2732, -57
2733, -58
2734, -56
2735, 0
2736, -54
2737, -54
2738, 0
2739, -49
2740, 0
2741, -52
2742, 0
2743, 0
2744, -52
2745, -52
2746, 0
2747, -57
2748, 0
2749, 0
2750, -59
2751, -53
2752, 0
2753, 0
2754, -52
2755, -52
2756, 0
2757, -49
2758, -50
2759, -52
2760, -54
2761, -54
2762, -49
2763, -47
2764, -49
2765, -51
2766, 0
2767, -49
2768, -49
2769, 0
2770, -52
2771, -53
2772, -54
2773, -55
2774, -55
2775, -56
2776, 0
2777, -59
2778, -59
2779, -59
2780, -59
2781, 0
2782, -61
2783, 0
2784, 0
2785, 0
2786, -48
2787, -48
2788, -48
2789, -50
2790, -54
2791, -56
2792, 0
2793, -52
2794, -53
2795, -53
2796, -52
2797, -51
2798, -50
2799, -50
2800, -51
2801, -52
2802, -53
2803, -54
2804, -56
2805, -55
2806, -53
2807, -55
2808, 0
2809, -59
2810, 0
2811, -51
2812, -48
2813, -47
2814, -47
2815, -48
2816, -49
2817, -52
2818, -53
2819, -55
2820, -55
2821, -55
2822, 0
2823, 0
2824, -53
2825, -51
2826, -52
2827, -50
2828, -49
2829, -49
2830, -48
2831, -48
2832, -51
2833, -51
2834, 0
2835, -55
2836, -56
2837, -57
2838, -57
2839, -56
2840, 0
2841, -54
2842, -52
2843, -52
2844, -53
2845, 0
2846, 0
2847, -56
2848, -57
2849, 0
2850, -58
2851, -59
2852, -59
2853, -57
2854, 0
2855, -59
2856, -57
2857, 0
2858, -54
2859, 0
2860, -56
2861, -56
2862, -54
2863, -53
2864, -53
2865, -55
2866, -56
2867, -56
2868, -55
2869, -55
2870, -56
2871, 0
2872, -57
2873, -59
2874, 0
2875, -62
2876, -61
2877, 0
2878, -60
2879, 0
2880, -56
2881, 0
2882, -54
2883, -55
2884, -55
2885, -55
2886, -54
2887, -53
2888, -52
2889, -53
2890, -53
2891, -52
2892, -54
2893, -55
2894, -56
2895, -56
2896, -55
2897, -54
2898, -54
2899, -53
2900, -55
2901, -53
2902, -53
2903, -54
2904, -53
2905, 0
2906, -52
2907, -52
2908, -53
2909, 0
2910, -54
2911, 0
2912, -53
2913, -56
2914, -57
2915, 0
2916, -52
2917, -50
2918, -49
2919, 0
2920, -54
2921, -56
2922, 0
2923, 0
2924, -62
2925, -62
2926, -60
2927, 0
2928, -58
2929, -59
2930, -57
2931, 0
2932, -52
2933, -53
2934, -53
2935, 0
2936, -55
2937, -57
2938, -60
2939, -59
2940, -57
2941, -56
2942, -56
2943, -52
2944, -50
2945, -52
2946, -54
2947, -54
2948, 0
2949, -56
2950, -55
2951, -57
2952, 0
2953, 0
2954, -65
2955, -64
2956, 0
2957, -62
2958, 0
2959, -56
2960, -54
2961, -54
2962, -54
2963, -53
2964, -54
2965, -54
2966, -53
2967, -53
2968, -53
2969, -56
2970, -56
2971, -57
2972, -57
2973, -55
2974, -52
2975, -51
2976, -52
2977, -52
2978, 0
2979, 0
2980, -54
2981, -53
2982, -53
2983, -53
2984, 0
2985, -57
2986, -57
2987, -56
2988, 0
2989, -57
2990, -58
2991, -58
2992, -60
2993, -58
2994, -55
2995, -54
2996, -54
2997, -54
2998, -53
2999, -53
3000, 0
3001, -55
3002, -54
3003, -52
3004, -52
3005, -53
3006, -54
3007, -55
3008, -57
3009, -57
3010, -57
3011, 0
3012, -61
3013, -59
3014, -58
3015, 0
3016, -55
3017, 0
3018, -56
3019, -54
3020, -53
3021, -54
3022, -55
3023, 0
3024, -60
3025, -57
3026, -54
3027, -53
3028, 0
3029, -58
3030, 0
3031, -55
3032, -52
3033, -50
3034, -50
3035, -52
3036, -53
3037, -53
3038, -53
3039, -54
3040, -55
3041, -55
3042, -55
3043, -57
3044, -58
3045, 0
3046, -65
3047, -66
3048, -66
3049, -64
3050, -63
3051, -62
3052, -61
3053, -59
3054, -59
3055, -53
3056, -51
3057, 0
3058, -54
3059, -57
3060, -57
3061, -55
3062, -54
3063, -51
3064, -52
3065, -50
3066, -49
3067, -50
3068, -50
3069, -51
3070, -52
3071, -53
3072, -52
3073, -52
3074, -53
3075, -52
3076, -52
3077, -53
3078, -53
3079, -52
3080, -51
3081, -52
3082, 0
3083, 0
3084, 0
3085, 0
3086, -59
3087, -57
3088, -56
3089, -57
3090, -57
3091, -57
3092, -52
3093, 0
3094, -54
3095, -56
3096, 0
3097, -55
3098, -55
3099, -56
3100, 0
3101, -59
3102, -57
3103, -56
3104, -55
3105, -56
3106, -56
3107, -54
3108, -52
3109, 0
3110, -56
3111, -56
3112, 0
3113, 0
3114, -63
3115, -63
3116, 0
3117, -64
3118, -60
3119, -59
3120, -58
3121, 0
3122, -55
3123, -52
3124, -53
3125, -51
3126, -51
3127, -53
3128, -52
3129, -53
3130, -54
3131, -57
3132, -57
3133, -57
3134, -56
3135, -55
3136, -53
3137, -53
3138, -53
3139, -53
3140, 0
3141, 0
3142, 0
3143, -67
3144, -67
3145, -66
3146, -67
3147, -67
3148, 0
3149, -64
3150, -63
3151, -62
3152, -61
3153, 0
3154, -60
3155, -61
3156, 0
3157, -57
3158, -55
3159, -53
3160, -51
3161, -52
3162, -52
3163, -53
3164, 0
3165, -54
3166, -54
3167, -55
3168, -57
3169, -56
3170, -56
3171, -55
3172, -53
3173, -53
3174, -53
3175, 0
3176, -55
3177, -56
3178, -59
3179, -59
3180, -55
3181, -54
3182, -55
3183, -56
3184, -54
3185, -55
3186, -56
3187, -57
3188, -59
3189, -57
3190, 0
3191, -57
3192, -55
3193, -54
3194, -54
3195, 0
3196, -57
3197, 0
3198, -55
3199, -54
3200, -53
3201, -54
3202, 0
3203, -56
3204, -56
3205, 0
3206, 0
3207, 0
3208, -62
3209, 0
3210, 0
3211, 0
3212, -53
3213, -52
3214, -52
3215, -55
3216, -64
3217, -65
3218, -66
3219, 0
3220, 0
3221, -69
3222, 0
3223, 0
3224, -56
3225, 0
3226, -55
3227, -55
3228, 0
3229, -55
3230, -56
3231, 0
3232, -60
3233, 0
3234, -59
3235, -58
3236, -56
3237, 0
3238, -56
3239, -56
3240, -55
3241, 0
3242, 0
3243, 0
3244, -61
3245, -62
3246, -62
3247, -60
3248, -58
3249, -59
3250, -59
3251, -58
3252, -55
3253, 0
3254, -57
3255, -57
3256, -56
3257, -57
3258, -56
3259, -55
3260, -56
3261, 0
3262, 0
3263, -64
3264, -63
3265, -63
3266, -62
3267, -62
3268, 0
3269, -63
3270, -61
3271, -60
3272, -57
3273, -56
3274, -58
3275, -58
3276, -58
3277, 0
3278, -58
3279, -57
3280, -54
3281, -53
3282, -54
3283, -54
3284, -51
3285, -50
3286, -52
3287, -54
3288, -54
3289, 0
3290, 0
3291, 0
3292, -62
3293, 0
3294, -62
3295, -61
3296, 0
3297, -65
3298, -65
3299, -63
3300, -64
3301, -63
3302, -55
3303, -53
3304, 0
3305, -55
3306, -55
3307, -55
3308, -57
3309, 0
3310, -60
3311, -60
3312, 0
3313, -60
3314, 0
3315, -60
3316, -55
3317, -54
3318, -55
3319, -54
3320, -55
3321, 0
3322, -57
3323, 0
3324, -62
3325, -62
3326, -62
3327, -61
3328, 0
3329, -57
3330, -58
3331, -58
3332, 0
3333, -60
3334, 0
3335, -58
3336, -57
3337, -55
3338, 0
3339, 0
3340, 0
3341, -54
3342, -55
3343, -56
3344, -58
3345, -59
3346, 0
3347, -58
3348, 0
3349, -57
3350, -57
3351, 0
3352, 0
3353, -62
3354, 0
3355, 0
3356, 0
3357, -54
3358, -53
3359, -52
3360, -50
3361, 0
3362, -55
3363, 0
3364, -57
3365, -58
3366, 0
3367, 0
3368, -63
3369, -64
3370, 0
3371, -62
3372, -60
3373, -58
3374, -57
3375, 0
3376, -57
3377, -55
3378, -56
3379, 0
3380, -59
3381, -59
3382, -59
3383, 0
3384, 0
3385, -64
3386, 0
3387, -60
3388, -60
3389, -58
3390, -57
3391, -55
3392, -57
3393, -57
3394, -56
3395, 0
3396, -58
3397, -56
3398, 0
3399, 0
3400, -65
3401, -64
3402, 0
3403, -63
3404, -63
3405, -58
3406, 0
3407, -60
3408, -56
3409, -55
3410, -55
3411, -55
3412, -57
3413, -56
3414, -55
3415, 0
3416, -57
3417, -57
3418, 0
3419, -59
3420, 0
3421, -56
3422, -56
3423, 0
3424, 0
3425, -62
3426, -59
3427, -58
3428, 0
3429, 0
3430, -63
3431, 0
3432, -64
3433, 0
3434, -60
3435, -60
3436, 0
3437, -60
3438, -59
3439, -58
3440, 0
3441, -55
3442, -56
3443, 0
3444, -56
3445, -55
3446, 0
3447, -58
3448, 0
3449, 0
3450, -63
3451, -61
3452, -61
3453, -61
3454, -62
3455, -63
3456, -61
3457, -59
3458, -59
3459, -57
3460, -56
3461, -55
3462, -55
3463, -56
3464, 0
3465, -58
3466, -59
3467, -60
3468, -57
3469, -55
3470, 0
3471, -58
3472, 0
3473, -56
3474, 0
3475, -56
3476, -56
3477, 0
3478, -55
3479, -54
3480, 0
3481, -59
3482, -57
3483, 0
3484, -60
3485, -58
3486, -59
3487, 0
3488, -60
3489, -62
3490, -61
3491, -62
3492, -61
3493, -60
3494, -60
3495, 0
3496, 0
3497, -62
3498, 0
3499, -63
3500, -65
3501, 0
3502, 0
3503, 0
3504, -62
3505, 0
3506, -64
3507, -64
3508, -64
3509, -64
3510, -64
3511, -65
3512, -65
3513, -65
3514, -65
3515, 0
3516, -59
3517, -59
3518, -59
3519, 0
3520, -63
3521, 0
3522, 0
3523, -59
3524, -60
3525, -61
3526, 0
3527, -63
3528, 0
3529, -60
3530, -60
3531, -60
3532, -62
3533, -62
3534, -60
3535, -58
3536, -55
3537, -56
3538, 0
3539, -56
3540, -55
3541, -54
3542, -53
3543, -53
3544, -55
3545, -56
3546, -57
3547, -56
3548, -56
3549, 0
3550, -61
3551, -61
3552, -61
3553, -60
3554, 0
3555, -62
3556, 0
3557, -65
3558, -65
3559, 0
3560, -63
3561, -63
3562, -61
3563, -59
3564, 0
3565, -62
3566, 0
3567, -63
3568, -64
3569, -64
3570, -59
3571, 0
3572, -63
3573, -64
3574, 0
3575, -64
3576, -63
3577, -61
3578, -63
3579, 0
3580, -64
3581, 0
3582, -66
3583, -66
3584, -68
3585, -67
3586, -68
3587, -68
3588, -68
3589, 0
3590, -68
3591, -59
3592, -59
3593, -60
3594, -56
3595, 0
3596, -49
3597, -47
3598, -47
3599, 0
3600, -53
3601, -54
3602, 0
3603, -59
3604, 0
3605, -62
3606, -62
3607, -62
3608, 0
3609, -60
3610, 0
3611, -61
3612, -60
3613, -61
3614, 0
3615, -62
3616, -60
3617, -58
3618, -55
3619, 0
3620, -55
3621, -55
3622, 0
3623, -57
3624, 0
3625, 0
3626, 0
3627, -61
3628, -59
3629, -60
3630, -60
3631, -61
3632, 0
3633, -63
3634, -61
3635, 0
3636, -62
3637, -60
3638, -58
3639, 0
3640, -59
3641, -59
3642, -58
3643, -56
3644, -56
3645, -56
3646, -57
3647, -56
3648, -56
3649, 0
3650, -58
3651, 0
3652, 0
3653, -64
3654, -64
3655, -63
3656, -63
3657, 0
3658, -66
3659, -61
3660, 0
3661, 0
3662, 0
3663, -55
3664, -56
3665, -55
3666, -53
3667, -54
3668, 0
3669, 0
3670, -62
3671, -60
3672, -59
3673, -59
3674, 0
3675, -62
3676, 0
3677, 0
3678, -63
3679, 0
3680, -68
3681, 0
3682, -67
3683, -65
3684, -59
3685, -57
3686, -58
3687, -55
3688, -55
3689, -56
3690, -56
3691, 0
3692, -57
3693, 0
3694, 0
3695, -64
3696, -59
3697, 0
3698, 0
3699, 0
3700, -64
3701, -59
3702, 0
3703, -57
3704, -57
3705, 0
3706, 0
3707, -59
3708, -58
3709, -58
3710, -59
3711, -59
3712, 0
3713, -61
3714, -58
3715, 0
3716, -58
3717, -56
3718, -56
3719, 0
3720, -61
3721, 0
3722, 0
3723, -66
3724, -66
3725, -63
3726, -59
3727, 0
3728, 0
3729, -66
3730, -65
3731, -66
3732, -65
3733, -64
3734, 0
3735, 0
3736, -62
3737, -62
3738, -60
3739, -59
3740, -61
3741, 0
3742, 0
3743, -66
3744, -65
3745, 0
3746, -65
3747, -65
3748, 0
3749, -62
3750, -62
3751, 0
3752, -60
3753, 0
3754, -61
3755, -62
3756, -60
3757, -58
3758, -58
3759, 0
3760, -59
3761, -58
3762, -57
3763, -57
3764, 0
3765, -59
3766, 0
3767, -59
3768, -60
3769, 0
3770, 0
3771, -67
3772, -64
3773, -63
3774, 0
3775, 0
3776, -59
3777, -58
3778, 0
3779, 0
3780, 0
3781, -61
3782, -60
3783, 0
3784, -54
3785, 0
3786, -57
3787, -51
3788, -49
3789, -49
3790, -51
3791, 0
3792, 0
3793, -57
3794, -57
3795, -57
3796, -60
3797, 0
3798, 0
3799, -69
3800, 0
3801, -63
3802, 0
3803, -65
3804, -64
3805, -62
3806, 0
3807, -63
3808, -62
3809, 0
3810, -65
3811, 0
3812, -60
3813, 0
3814, -60
3815, -62
3816, 0
3817, -65
3818, 0
3819, -66
3820, -64
3821, -65
3822, 0
3823, 0
3824, -66
3825, -66
3826, -63
3827, -61
3828, -56
3829, -54
3830, -54
3831, 0
3832, -60
3833, -62
3834, 0
3835, -67
3836, -68
3837, -67
3838, -69
3839, 0
3840, 0
3841, -62
3842, -61
3843, -61
3844, -60
3845, -61
3846, 0
3847, -61
3848, -58
3849, -55
3850, 0
3851, -57
3852, -58
3853, 0
3854, 0
3855, 0
3856, 0
3857, -72
3858, -73
3859, -71
3860, -71
3861, 0
3862, -67
3863, -57
3864, -56
3865, 0
3866, -59
3867, -59
3868, -61
3869, -61
3870, -60
3871, 0
3872, 0
3873, -61
3874, 0
3875, -65
3876, -63
3877, 0
3878, 0
3879, -70
3880, -62
3881, 0
3882, 0
3883, -51
3884, -51
3885, -52
3886, -54
3887, 0
3888, 0
3889, -62
3890, -62
3891, -60
3892, -60
3893, 0
3894, -63
3895, 0
3896, -59
3897, 0
3898, -56
3899, 0
3900, -60
3901, 0
3902, -61
3903, 0
3904, 0
3905, 0
3906, 0
3907, -70
3908, 0
3909, 0
3910, -67
3911, -66
3912, 0
3913, -60
3914, -60
3915, -64
3916, 0
3917, 0
3918, -63
3919, -61
3920, 0
3921, 0
3922, -68
3923, -70
3924, -66
3925, -65
3926, 0
3927, 0
3928, -62
3929, -63
3930, 0
3931, -63
3932, -64
3933, 0
3934, 0
3935, 0
3936, 0
3937, 0
3938, 0
3939, 0
3940, -70
3941, -70
3942, -62
3943, -53
3944, 0
3945, -55
3946, -55
3947, 0
3948, -57
3949, 0
3950, -60
3951, 0
3952, 0
3953, -68
3954, -68
3955, 0
3956, -68
3957, -68
3958, 0
3959, 0
3960, -65
3961, -63
3962, 0
3963, -63
3964, -63
3965, -64
3966, 0
3967, -68
3968, -67
3969, 0
3970, -66
3971, -65
3972, -64
3973, -62
3974, 0
3975, -62
3976, -58
3977, 0
3978, -61
3979, -61
3980, 0
3981, -62
3982, -59
3983, 0
3984, 0
3985, 0
3986, -66
3987, -66
3988, -64
3989, 0
3990, -55
3991, -54
3992, 0
3993, 0
3994, 0
3995, 0
3996, -76
3997, 0
3998, 0
3999, -72
4000, -63
4001, 0
4002, -64
4003, -62
4004, -61
4005, 0
4006, 0
4007, -67
4008, 0
4009, 0
4010, -69
4011, -68
4012, -65
4013, 0
4014, -61
4015, -61
4016, 0
4017, -62
4018, -61
4019, 0
4020, -62
4021, 0
4022, 0
4023, -60
4024, -59
4025, -60
4026, -60
4027, 0
4028, 0
4029, -69
4030, 0
4031, 0
4032, -73
4033, -63
4034, 0
4035, -66
4036, -65
4037, -65
4038, 0
4039, -65
4040, 0
4041, 0
4042, 0
4043, -65
4044, -65
4045, -62
4046, -62
4047, 0
4048, -59
4049, -61
4050, -62
4051, 0
4052, 0
4053, 0
4054, -66
4055, 0
4056, 0
4057, -55
4058, 0
4059, -58
4060, 0
4061, -64
4062, 0
4063, -68
4064, -66
4065, -66
4066, 0
4067, 0
4068, -67
4069, -67
4070, 0
4071, 0
4072, 0
4073, 0
4074, 0
4075, 0
4076, -75
4077, -73
4078, -73
4079, -73
4080, -69
4081, -59
4082, -57
4083, 0
4084, -57
4085, 0
4086, -64
4087, 0
4088, -69
4089, 0
4090, 0
4091, -73
4092, 0
4093, -72
4094, 0
4095, -68
4096, -67
4097, 0
4098, 0
4099, -57
4100, -56
4101, 0
4102, 0
4103, -62
4104, -63
4105, -62
4106, 0
4107, -64
4108, -64
4109, 0
4110, 0
4111, 0
4112, 0
4113, -61
4114, -60
4115, 0
4116, -62
4117, 0
4118, 0
4119, 0
4120, 0
4121, 0
4122, 0
4123, 0
4124, 0
4125, 0
4126, 0
4127, -58
4128, -58
4129, -56
4130, 0
4131, 0
4132, 0
4133, -76
4134, 0
4135, 0
4136, 0
4137, -74
4138, -65
4139, -64
4140, -60
4141, -59
4142, 0
4143, 0
4144, 0
4145, -63
4146, -62
4147, -60
4148, 0
4149, 0
4150, -57
4151, 0
4152, 0
4153, 0
4154, 0
4155, -70
4156, 0
4157, 0
4158, 0
4159, 0
4160, 0
4161, -67
4162, -67
4163, -67
4164, 0
4165, 0
4166, 0
4167, -68
4168, -67
4169, -67
4170, 0
4171, 0
4172, -72
4173, -69
4174, 0
4175, -72
4176, -70
4177, -62
4178, 0
4179, -60
4180, 0
4181, -62
4182, 0
4183, -63
4184, 0
4185, -66
4186, 0
4187, 0
4188, -69
4189, 0
4190, 0
4191, 0
4192, 0
4193, -66
4194, -64
4195, 0
4196, 0
4197, 0
4198, 0
4199, -69
4200, -65
4201, -60
4202, -59
4203, -56
4204, 0
4205, 0
4206, -59
4207, 0
4208, 0
4209, 0
4210, -64
4211, -67
4212, 0
4213, 0
4214, -81
4215, -82
4216, 0
4217, -69
4218, -69
4219, 0
4220, 0
4221, 0
4222, 0
4223, 0
4224, -76
4225, 0
4226, -74
4227, 0
4228, 0
4229, 0
4230, 0
4231, 0
4232, -67
4233, 0
4234, 0
4235, 0
4236, -68
4237, 0
4238, -66
4239, -65
4240, -66
4241, -62
4242, -60
4243, 0
4244, 0
4245, -63
4246, 0
4247, 0
4248, -73
4249, 0
4250, 0
4251, 0
4252, 0
4253, -82
4254, 0
4255, -74
4256, 0
4257, -75
4258, 0
4259, -63
4260, -61
4261, -60
4262, 0
4263, 0
4264, 0
4265, -67
4266, -66
4267, -65
4268, 0
4269, 0
4270, -65
4271, -63
4272, -59
4273, -58
4274, 0
4275, -61
4276, 0
4277, 0
4278, 0
4279, 0
4280, 0
4281, 0
4282, 0
4283, -72
4284, -66
4285, 0
4286, 0
4287, 0
4288, 0
4289, 0
4290, -66
4291, -62
4292, 0
4293, -59
4294, 0
4295, -57
4296, -57
4297, -54
4298, -55
4299, 0
4300, 0
4301, 0
4302, 0
4303, -77
4304, -76
4305, 0
4306, 0
4307, 0
4308, 0
4309, 0
4310, 0
4311, 0
4312, 0
4313, 0
4314, -68
4315, -67
4316, 0
4317, 0
4318, -66
4319, 0
4320, 0
4321, -62
4322, -62
4323, 0
4324, 0
4325, -61
4326, -63
4327, -63
4328, 0
4329, -64
4330, 0
4331, -67
4332, -64
4333, -61
4334, -59
4335, -59
4336, -58
4337, -57
4338, -56
4339, 0
4340, 0
4341, 0
4342, -67
4343, -67
4344, -66
4345, 0
4346, -68
4347, -66
4348, 0
4349, 0
4350, -63
4351, -62
4352, -60
4353, 0
4354, 0
4355, 0
4356, 0
4357, -71
4358, -71
4359, 0
4360, -69
4361, -62
4362, 0
4363, -56
4364, -56
4365, -58
4366, 0
4367, -62
4368, -62
4369, 0
4370, -63
4371, -64
4372, 0
4373, -66
4374, -63
4375, -58
4376, 0
4377, 0
4378, -69
4379, 0
4380, -63
4381, -61
4382, -61
4383, 0
4384, -57
4385, 0
4386, -63
4387, 0
4388, -64
4389, -64
4390, 0
4391, -70
4392, 0
4393, 0
4394, -71
4395, -70
4396, -69
4397, -68
4398, -60
4399, 0
4400, 0
4401, -62
4402, -62
4403, -64
4404, -63
4405, -63
4406, 0
4407, -59
4408, -57
4409, -58
4410, -58
4411, 0
4412, -58
4413, -59
4414, 0
4415, -61
4416, -60
4417, 0
4418, 0
4419, -63
4420, -63
4421, 0
4422, -66
4423, 0
4424, -65
4425, 0
4426, -69
4427, 0
4428, -65
4429, -62
4430, -61
4431, -61
4432, 0
4433, -61
4434, -60
4435, -59
4436, 0
4437, -59
4438, -59
4439, -60
4440, 0
4441, -60
4442, -60
4443, -58
4444, 0
4445, 0
4446, 0
4447, 0
4448, -57
4449, -58
4450, 0
4451, -64
4452, -63
4453, -63
4454, 0
4455, -65
4456, -65
4457, -62
4458, -61
4459, 0
4460, -58
4461, -58
4462, -57
4463, 0
4464, 0
4465, -61
4466, 0
4467, -60
4468, 0
4469, 0
4470, 0
4471, 0
4472, 0
4473, 0
4474, 0
4475, -66
4476, -67
4477, 0
4478, 0
4479, 0
4480, -80
4481, 0
4482, -62
4483, -61
4484, 0
4485, 0
4486, -65
4487, 0
4488, -61
4489, -60
4490, 0
4491, 0
4492, -59
4493, -58
4494, -58
4495, -59
4496, -61
4497, -60
4498, -59
4499, -56
4500, -54
4501, 0
4502, -56
4503, -55
4504, 0
4505, 0
4506, -61
4507, -59
4508, 0
4509, 0
4510, 0
4511, 0
4512, 0
4513, 0
4514, 0
4515, 0
4516, 0
4517, -54
4518, 0
4519, -52
4520, 0
4521, -56
4522, -58
4523, -59
4524, 0
4525, -63
4526, -62
4527, -58
4528, -57
4529, -55
4530, -54
4531, -52
4532, -52
4533, -54
4534, 0
4535, 0
4536, -61
4537, -62
4538, -60
4539, 0
4540, -64
4541, -63
4542, 0
4543, -61
4544, -60
4545, -61
4546, -61
4547, -60
4548, 0
4549, -57
4550, -58
4551, -58
4552, 0
4553, -63
4554, -62
4555, 0
4556, -56
4557, -56
4558, 0
4559, 0
4560, 0
4561, 0
4562, 0
4563, 0
4564, 0
4565, -66
4566, -65
4567, -66
4568, 0
4569, 0
4570, 0
4571, 0
4572, 0
4573, 0
4574, 0
4575, 0
4576, 0
4577, -73
4578, -72
4579, -72
4580, 0
4581, -59
4582, -59
4583, -59
4584, -56
4585, 0
4586, -58
4587, -59
4588, 0
4589, -61
4590, -62
4591, -63
4592, 0
4593, -66
4594, -66
4595, -64
4596, -60
4597, -58
4598, -59
4599, -54
4600, -52
4601, -53
4602, 0
4603, -54
4604, -54
4605, -53
4606, 0
4607, -57
4608, -58
4609, 0
4610, 0
4611, -57
4612, -57
4613, -58
4614, -57
4615, 0
4616, 0
4617, -63
4618, -64
4619, -64
4620, -65
4621, -65
4622, -65
4623, 0
4624, -61
4625, -59
4626, -57
4627, -56
4628, -56
4629, -56
4630, 0
4631, -57
4632, -57
4633, -57
4634, 0
4635, -58
4636, -61
4637, 0
4638, -64
4639, -65
4640, -67
4641, 0
4642, -65
4643, 0
4644, 0
4645, -61
4646, -60
4647, -59
4648, -59
4649, -57
4650, 0
4651, 0
4652, 0
4653, 0
4654, 0
4655, -62
4656, 0
4657, -59
4658, -58
4659, -60
4660, -61
4661, -62
4662, -55
4663, -53
4664, -51
4665, -52
4666, 0
4667, -56
4668, -58
4669, -58
4670, -58
4671, -59
4672, 0
4673, -63
4674, -63
4675, -61
4676, -61
4677, 0
4678, -62
4679, -59
4680, 0
4681, -54
4682, 0
4683, -56
4684, -55
4685, 0
4686, -57
4687, -57
4688, -57
4689, -57
4690, -57
4691, -56
4692, -56
4693, -54
4694, 0
4695, -56
4696, 0
4697, -62
4698, -64
4699, -64
4700, -60
4701, -60
4702, 0
4703, -60
4704, 0
4705, 0
4706, -55
4707, -55
4708, -55
4709, -57
4710, -56
4711, -56
4712, -57
4713, -56
4714, -55
4715, -55
4716, -54
4717, 0
4718, 0
4719, -59
4720, -58
4721, 0
4722, -55
4723, -55
4724, -56
4725, 0
4726, -58
4727, 0
4728, 0
4729, -58
4730, -57
4731, 0
4732, 0
4733, 0
4734, -59
4735, 0
4736, -57
4737, -54
4738, -53
4739, -56
4740, -57
4741, -56
4742, 0
4743, 0
4744, 0
4745, -59
4746, 0
4747, 0
4748, 0
4749, -55
4750, 0
4751, -53
4752, -54
4753, -54
4754, -53
4755, -53
4756, -53
4757, -53
4758, -55
4759, -56
4760, -57
4761, -57
4762, -57
4763, 0
4764, -56
4765, -55
4766, -54
4767, -55
4768, -54
4769, -55
4770, -55
4771, -54
4772, 0
4773, -56
4774, -55
4775, -55
4776, -57
4777, -56
4778, 0
4779, -61
4780, 0
4781, -61
4782, 0
4783, -58
4784, -58
4785, 0
4786, -58
4787, -58
4788, -55
4789, 0
4790, 0
4791, -56
4792, -56
4793, -55
4794, -54
4795, -54
4796, -54
4797, -52
4798, 0
4799, 0
4800, -61
4801, 0
4802, -60
4803, 0
4804, -56
4805, -56
4806, -54
4807, 0
4808, 0
4809, 0
4810, 0
4811, -66
4812, -65
4813, -65
4814, -64
4815, -62
4816, 0
4817, -60
4818, -58
4819, -57
4820, -57
4821, -58
4822, -59
4823, 0
4824, -61
4825, 0
4826, -59
4827, -58
4828, -57
4829, -58
4830, -58
4831, -56
4832, -54
4833, -54
4834, -56
4835, -55
4836, -54
4837, -54
4838, -55
4839, -53
4840, -53
4841, -53
4842, -53
4843, -54
4844, -53
4845, -52
4846, 0
4847, 0
4848, 0
4849, -60
4850, -60
4851, -59
4852, 0
4853, -62
4854, 0
4855, -52
4856, -52
4857, -50
4858, -49
4859, -51
4860, -52
4861, -53
4862, -53
4863, -53
4864, -53
4865, 0
4866, -54
4867, -53
4868, -54
4869, -53
4870, -54
4871, -56
4872, 0
4873, -54
4874, -53
4875, -53
4876, 0
4877, -58
4878, 0
4879, -57
4880, -58
4881, -58
4882, -57
4883, -56
4884, -52
4885, -51
4886, -53
4887, 0
4888, -57
4889, -60
4890, 0
4891, -57
4892, -56
4893, -54
4894, -53
4895, -51
4896, -51
4897, -53
4898, 0
4899, -58
4900, 0
4901, -58
4902, -56
4903, -53
4904, -50
4905, -49
4906, -49
4907, -51
4908, -52
4909, -53
4910, 0
4911, -57
4912, -56
4913, 0
4914, -57
4915, -57
4916, 0
4917, -51
4918, -50
4919, -50
4920, -51
4921, 0
4922, -59
4923, 0
4924, 0
4925, -63
4926, -63
4927, 0
4928, 0
4929, -56
4930, -55
4931, -54
4932, -53
4933, -52
4934, -52
4935, -54
4936, -55
4937, -55
4938, -55
4939, 0
4940, -50
4941, -50
4942, -50
4943, -50
4944, -51
4945, 0
4946, -54
4947, -55
4948, -58
4949, -60
4950, -59
4951, -58
4952, -57
4953, -56
4954, -53
4955, -54
4956, -54
4957, -53
4958, -53
4959, 0
4960, -55
4961, -55
4962, -56
4963, -57
4964, -58
4965, -58
4966, -59
4967, 0
4968, 0
4969, 0
4970, -50
4971, -51
4972, -52
4973, -52
4974, -51
4975, 0
4976, -55
4977, 0
4978, -57
4979, -57
4980, 0
4981, -56
4982, -56
4983, -55
4984, -54
4985, 0
4986, -52
4987, 0
4988, -55
4989, 0
4990, 0
4991, -55
4992, -55
4993, -54
4994, -54
4995, 0
4996, 0
4997, -52
4998, -58
4999, -57
5000, -58
5001, -59
5002, -60
5003, -59
5004, -57
5005, 0
5006, -47
5007, -48
5008, -48
5009, -48
5010, -51
5011, -52
5012, -53
5013, -54
5014, 0
5015, -61
5016, -60
5017, 0
5018, -56
5019, 0
5020, 0
5021, -58
5022, 0
5023, -54
5024, -54
5025, -54
5026, -52
5027, -51
5028, -49
5029, -48
5030, -49
5031, -52
5032, 0
5033, -55
5034, -56
5035, 0
5036, 0
5037, -55
5038, 0
5039, -52
5040, -52
5041, -51
5042, -51
5043, -50
5044, -50
5045, -49
5046, -51
5047, -53
5048, 0
5049, -56
5050, -56
5051, -56
5052, 0
5053, -54
5054, 0
5055, -57
5056, -56
5057, -56
5058, -55
5059, -55
5060, -55
5061, -56
5062, -56
5063, -57
5064, -53
5065, -52
5066, -55
5067, 0
5068, -58
5069, -59
5070, 0
5071, -58
5072, -59
5073, 0
5074, -57
5075, -55
5076, -52
5077, 0
5078, -49
5079, -50
5080, -51
5081, -51
5082, -52
5083, -54
5084, -55
5085, -56
5086, -56
5087, -55
5088, -54
5089, -54
5090, -54
5091, -52
5092, -51
5093, 0
5094, -55
5095, -55
5096, -56
5097, -55
5098, -55
5099, -57
5100, -57
5101, -56
5102, -55
5103, 0
5104, -61
5105, -61
5106, -61
5107, -60
5108, -60
5109, -59
5110, -59
5111, -59
5112, -57
5113, 0
5114, -54
5115, -54
5116, -51
5117, -50
5118, -50
5119, -51
5120, -53
5121, -54
5122, 0
5123, -56
5124, -56
5125, -56
5126, -56
5127, -56
5128, -56
5129, -57
5130, -56
5131, -55
5132, -54
5133, -54
5134, -55
5135, -54
5136, -51
5137, 0
5138, -50
5139, -50
5140, -51
5141, -53
5142, -54
5143, -54
5144, -53
5145, -52
5146, -50
5147, -50
5148, -51
5149, 0
5150, -50
5151, 0
5152, 0
5153, -57
5154, -57
5155, -57
5156, -59
5157, -58
5158, -57
5159, -57
5160, -57
5161, 0
5162, -53
5163, 0
5164, -55
5165, -55
5166, -55
5167, 0
5168, -54
5169, -54
5170, -54
5171, -54
5172, -51
5173, 0
5174, -53
5175, 0
5176, -57
5177, -58
5178, -59
5179, 0
5180, -57
5181, 0
5182, -49
5183, -48
5184, -49
5185, -48
5186, -49
5187, -50
5188, -54
5189, 0
5190, 0
5191, -57
5192, 0
5193, -54
5194, -52
5195, -51
5196, 0
5197, -49
5198, -47
5199, -47
5200, -50
5201, -50
5202, -51
5203, 0
5204, 0
5205, 0
5206, 0
5207, 0
5208, 0
5209, 0
5210, 0
5211, 0
5212, 0
5213, 0
5214, 0
5215, 0
5216, 0
5217, 0
5218, 0
5219, 0
5220, 0
5221, 0
5222, 0
5223, 0
5224, 0
5225, 0
5226, 0
5227, 0
5228, 0
5229, 0
5230, 0
5231, 0
5232, 0
5233, 0
5234, 0
5235, 0
5236, 0
5237, 0
5238, 0
5239, 0
5240, 0
5241, 0
5242, 0
5243, 0
5244, 0
5245, 0
5246, 0
5247, 0
5248, 0
5249, 0
5250, 0
5251, 0
5252, 0
5253, 0
5254, 0
5255, -12
5256, 0
5257, 174
5258, 329
5259, 4682
5260, 4682
5261, 4682
5262, 0
5263, 4684
5264, 4684
5265, 4684
5266, 4684
5267, 4684
5268, 4684
5269, 4684
5270, 4684
5271, 4684
5272, 4684
5273, 4684
5274, 4684
5275, 4684
5276, 0
5277, 4682
5278, 4682
5279, 4682
5280, 4682
5281, 4682
5282, 4682
5283, 4682
5284, 0
5285, 4684
5286, 4684
5287, 0
5288, 4682
5289, 0
5290, 4684
5291, 4684
5292, 4684
5293, 4684
5294, 4684
5295, 4684
5296, 4684
5297, 0
5298, 4682
5299, 4682
5300, 0
5301, 4684
5302, 4684
5303, 4684
5304, 4684
5305, 4684
5306, 4684
5307, 4684
5308, 0
5309, 4682
5310, 0
5311, 4684
5312, 4684
5313, 4684
5314, 0
5315, 4682
5316, 4682
5317, 4682
5318, 4682
5319, 4682
5320, 4682
5321, 4682
5322, 4682
5323, 4682
5324, 4682
5325, 4682
5326, 4682
5327, 4682
5328, 4682
5329, 4682
5330, 4682
5331, 4682
5332, 4682
5333, 4682
5334, 4682
5335, 0
5336, 4684
5337, 4684
5338, 4684
5339, 0
5340, 4682
5341, 0
5342, 4684
5343, 4684
5344, 4684
5345, 0
5346, 4682
5347, 4682
5348, 4682
5349, 4682
5350, 4682
5351, 4682
5352, 4682
5353, 4682
5354, 4682
5355, 4682
5356, 4682
5357, 4682
5358, 4682
5359, 4682
5360, 4682
5361, 4682
5362, 4682
5363, 4682
5364, 0
5365, 4684
5366, 0
5367, 4682
5368, 4682
5369, 4682
5370, 0
5371, 0
5372, 4682
5373, 0
5374, 4684
5375, 0
5376, 4682
5377, 4682
5378, 4682
5379, 4682
5380, 4682
5381, 4682
5382, 4682
5383, 4682
5384, 4682
5385, 4682
5386, 4682
5387, 4682
5388, 4682
5389, 4682
5390, 4682
5391, 4682
5392, 4682
5393, 4682
5394, 4682
5395, 4682
5396, 0
5397, 4684
5398, 4684
5399, 0
5400, 4682
5401, 0
5402, 4684
5403, 0
5404, 4682
5405, 4682
5406, 4682
5407, 4682
5408, 4682
5409, 4682
5410, 4682
5411, 4682
5412, 4682
5413, 4682
5414, 4682
5415, 4682
5416, 0
5417, 4680
5418, 0
5419, 4682
5420, 4682
5421, 4682
5422, 4682
5423, 4682
5424, 4682
5425, 4682
5426, 4682
5427, 4682
5428, 4682
5429, 4682
5430, 4682
5431, 4682
5432, 4682
5433, 4682
5434, 4682
5435, 4682
5436, 4682
5437, 4682
5438, 4682
5439, 4682
5440, 4682
5441, 4682
5442, 4682
5443, 4682
5444, 0
5445, 861
5446, 862
5447, 2641
5448, 2641
5449, 2640
5450, 2640
5451, 2641
5452, 2642
5453, 2641
5454, 2641
5455, 2641
5456, 2642
5457, 2642
5458, 2642
5459, 2641
5460, 2641
5461, 2641
5462, 2641
5463, 2641
5464, 2641
5465, 2640
5466, 0
5467, 0
5468, 0
5469, 0
5470, 0
5471, 0
5472, 0
5473, 0
5474, 0
5475, 0
