0, 0
1, 0
2, 0
3, 0
4, 0
5, 0
6, 0
7, 0
8, 0
9, 0
10, 0
11, 0
12, 0
13, 0
14, 0
15, 0
16, 0
17, 0
18, 0
19, 0
20, 0
21, 0
22, 0
23, 0
24, 0
25, 0
26, 0
27, 0
28, 0
29, 0
30, 0
31, 0
32, 0
33, 0
34, 0
35, 0
36, 0
37, 0
38, 0
39, 0
40, 0
41, 0
42, 0
43, 0
44, 0
45, 0
46, 0
47, 0
48, 0
49, 0
50, 0
51, 0
52, 0
53, 0
54, 0
55, 0
56, 0
57, 0
58, 0
59, 0
60, 0
61, 0
62, 0
63, 0
64, 0
65, 0
66, 0
67, 0
68, 0
69, 0
70, 0
71, 0
72, 0
73, 0
74, 0
75, 0
76, 0
77, 0
78, 0
79, 0
80, 0
81, 0
82, 0
83, 0
84, 0
85, 0
86, 0
87, 0
88, 0
89, 0
90, 0
91, 0
92, 0
93, 0
94, 0
95, 0
96, 0
97, 0
98, 0
99, 0
100, 0
101, 0
102, 0
103, 0
104, 0
105, 0
106, 0
107, 0
108, 0
109, 0
110, 0
111, 0
112, 0
113, 0
114, 0
115, 0
116, 0
117, 0
118, 0
119, 0
120, 0
121, 0
122, 0
123, 0
124, 0
125, 0
126, 0
127, 0
128, 0
129, 0
130, 0
131, 0
132, 0
133, 0
134, 0
135, 0
136, 0
137, 0
138, 0
139, 0
140, 0
141, 0
142, 0
143, 0
144, 0
145, 0
146, 0
147, 0
148, 0
149, 0
150, 0
151, 0
152, 0
153, 0
154, 0
155, 0
156, 0
157, 0
158, 0
159, 0
160, 0
161, 0
162, 0
163, 0
164, 0
165, 0
166, 0
167, 0
168, 0
169, 0
170, 0
171, 0
172, 0
173, 0
174, 0
175, 0
176, 0
177, 0
178, 0
179, 0
180, 0
181, 0
182, 0
183, 0
184, 0
185, 0
186, 0
187, 0
188, 0
189, 0
190, 0
191, 0
192, 0
193, 0
194, 0
195, 0
196, 0
197, 0
198, 0
199, 0
200, 0
201, 0
202, 0
203, 0
204, 0
205, 0
206, 0
207, 0
208, 0
209, 0
210, 0
211, 0
212, 0
213, 0
214, 0
215, 0
216, 0
217, 0
218, 0
219, 0
220, 0
221, 0
222, 0
223, 0
224, 0
225, 0
226, 0
227, 0
228, 0
229, 0
230, 0
231, 0
232, 0
233, 0
234, 0
235, 0
236, 0
237, 0
238, 0
239, 0
240, 0
241, 0
242, 0
243, 0
244, 0
245, 0
246, 0
247, 0
248, 0
249, 0
250, 0
251, 0
252, 0
253, 0
254, 0
255, 0
256, 0
257, 0
258, 0
259, 0
260, 0
261, 0
262, 0
263, 0
264, 0
265, 0
266, 0
267, 0
268, 0
269, 0
270, 0
271, 0
272, 0
273, 0
274, 0
275, 0
276, 0
277, 0
278, 0
279, 0
280, 0
281, 0
282, 0
283, 0
284, 0
285, 0
286, 0
287, 0
288, 0
289, 0
290, 0
291, 0
292, 0
293, 0
294, 0
295, 0
296, 0
297, 0
298, 0
299, 0
300, 0
301, 0
302, 0
303, 0
304, 0
305, 0
306, 0
307, 0
308, 0
309, 0
310, 0
311, 0
312, 0
313, 0
314, 0
315, 0
316, 0
317, 0
318, 0
319, 0
320, 0
321, 0
322, 0
323, 0
324, 0
325, 0
326, 0
327, 0
328, 0
329, 0
330, 0
331, 0
332, 0
333, 0
334, 0
335, 0
336, 0
337, 0
338, 0
339, 0
340, 0
341, 0
342, 0
343, 0
344, 0
345, 0
346, 0
347, 0
348, 0
349, 0
350, 0
351, 0
352, 0
353, 0
354, 0
355, 0
356, 0
357, 0
358, 0
359, 0
360, 0
361, 0
362, 0
363, 0
364, 0
365, 0
366, 0
367, 0
368, 0
369, 0
370, 0
371, 0
372, 0
373, 0
374, 0
375, 0
376, 0
377, 0
378, 0
379, 0
380, 0
381, 0
382, 0
383, 0
384, 0
385, 0
386, 0
387, 0
388, 0
389, 0
390, 0
391, 0
392, 0
393, 0
394, 0
395, 0
396, 0
397, 0
398, 0
399, 0
400, 0
401, 0
402, 0
403, 0
404, 0
405, 0
406, 0
407, 0
408, 0
409, 0
410, 0
411, 0
412, 0
413, 0
414, 0
415, 0
416, 0
417, 0
418, 0
419, 0
420, 0
421, 0
422, 0
423, 0
424, 0
425, 0
426, 0
427, 0
428, 0
429, 0
430, 0
431, 0
432, 0
433, 0
434, 0
435, 0
436, 0
437, 0
438, 0
439, 0
440, 0
441, 0
442, 0
443, 0
444, 0
445, 0
446, 0
447, 0
448, 0
449, 0
450, 0
451, 0
452, 0
453, 0
454, 0
455, 0
456, 0
457, 0
458, 0
459, 0
460, 0
461, 0
462, 0
463, 0
464, 0
465, 0
466, 0
467, 0
468, 0
469, 0
470, 0
471, 0
472, 0
473, 0
474, 0
475, 0
476, 0
477, 0
478, 0
479, 0
480, 0
481, 0
482, 0
483, 0
484, 0
485, 0
486, 0
487, 0
488, 0
489, 0
490, 0
491, 0
492, 0
493, 0
494, 0
495, 0
496, 0
497, 0
498, 0
499, 0
500, 0
501, 0
502, 0
503, 0
504, 0
505, 0
506, 0
507, 0
508, 0
509, 0
510, 0
511, 0
512, 0
513, 0
514, 0
515, 0
516, 0
517, 0
518, 0
519, 0
520, 0
521, 0
522, 0
523, 0
524, 0
525, 0
526, 0
527, 0
528, 0
529, 0
530, 0
531, 0
532, 0
533, 0
534, 0
535, 0
536, 0
537, 0
538, 0
539, 0
540, 0
541, 0
542, 0
543, 0
544, 0
545, 0
546, 0
547, 0
548, 0
549, 0
550, 0
551, 0
552, 0
553, 0
554, 0
555, 0
556, 0
557, 0
558, 0
559, 0
560, 0
561, 0
562, 0
563, 0
564, 0
565, 0
566, 0
567, 0
568, 0
569, 0
570, 0
571, 0
572, 0
573, 0
574, 0
575, 0
576, 0
577, 0
578, 0
579, 0
580, 0
581, 0
582, 0
583, 0
584, 0
585, 0
586, 0
587, 0
588, 0
589, 0
590, 0
591, 0
592, 0
593, 0
594, 0
595, 0
596, 0
597, 0
598, 0
599, 0
600, 0
601, 0
602, 0
603, 0
604, 0
605, 0
606, 0
607, 0
608, 0
609, 0
610, 0
611, 0
612, 0
613, 0
614, 0
615, 0
616, 0
617, 0
618, 0
619, 0
620, 0
621, 0
622, 0
623, 0
624, 0
625, 0
626, 0
627, 0
628, 0
629, 0
630, 0
631, 0
632, 0
633, 0
634, 0
635, 0
636, 0
637, 0
638, 0
639, 0
640, 0
641, 0
642, 0
643, 0
644, 0
645, 0
646, 0
647, 0
648, 0
649, 0
650, 0
651, 0
652, 0
653, 0
654, 0
655, 0
656, 0
657, 0
658, 0
659, 0
660, 0
661, 0
662, 0
663, 0
664, 0
665, 0
666, 0
667, 0
668, 0
669, 0
670, 0
671, 0
672, 0
673, 0
674, 0
675, 0
676, 0
677, 0
678, 0
679, 0
680, 0
681, 0
682, 0
683, 0
684, 0
685, 0
686, 0
687, 0
688, 0
689, 0
690, 0
691, 0
692, 0
693, 0
694, 0
695, 0
696, 0
697, 0
698, 0
699, 0
700, 0
701, 0
702, 0
703, 0
704, 0
705, 0
706, 0
707, 0
708, 0
709, 0
710, 0
711, 0
712, 0
713, 0
714, 0
715, 0
716, 0
717, 0
718, 0
719, 0
720, 0
721, 0
722, 0
723, 0
724, 0
725, 0
726, 0
727, 0
728, 0
729, 0
730, 0
731, 0
732, 0
733, 0
734, 0
735, 0
736, 0
737, 0
738, 0
739, 0
740, 0
741, 0
742, 0
743, 0
744, 0
745, 0
746, 0
747, 0
748, 0
749, 0
750, 0
751, 0
752, 0
753, 0
754, 0
755, 0
756, 0
757, 0
758, 0
759, 0
760, 0
761, 0
762, 0
763, 0
764, 0
765, 0
766, 0
767, 0
768, 0
769, 0
770, 0
771, 0
772, 0
773, 0
774, 0
775, 0
776, 0
777, 0
778, 0
779, 0
780, 0
781, 0
782, 0
783, 0
784, 0
785, 0
786, 0
787, 0
788, 0
789, 0
790, 0
791, 0
792, 0
793, 0
794, 0
795, 0
796, 0
797, 0
798, 0
799, 0
800, 0
801, 0
802, 0
803, 0
804, 0
805, 0
806, 0
807, 0
808, 0
809, 0
810, 0
811, 0
812, 0
813, 0
814, 0
815, 0
816, 0
817, 0
818, 0
819, 0
820, 0
821, 0
822, 0
823, 0
824, 0
825, 0
826, 0
827, 0
828, 0
829, 0
830, 0
831, 0
832, 0
833, 0
834, 0
835, 0
836, 0
837, 0
838, 0
839, 0
840, 0
841, 0
842, 0
843, 0
844, 0
845, 0
846, 0
847, 0
848, 0
849, 0
850, 0
851, 0
852, 0
853, 0
854, 0
855, 0
856, 0
857, 0
858, 0
859, 0
860, 0
861, 0
862, 0
863, 0
864, 0
865, 0
866, 0
867, 0
868, 0
869, 0
870, 0
871, 0
872, 0
873, 0
874, 0
875, 0
876, 0
877, 0
878, 0
879, 0
880, 0
881, 0
882, 0
883, 0
884, 0
885, 0
886, 0
887, 0
888, 0
889, 0
890, 0
891, 0
892, 0
893, 0
894, 0
895, 0
896, 0
897, 0
898, 0
899, 0
900, 0
901, 0
902, 0
903, 0
904, 0
905, 0
906, 0
907, 0
908, 0
909, 0
910, 0
911, 0
912, 0
913, 0
914, 0
915, 0
916, 0
917, 0
918, 0
919, 0
920, 0
921, 0
922, 0
923, 0
924, 0
925, 0
926, 0
927, 0
928, 0
929, 0
930, 0
931, 0
932, 0
933, 0
934, 0
935, 0
936, 0
937, 0
938, 0
939, 0
940, 0
941, 0
942, 0
943, 0
944, 0
945, 0
946, 0
947, 0
948, 0
949, 0
950, 0
951, 0
952, 0
953, 0
954, 0
955, 0
956, 0
957, 0
958, 0
959, 0
960, 0
961, 0
962, 0
963, 0
964, 0
965, 0
966, 0
967, 0
968, 0
969, 0
970, 0
971, 0
972, 0
973, 4
974, 2
975, 0
976, 0
977, 0
978, -2
979, 0
980, 0
981, 0
982, 0
983, 0
984, 0
985, 0
986, 0
987, 0
988, 1
989, 0
990, 6
991, 0
992, 0
993, 0
994, 0
995, 0
996, 0
997, 0
998, 0
999, 0
1000, 0
1001, 0
1002, 0
1003, 0
1004, 0
1005, 5
1006, 0
1007, 0
1008, 0
1009, 0
1010, 0
1011, 0
1012, 0
1013, 0
1014, 0
1015, 2
1016, 0
1017, 0
1018, 0
1019, 0
1020, 0
1021, 0
1022, 0
1023, 0
1024, 0
1025, 0
1026, 0
1027, 0
1028, 0
1029, 0
1030, 1
1031, 0
1032, 0
1033, 0
1034, 0
1035, 0
1036, 0
1037, 0
1038, 0
1039, 0
1040, 0
1041, 0
1042, 0
1043, 0
1044, 0
1045, 0
1046, 0
1047, 0
1048, 0
1049, 0
1050, 5
1051, 0
1052, 0
1053, 0
1054, 0
1055, 0
1056, 0
1057, 3
1058, 3
1059, 1
1060, 0
1061, 3
1062, 3
1063, 0
1064, 0
1065, 0
1066, 0
1067, 0
1068, 0
1069, 0
1070, 0
1071, 0
1072, 0
1073, 0
1074, 0
1075, 1
1076, 1
1077, 0
1078, 0
1079, 0
1080, 0
1081, 0
1082, 0
1083, 0
1084, 0
1085, 0
1086, 0
1087, 0
1088, 0
1089, 0
1090, 0
1091, 0
1092, 0
1093, 0
1094, 0
1095, 0
1096, 0
1097, -3
1098, 0
1099, 0
1100, 0
1101, 0
1102, 0
1103, 0
1104, 0
1105, 0
1106, 0
1107, 0
1108, 0
1109, 0
1110, 0
1111, 0
1112, 0
1113, 0
1114, 0
1115, 0
1116, 0
1117, -2
1118, -2
1119, 1
1120, 0
1121, 0
1122, 0
1123, 0
1124, 0
1125, 0
1126, 0
1127, 0
1128, 0
1129, 0
1130, 0
1131, 0
1132, 0
1133, 0
1134, 0
1135, 0
1136, 0
1137, 0
1138, 0
1139, 0
1140, 0
1141, 0
1142, 0
1143, 0
1144, 0
1145, 6
1146, 3
1147, 2
1148, 1
1149, 0
1150, 0
1151, 0
1152, 0
1153, 0
1154, 4
1155, 0
1156, 2
1157, 2
1158, 0
1159, 0
1160, 0
1161, 0
1162, 0
1163, 5
1164, 0
1165, 0
1166, 0
1167, 0
1168, 0
1169, 0
1170, 11
1171, 0
1172, 0
1173, 1
1174, -2
1175, 0
1176, 0
1177, 0
1178, 0
1179, 0
1180, 0
1181, 1
1182, 0
1183, 1
1184, 0
1185, 0
1186, 0
1187, 3
1188, 0
1189, 0
1190, 0
1191, 2
1192, 0
1193, 0
1194, 4
1195, 0
1196, 0
1197, 0
1198, 0
1199, 3
1200, 0
1201, 1
1202, 0
1203, 0
1204, 0
1205, 0
1206, 0
1207, 0
1208, 0
1209, 3
1210, 2
1211, 0
1212, 4
1213, 2
1214, 0
1215, 0
1216, 0
1217, 0
1218, 0
1219, 0
1220, 0
1221, 0
1222, 3
1223, 0
1224, 0
1225, 0
1226, 0
1227, 0
1228, 0
1229, 4
1230, 0
1231, 3
1232, 0
1233, 0
1234, 0
1235, 1
1236, 0
1237, 2
1238, 0
1239, 0
1240, 0
1241, 0
1242, 0
1243, 0
1244, 0
1245, 0
1246, 2
1247, -2
1248, -5
1249, 0
1250, 0
1251, 0
1252, 0
1253, 2
1254, 0
1255, 0
1256, 0
1257, 0
1258, 1
1259, 0
1260, 3
1261, 2
1262, 0
1263, 4
1264, 5
1265, 0
1266, 4
1267, 1
1268, 0
1269, 0
1270, 0
1271, 0
1272, 0
1273, 0
1274, 0
1275, 0
1276, 0
1277, 2
1278, 0
1279, 1
1280, 0
1281, 0
1282, 0
1283, 0
1284, 0
1285, 0
1286, 0
1287, 0
1288, 0
1289, 0
1290, 0
1291, 0
1292, 3
1293, 0
1294, 0
1295, 0
1296, 0
1297, 0
1298, 0
1299, 2
1300, 0
1301, 4
1302, 3
1303, 3
1304, 0
1305, 0
1306, 3
1307, 4
1308, 3
1309, 0
1310, 0
1311, 0
1312, 2
1313, 0
1314, 4
1315, 0
1316, 0
1317, 0
1318, -1
1319, 0
1320, 0
1321, 0
1322, 0
1323, 0
1324, 0
1325, 1
1326, 0
1327, 0
1328, 0
1329, 0
1330, 4
1331, 4
1332, 0
1333, 0
1334, 0
1335, 0
1336, 0
1337, 1
1338, 0
1339, -2
1340, 0
1341, 0
1342, 0
1343, 0
1344, 0
1345, 0
1346, 0
1347, 0
1348, 0
1349, 1
1350, 0
1351, 0
1352, 0
1353, 0
1354, 0
1355, 0
1356, 0
1357, 2
1358, 0
1359, 0
1360, 0
1361, -1
1362, 0
1363, 0
1364, 0
1365, 0
1366, 0
1367, 0
1368, 0
1369, 1
1370, 0
1371, 0
1372, 0
1373, 4
1374, 0
1375, 0
1376, 0
1377, 0
1378, 0
1379, 5
1380, 4
1381, 0
1382, 0
1383, 0
1384, 0
1385, 0
1386, 4
1387, 0
1388, 0
1389, 0
1390, 2
1391, 0
1392, 0
1393, 0
1394, 0
1395, 0
1396, 0
1397, 0
1398, 0
1399, 0
1400, 0
1401, 0
1402, 3
1403, 3
1404, 0
1405, 0
1406, 0
1407, 2
1408, 0
1409, 0
1410, 0
1411, 0
1412, 2
1413, 3
1414, 3
1415, 1
1416, 0
1417, 3
1418, 0
1419, 0
1420, 0
1421, -5
1422, -3
1423, 0
1424, 0
1425, 0
1426, 0
1427, 0
1428, 0
1429, -1
1430, 0
1431, 1
1432, 0
1433, 0
1434, 0
1435, 0
1436, 0
1437, 3
1438, 0
1439, 2
1440, 0
1441, 0
1442, 3
1443, 0
1444, 0
1445, 0
1446, 0
1447, 0
1448, 0
1449, 0
1450, 2
1451, 0
1452, 0
1453, 0
1454, -1
1455, 0
1456, -1
1457, -1
1458, 0
1459, 0
1460, 0
1461, 0
1462, 2
1463, 0
1464, 2
1465, 0
1466, 0
1467, 0
1468, 0
1469, 3
1470, 0
1471, 2
1472, 2
1473, 0
1474, 0
1475, 0
1476, 0
1477, 0
1478, 2
1479, 0
1480, 0
1481, 2
1482, 0
1483, 0
1484, 0
1485, 0
1486, 0
1487, -2
1488, -3
1489, -4
1490, -1
1491, 0
1492, 0
1493, 0
1494, 3
1495, 0
1496, 1
1497, 1
1498, 2
1499, 0
1500, 0
1501, 0
1502, 0
1503, 0
1504, 0
1505, 2
1506, 0
1507, 0
1508, 0
1509, 0
1510, -2
1511, -2
1512, 0
1513, 0
1514, 0
1515, 0
1516, 0
1517, 0
1518, 0
1519, 0
1520, 0
1521, 0
1522, 0
1523, 0
1524, 0
1525, 0
1526, 0
1527, 2
1528, 2
1529, 0
1530, 0
1531, 2
1532, 0
1533, 0
1534, 0
1535, 0
1536, 0
1537, 0
1538, 0
1539, 1
1540, 2
1541, 0
1542, 0
1543, 2
1544, 0
1545, 0
1546, 0
1547, 5
1548, 0
1549, 0
1550, 0
1551, 0
1552, 0
1553, 0
1554, 0
1555, 0
1556, 0
1557, 0
1558, 0
1559, 0
1560, 0
1561, 0
1562, 0
1563, 0
1564, 0
1565, 0
1566, 0
1567, 0
1568, 0
1569, 0
1570, 0
1571, 3
1572, 0
1573, 0
1574, 0
1575, 1
1576, 0
1577, 0
1578, 0
1579, 0
1580, 0
1581, 0
1582, 0
1583, -3
1584, 0
1585, 0
1586, 0
1587, 0
1588, 0
1589, 0
1590, 0
1591, 0
1592, 0
1593, 0
1594, 2
1595, 0
1596, -3
1597, 0
1598, 0
1599, 0
1600, 0
1601, 0
1602, 0
1603, 0
1604, 0
1605, 0
1606, 0
1607, 0
1608, 0
1609, 0
1610, 0
1611, 0
1612, -2
1613, 2
1614, 2
1615, 1
1616, 0
1617, 0
1618, 0
1619, 3
1620, 0
1621, 0
1622, 11
1623, -3
1624, 0
1625, 0
1626, 0
1627, 0
1628, 0
1629, 0
1630, 0
1631, -2
1632, -1
1633, -1
1634, 0
1635, 0
1636, 0
1637, 0
1638, 0
1639, 0
1640, 0
1641, 0
1642, 0
1643, 0
1644, 0
1645, 0
1646, 0
1647, 0
1648, 0
1649, 0
1650, -1
1651, 0
1652, 0
1653, 0
1654, 0
1655, 0
1656, -2
1657, 0
1658, 2
1659, 0
1660, 0
1661, 0
1662, 0
1663, 0
1664, 0
1665, 0
1666, 0
1667, 0
1668, 0
1669, 0
1670, 0
1671, 0
1672, 0
1673, 0
1674, 0
1675, 0
1676, 0
1677, 0
1678, 0
1679, 0
1680, 0
1681, 0
1682, 0
1683, 0
1684, 0
1685, 2
1686, 0
1687, 0
1688, 0
1689, 0
1690, 0
1691, 0
1692, -3
1693, -1
1694, -1
1695, 1
1696, 1
1697, 0
1698, 0
1699, 0
1700, 0
1701, 0
1702, -1
1703, 0
1704, 0
1705, 0
1706, -2
1707, 0
1708, 0
1709, 0
1710, 0
1711, 0
1712, 0
1713, 0
1714, 0
1715, 0
1716, 0
1717, 0
1718, 0
1719, 0
1720, 0
1721, 0
1722, 0
1723, -4
1724, 0
1725, 0
1726, -2
1727, 0
1728, 0
1729, 0
1730, 0
1731, -2
1732, 0
1733, 2
1734, 0
1735, 0
1736, 0
1737, 0
1738, 0
1739, 0
1740, 0
1741, 0
1742, -2
1743, 2
1744, 0
1745, 0
1746, 2
1747, 0
1748, -2
1749, 0
1750, 0
1751, 0
1752, 0
1753, 0
1754, -1
1755, 0
1756, 0
1757, -2
1758, 0
1759, 0
1760, 0
1761, 0
1762, 0
1763, 0
1764, 0
1765, 0
1766, 0
1767, 2
1768, 0
1769, 0
1770, 0
1771, 0
1772, 0
1773, 0
1774, 2
1775, 1
1776, 0
1777, -2
1778, -2
1779, -2
1780, 0
1781, 0
1782, 0
1783, 0
1784, 0
1785, 0
1786, 0
1787, 0
1788, 0
1789, 0
1790, 0
1791, 0
1792, 0
1793, -1
1794, 1
1795, 0
1796, 0
1797, 0
1798, -2
1799, -3
1800, -1
1801, 0
1802, 0
1803, 0
1804, -2
1805, 0
1806, 0
1807, 0
1808, 0
1809, 0
1810, 0
1811, 0
1812, 0
1813, 0
1814, 0
1815, 2
1816, 0
1817, 0
1818, 0
1819, 0
1820, 0
1821, 0
1822, 2
1823, 1
1824, 0
1825, 0
1826, 0
1827, -4
1828, -3
1829, 0
1830, -3
1831, -1
1832, 0
1833, 0
1834, 0
1835, 0
1836, 0
1837, 0
1838, 0
1839, 0
1840, 0
1841, -3
1842, -3
1843, -3
1844, -3
1845, -3
1846, 0
1847, 0
1848, 0
1849, 0
1850, 0
1851, 0
1852, -3
1853, 0
1854, -3
1855, -3
1856, 1
1857, 0
1858, 0
1859, 0
1860, -3
1861, -3
1862, -3
1863, 0
1864, 0
1865, 0
1866, 0
1867, 0
1868, 0
1869, 0
1870, 0
1871, -1
1872, 0
1873, 0
1874, 0
1875, 0
1876, 0
1877, 0
1878, 0
1879, -2
1880, -2
1881, -2
1882, 0
1883, 0
1884, 0
1885, 0
1886, 0
1887, 0
1888, 0
1889, 0
1890, 0
1891, 0
1892, 1
1893, 0
1894, 0
1895, 0
1896, -2
1897, -2
1898, 0
1899, 0
1900, 0
1901, 0
1902, 0
1903, 0
1904, 0
1905, -2
1906, 0
1907, 0
1908, 10
1909, 0
1910, 1
1911, 0
1912, 0
1913, -3
1914, 0
1915, -4
1916, -4
1917, -2
1918, 0
1919, 0
1920, 0
1921, 0
1922, 0
1923, -3
1924, -3
1925, 1
1926, 0
1927, 0
1928, -2
1929, -3
1930, 0
1931, -3
1932, 0
1933, 0
1934, -2
1935, 0
1936, -3
1937, 0
1938, -1
1939, 1
1940, 0
1941, 0
1942, 0
1943, 0
1944, 0
1945, 0
1946, 0
1947, 0
1948, 0
1949, -4
1950, 0
1951, 0
1952, 0
1953, -2
1954, 0
1955, -1
1956, 0
1957, -4
1958, -3
1959, -3
1960, -3
1961, -3
1962, -3
1963, -1
1964, 0
1965, 0
1966, 0
1967, 3
1968, 0
1969, 0
1970, 2
1971, 0
1972, 0
1973, -3
1974, 0
1975, -2
1976, -2
1977, -2
1978, -4
1979, 0
1980, 1
1981, 0
1982, 0
1983, 0
1984, 0
1985, 0
1986, -4
1987, -4
1988, -2
1989, -2
1990, 1
1991, 3
1992, -3
1993, -3
1994, 0
1995, -3
1996, -2
1997, 0
1998, 0
1999, 0
2000, 0
2001, 0
2002, 0
2003, 0
2004, -2
2005, -2
2006, -2
2007, 0
2008, 0
2009, 0
2010, 0
2011, -3
2012, -3
2013, -2
2014, -2
2015, 0
2016, 0
2017, 0
2018, 0
2019, 0
2020, 0
2021, -1
2022, 0
2023, 0
2024, 0
2025, 0
2026, 0
2027, 0
2028, 0
2029, 0
2030, 0
2031, -3
2032, 0
2033, 0
2034, 0
2035, 0
2036, 0
2037, 0
2038, 0
2039, 0
2040, 0
2041, 0
2042, -3
2043, -3
2044, 0
2045, 0
2046, 0
2047, 0
2048, 0
2049, 0
2050, -2
2051, 0
2052, 0
2053, 0
2054, 0
2055, 0
2056, 0
2057, -2
2058, -2
2059, -2
2060, -2
2061, -2
2062, 0
2063, 0
2064, 0
2065, -3
2066, -2
2067, 0
2068, 0
2069, -1
2070, 0
2071, -1
2072, -1
2073, -1
2074, 1
2075, 0
2076, -3
2077, -3
2078, -3
2079, 0
2080, 0
2081, -1
2082, -1
2083, -1
2084, -2
2085, -2
2086, -3
2087, -2
2088, -2
2089, 0
2090, 0
2091, -3
2092, 1
2093, 0
2094, 0
2095, 0
2096, 0
2097, 1
2098, 0
2099, 0
2100, 1
2101, 0
2102, 0
2103, 0
2104, -4
2105, -3
2106, -3
2107, -3
2108, -4
2109, -4
2110, -2
2111, -3
2112, -4
2113, 0
2114, 0
2115, 0
2116, 0
2117, 1
2118, 0
2119, 0
2120, 0
2121, 0
2122, 0
2123, 0
2124, 0
2125, 0
2126, -2
2127, -2
2128, 0
2129, 0
2130, 0
2131, 0
2132, 0
2133, 0
2134, 0
2135, 0
2136, 0
2137, 0
2138, 0
2139, 0
2140, -3
2141, 0
2142, 0
2143, 0
2144, 0
2145, 0
2146, -4
2147, 0
2148, 0
2149, 0
2150, 0
2151, 0
2152, 0
2153, -3
2154, -4
2155, -3
2156, -3
2157, -3
2158, 0
2159, 0
2160, 0
2161, 0
2162, 0
2163, -3
2164, -2
2165, 0
2166, 0
2167, 0
2168, 0
2169, 0
2170, -3
2171, -1
2172, 0
2173, 0
2174, -2
2175, 0
2176, 0
2177, 0
2178, 0
2179, 0
2180, -3
2181, -2
2182, 0
2183, 0
2184, 0
2185, 0
2186, 1
2187, 0
2188, 0
2189, 0
2190, 0
2191, -3
2192, -3
2193, -3
2194, -3
2195, 0
2196, 1
2197, 1
2198, 0
2199, -3
2200, -3
2201, -3
2202, 0
2203, 0
2204, 0
2205, 0
2206, 0
2207, -3
2208, -3
2209, -4
2210, 0
2211, 1
2212, 0
2213, -3
2214, -2
2215, -2
2216, 0
2217, 0
2218, -4
2219, -4
2220, -4
2221, 0
2222, 1
2223, -2
2224, 0
2225, 0
2226, 0
2227, 0
2228, 0
2229, 0
2230, 0
2231, -3
2232, 0
2233, -3
2234, -1
2235, 1
2236, 0
2237, 0
2238, -2
2239, -2
2240, -3
2241, -2
2242, 1
2243, 0
2244, 0
2245, 0
2246, 0
2247, -2
2248, -2
2249, 0
2250, -2
2251, -2
2252, -3
2253, -3
2254, -3
2255, -2
2256, -2
2257, 0
2258, -3
2259, -3
2260, 1
2261, 0
2262, 0
2263, 0
2264, 0
2265, 0
2266, -2
2267, 0
2268, 0
2269, 0
2270, 0
2271, 0
2272, 0
2273, 0
2274, 2
2275, 0
2276, 0
2277, 0
2278, 1
2279, 1
2280, 0
2281, 0
2282, 0
2283, 0
2284, 0
2285, 0
2286, 0
2287, 0
2288, 0
2289, 0
2290, 0
2291, -4
2292, 0
2293, 0
2294, 0
2295, 0
2296, 0
2297, 0
2298, -2
2299, -2
2300, 0
2301, -3
2302, -2
2303, -2
2304, -3
2305, 0
2306, -1
2307, 0
2308, -4
2309, -3
2310, -2
2311, -2
2312, -3
2313, -3
2314, 0
2315, 0
2316, 0
2317, 0
2318, -3
2319, -2
2320, 0
2321, 0
2322, 0
2323, 0
2324, 1
2325, 0
2326, 0
2327, 0
2328, 0
2329, 0
2330, 0
2331, -4
2332, 0
2333, 0
2334, 0
2335, 0
2336, 0
2337, 0
2338, 0
2339, 0
2340, -2
2341, 0
2342, 0
2343, -2
2344, -2
2345, 0
2346, 0
2347, 0
2348, 0
2349, 0
2350, -4
2351, -3
2352, -3
2353, -4
2354, -3
2355, 0
2356, 1
2357, 0
2358, 0
2359, 1
2360, 0
2361, -2
2362, 0
2363, 0
2364, -3
2365, -2
2366, 1
2367, 0
2368, 0
2369, 0
2370, -4
2371, -4
2372, -3
2373, -3
2374, -3
2375, 0
2376, 0
2377, 0
2378, 0
2379, 0
2380, 0
2381, 0
2382, 0
2383, 0
2384, 0
2385, -1
2386, -1
2387, 0
2388, -3
2389, -1
2390, 0
2391, 0
2392, 1
2393, 0
2394, -2
2395, -2
2396, -3
2397, -3
2398, 0
2399, 0
2400, 0
2401, 0
2402, 0
2403, 0
2404, 0
2405, 0
2406, 0
2407, 1
2408, -2
2409, -2
2410, -2
2411, 0
2412, 0
2413, 2
2414, 0
2415, 0
2416, 0
2417, 1
2418, 1
2419, 0
2420, 0
2421, 0
2422, 0
2423, 1
2424, 0
2425, -2
2426, -3
2427, -3
2428, -4
2429, -4
2430, 0
2431, 0
2432, 0
2433, 0
2434, -4
2435, 0
2436, 0
2437, 0
2438, 0
2439, -3
2440, 0
2441, 0
2442, -3
2443, -3
2444, -3
2445, -4
2446, 0
2447, 0
2448, 0
2449, 0
2450, 0
2451, -3
2452, -4
2453, -2
2454, -3
2455, -4
2456, -4
2457, -5
2458, -5
2459, 0
2460, -3
2461, -2
2462, -2
2463, -2
2464, -3
2465, 0
2466, 0
2467, 0
2468, 0
2469, 0
2470, 0
2471, 0
2472, 1
2473, 0
2474, -3
2475, -3
2476, 0
2477, -1
2478, 0
2479, -3
2480, 1
2481, 0
2482, 0
2483, 0
2484, 0
2485, 0
2486, 0
2487, 0
2488, -4
2489, -3
2490, -3
2491, -3
2492, -3
2493, -3
2494, 0
2495, 0
2496, 0
2497, -4
2498, 0
2499, 0
2500, 0
2501, -4
2502, -3
2503, -4
2504, -4
2505, -5
2506, -4
2507, -4
2508, -3
2509, 0
2510, 0
2511, 0
2512, 0
2513, -2
2514, 0
2515, 1
2516, -4
2517, -4
2518, 0
2519, 0
2520, 0
2521, -4
2522, -4
2523, 0
2524, 0
2525, 0
2526, 0
2527, 1
2528, -1
2529, -1
2530, 0
2531, 0
2532, 0
2533, 0
2534, 0
2535, 0
2536, 0
2537, 0
2538, 0
2539, -3
2540, -4
2541, -2
2542, -2
2543, -2
2544, -3
2545, 0
2546, 0
2547, 0
2548, -3
2549, -3
2550, -3
2551, -3
2552, -3
2553, -4
2554, 0
2555, 0
2556, 0
2557, 0
2558, -4
2559, -3
2560, 0
2561, 0
2562, 0
2563, 0
2564, 1
2565, 0
2566, -5
2567, -5
2568, -4
2569, -5
2570, -4
2571, -4
2572, -4
2573, -4
2574, 0
2575, 0
2576, 0
2577, -3
2578, -3
2579, 0
2580, 0
2581, 0
2582, -1
2583, -3
2584, -3
2585, 0
2586, -4
2587, -4
2588, -4
2589, -3
2590, 0
2591, 0
2592, 0
2593, 0
2594, 0
2595, 0
2596, -1
2597, -4
2598, 0
2599, 0
2600, -3
2601, -3
2602, 0
2603, 0
2604, 0
2605, 0
2606, 0
2607, 0
2608, 0
2609, 0
2610, -5
2611, 0
2612, 0
2613, 1
2614, 0
2615, -3
2616, -3
2617, 0
2618, -3
2619, -3
2620, 0
2621, 0
2622, -2
2623, -2
2624, -2
2625, -3
2626, 0
2627, 0
2628, 0
2629, -4
2630, -5
2631, 0
2632, 0
2633, 0
2634, -3
2635, 0
2636, 0
2637, -3
2638, 0
2639, 0
2640, 0
2641, 0
2642, -2
2643, -3
2644, -3
2645, -3
2646, -2
2647, -2
2648, -3
2649, -5
2650, 0
2651, -4
2652, -3
2653, -3
2654, -3
2655, -3
2656, -3
2657, -3
2658, -4
2659, 0
2660, 1
2661, 0
2662, 1
2663, 0
2664, -3
2665, -3
2666, -3
2667, -3
2668, -3
2669, -3
2670, -3
2671, -3
2672, -3
2673, -2
2674, -3
2675, -3
2676, -2
2677, -2
2678, -4
2679, -4
2680, -3
2681, -4
2682, -3
2683, 0
2684, 1
2685, 0
2686, -2
2687, -2
2688, -2
2689, -3
2690, -4
2691, -4
2692, -3
2693, -4
2694, -4
2695, -4
2696, -4
2697, -3
2698, -3
2699, 0
2700, 0
2701, 0
2702, -3
2703, -3
2704, -3
2705, -2
2706, -2
2707, 0
2708, -3
2709, -3
2710, -3
2711, -4
2712, -2
2713, -2
2714, -2
2715, -4
2716, -3
2717, -4
2718, -4
2719, -4
2720, 0
2721, 0
2722, -2
2723, -3
2724, -3
2725, -3
2726, -3
2727, 0
2728, -3
2729, -3
2730, -3
2731, -3
2732, 0
2733, 0
2734, 0
2735, 0
2736, -3
2737, 0
2738, 0
2739, 0
2740, -1
2741, 0
2742, 0
2743, -1
2744, -1
2745, 0
2746, 0
2747, 0
2748, 0
2749, 0
2750, -2
2751, -3
2752, -3
2753, -4
2754, -3
2755, -2
2756, -2
2757, -4
2758, -4
2759, 0
2760, -1
2761, 0
2762, 0
2763, 0
2764, 0
2765, -4
2766, 0
2767, 0
2768, -3
2769, -4
2770, -4
2771, -3
2772, -3
2773, 0
2774, 0
2775, -3
2776, -4
2777, -3
2778, -3
2779, -3
2780, -4
2781, -4
2782, -3
2783, -3
2784, -3
2785, -4
2786, -4
2787, -4
2788, -4
2789, -4
2790, -2
2791, -3
2792, -3
2793, -3
2794, -3
2795, -3
2796, -3
2797, -3
2798, -3
2799, -4
2800, -5
2801, 0
2802, 0
2803, 0
2804, 0
2805, 0
2806, 0
2807, 0
2808, 0
2809, -5
2810, -5
2811, -5
2812, -5
2813, 0
2814, 0
2815, -3
2816, -3
2817, 0
2818, 0
2819, 0
2820, 1
2821, 0
2822, 0
2823, 0
2824, -4
2825, -3
2826, -2
2827, 0
2828, -1
2829, -2
2830, -2
2831, -2
2832, -3
2833, 0
2834, 0
2835, 0
2836, 0
2837, -1
2838, -3
2839, -3
2840, 0
2841, 0
2842, -3
2843, -2
2844, -2
2845, 0
2846, -4
2847, -5
2848, -3
2849, -3
2850, 0
2851, 0
2852, 0
2853, -3
2854, -3
2855, -3
2856, -3
2857, 0
2858, -4
2859, -3
2860, -3
2861, -5
2862, -3
2863, -3
2864, -4
2865, -4
2866, -3
2867, -3
2868, 0
2869, -4
2870, -3
2871, -4
2872, 0
2873, -3
2874, -2
2875, -2
2876, 0
2877, 0
2878, -4
2879, 0
2880, 0
2881, 0
2882, 0
2883, 0
2884, -5
2885, -3
2886, 0
2887, 0
2888, -4
2889, -5
2890, 0
2891, 0
2892, 0
2893, 0
2894, 0
2895, 0
2896, -3
2897, 0
2898, -2
2899, -2
2900, -2
2901, 0
2902, 0
2903, 0
2904, 0
2905, -3
2906, -3
2907, -3
2908, -3
2909, -1
2910, 0
2911, -4
2912, -4
2913, -4
2914, 0
2915, 0
2916, 1
2917, -1
2918, 0
2919, -3
2920, -3
2921, -3
2922, -2
2923, -2
2924, 0
2925, 0
2926, -3
2927, -4
2928, -5
2929, -4
2930, 0
2931, -4
2932, -4
2933, -3
2934, 0
2935, 0
2936, 0
2937, -3
2938, -3
2939, -3
2940, -4
2941, -4
2942, -3
2943, -3
2944, 0
2945, 0
2946, 0
2947, -3
2948, -2
2949, -3
2950, -4
2951, 0
2952, 0
2953, 1
2954, 1
2955, 0
2956, 0
2957, -1
2958, -1
2959, 0
2960, 0
2961, 0
2962, 0
2963, 0
2964, -3
2965, 0
2966, -4
2967, -3
2968, -3
2969, -3
2970, -4
2971, -3
2972, -3
2973, -3
2974, 0
2975, 0
2976, 0
2977, 0
2978, -4
2979, -4
2980, 0
2981, 0
2982, 0
2983, 0
2984, 0
2985, 0
2986, 0
2987, 0
2988, -4
2989, -4
2990, 0
2991, 0
2992, -1
2993, -3
2994, -3
2995, -3
2996, -2
2997, -3
2998, -3
2999, -3
3000, -4
3001, 0
3002, 0
3003, 0
3004, -3
3005, 0
3006, 0
3007, 0
3008, 0
3009, -3
3010, 0
3011, -4
3012, 1
3013, -3
3014, -4
3015, -4
3016, 0
3017, 0
3018, -4
3019, -4
3020, -4
3021, -3
3022, -3
3023, 0
3024, -2
3025, -2
3026, 0
3027, -3
3028, -3
3029, -3
3030, -4
3031, 0
3032, -5
3033, 0
3034, 0
3035, 0
3036, 0
3037, -4
3038, -3
3039, -3
3040, 0
3041, -2
3042, 0
3043, -3
3044, 0
3045, 0
3046, 0
3047, -3
3048, -4
3049, -3
3050, 0
3051, -3
3052, -4
3053, 0
3054, 0
3055, 0
3056, -3
3057, -3
3058, -3
3059, -2
3060, -4
3061, -4
3062, -4
3063, 0
3064, -5
3065, -3
3066, -3
3067, -3
3068, -4
3069, -5
3070, -5
3071, -5
3072, -6
3073, -5
3074, 0
3075, -4
3076, -4
3077, -4
3078, -5
3079, 0
3080, -3
3081, 0
3082, -5
3083, -4
3084, 0
3085, -3
3086, -2
3087, -2
3088, 0
3089, 0
3090, 0
3091, 0
3092, 0
3093, 0
3094, 0
3095, 0
3096, -4
3097, 0
3098, 0
3099, -4
3100, 0
3101, 0
3102, -3
3103, 0
3104, -3
3105, 1
3106, -4
3107, -4
3108, 0
3109, 0
3110, -3
3111, -2
3112, -2
3113, -3
3114, -3
3115, 0
3116, 0
3117, 0
3118, 0
3119, -2
3120, -3
3121, -3
3122, -3
3123, -3
3124, -3
3125, -3
3126, -3
3127, -3
3128, -3
3129, -4
3130, 0
3131, 0
3132, -5
3133, -4
3134, 1
3135, 0
3136, 0
3137, 0
3138, 0
3139, 1
3140, -3
3141, 0
3142, 1
3143, 0
3144, 0
3145, 0
3146, 0
3147, -2
3148, 0
3149, 0
3150, -3
3151, -3
3152, -4
3153, 0
3154, 0
3155, -5
3156, -3
3157, 0
3158, -4
3159, -3
3160, 0
3161, -1
3162, 0
3163, -3
3164, -3
3165, -3
3166, 0
3167, 0
3168, -3
3169, -3
3170, -4
3171, -4
3172, -4
3173, 0
3174, 0
3175, 0
3176, 0
3177, 0
3178, -3
3179, -1
3180, -3
3181, 1
3182, 0
3183, -5
3184, -4
3185, -4
3186, -4
3187, -3
3188, -3
3189, 0
3190, 0
3191, -3
3192, -4
3193, -5
3194, 0
3195, 0
3196, -3
3197, -3
3198, 0
3199, 0
3200, -3
3201, 0
3202, 0
3203, -3
3204, -3
3205, 0
3206, 0
3207, -3
3208, -3
3209, -3
3210, -2
3211, -3
3212, 0
3213, -4
3214, -4
3215, -4
3216, 0
3217, -3
3218, -3
3219, -3
3220, -3
3221, -3
3222, -3
3223, 0
3224, 0
3225, -2
3226, -1
3227, 0
3228, 0
3229, 0
3230, 0
3231, 0
3232, 0
3233, 0
3234, 0
3235, 0
3236, -5
3237, -4
3238, 0
3239, 0
3240, 0
3241, 0
3242, -2
3243, 0
3244, 0
3245, 0
3246, -2
3247, 0
3248, -1
3249, 0
3250, -3
3251, -1
3252, -1
3253, 0
3254, 1
3255, 0
3256, 0
3257, -4
3258, -3
3259, -4
3260, 0
3261, -3
3262, -4
3263, -2
3264, -3
3265, -3
3266, -3
3267, 0
3268, 0
3269, 0
3270, 0
3271, 0
3272, 0
3273, 0
3274, 0
3275, -1
3276, 0
3277, -3
3278, -1
3279, 0
3280, -3
3281, -2
3282, 0
3283, 0
3284, 0
3285, 0
3286, 0
3287, -3
3288, -3
3289, -3
3290, -3
3291, -3
3292, 0
3293, 0
3294, 0
3295, -2
3296, -2
3297, 0
3298, 0
3299, 0
3300, -1
3301, -1
3302, 1
3303, 0
3304, 0
3305, 0
3306, -3
3307, -3
3308, 0
3309, 0
3310, 0
3311, 0
3312, 0
3313, 0
3314, 1
3315, 0
3316, -3
3317, -3
3318, -3
3319, -3
3320, 0
3321, 1
3322, 0
3323, 0
3324, 0
3325, 0
3326, 0
3327, -3
3328, 0
3329, 0
3330, -4
3331, -4
3332, 0
3333, -3
3334, 0
3335, -4
3336, -3
3337, 0
3338, 0
3339, 0
3340, 0
3341, -1
3342, 0
3343, 0
3344, 0
3345, 0
3346, 1
3347, 0
3348, 0
3349, 0
3350, 0
3351, -4
3352, 0
3353, 0
3354, 0
3355, -3
3356, 0
3357, 0
3358, -2
3359, -2
3360, -3
3361, 0
3362, 0
3363, -3
3364, 0
3365, 0
3366, -2
3367, -2
3368, -1
3369, 0
3370, 0
3371, 0
3372, -1
3373, -3
3374, -3
3375, -3
3376, 1
3377, -5
3378, 0
3379, 0
3380, -4
3381, -3
3382, -3
3383, -3
3384, -3
3385, -4
3386, -4
3387, -5
3388, -6
3389, -3
3390, 0
3391, 1
3392, 0
3393, 0
3394, 1
3395, 0
3396, -3
3397, 0
3398, -3
3399, 0
3400, -3
3401, 0
3402, 0
3403, -3
3404, 0
3405, 0
3406, -1
3407, 0
3408, -1
3409, -3
3410, -3
3411, -3
3412, 0
3413, 0
3414, 0
3415, 0
3416, 0
3417, 0
3418, 0
3419, 0
3420, 0
3421, 0
3422, 0
3423, 0
3424, 0
3425, 0
3426, 0
3427, 0
3428, 0
3429, 0
3430, 0
3431, 0
3432, 0
3433, 0
3434, -3
3435, -3
3436, -3
3437, 0
3438, 0
3439, 0
3440, 0
3441, 0
3442, -3
3443, -3
3444, 1
3445, -4
3446, 0
3447, -4
3448, -4
3449, -2
3450, -2
3451, 0
3452, -2
3453, -3
3454, -4
3455, 0
3456, 0
3457, -4
3458, 0
3459, 0
3460, -1
3461, 0
3462, 0
3463, 0
3464, 0
3465, -3
3466, 0
3467, 0
3468, 0
3469, 1
3470, 0
3471, -1
3472, 0
3473, -2
3474, 0
3475, -3
3476, 0
3477, 0
3478, 0
3479, 0
3480, -3
3481, -3
3482, 0
3483, -5
3484, 0
3485, -1
3486, 0
3487, -3
3488, -3
3489, -1
3490, 0
3491, 0
3492, 0
3493, 1
3494, 0
3495, 0
3496, 0
3497, 0
3498, 0
3499, -2
3500, -2
3501, -3
3502, -3
3503, -1
3504, 0
3505, 0
3506, -2
3507, -3
3508, 0
3509, 0
3510, 0
3511, 0
3512, -3
3513, -4
3514, -3
3515, 0
3516, -2
3517, 0
3518, 0
3519, 0
3520, -3
3521, -3
3522, -4
3523, 0
3524, 1
3525, 0
3526, -2
3527, 0
3528, 0
3529, 0
3530, 0
3531, -4
3532, 0
3533, 0
3534, 0
3535, -3
3536, 0
3537, -4
3538, -2
3539, -2
3540, -4
3541, 0
3542, 1
3543, 0
3544, -2
3545, 0
3546, -3
3547, -3
3548, 0
3549, 0
3550, 0
3551, 0
3552, -2
3553, -2
3554, 0
3555, 0
3556, 0
3557, 0
3558, 0
3559, -4
3560, 0
3561, -6
3562, -1
3563, -3
3564, -3
3565, 0
3566, 0
3567, 0
3568, 0
3569, -5
3570, 0
3571, -3
3572, -3
3573, -2
3574, 0
3575, 0
3576, -1
3577, -2
3578, -2
3579, 0
3580, 0
3581, 0
3582, 0
3583, 0
3584, 0
3585, -2
3586, 0
3587, 0
3588, 0
3589, 0
3590, 0
3591, 1
3592, 0
3593, -3
3594, 0
3595, 0
3596, 0
3597, 0
3598, 0
3599, -1
3600, 0
3601, -3
3602, -3
3603, 0
3604, -1
3605, 0
3606, 0
3607, 0
3608, -1
3609, -1
3610, -1
3611, 0
3612, 0
3613, 0
3614, 0
3615, 0
3616, 0
3617, 0
3618, -1
3619, 0
3620, -3
3621, 0
3622, 0
3623, -3
3624, 0
3625, 0
3626, -1
3627, 1
3628, 0
3629, 0
3630, 0
3631, -1
3632, -3
3633, -3
3634, 1
3635, 0
3636, 0
3637, 0
3638, 0
3639, 0
3640, 0
3641, -4
3642, 0
3643, -3
3644, 0
3645, 0
3646, 0
3647, 0
3648, 0
3649, 0
3650, 0
3651, -2
3652, 0
3653, 0
3654, 0
3655, -3
3656, 0
3657, 0
3658, 0
3659, -3
3660, 0
3661, 0
3662, -1
3663, 0
3664, 0
3665, 0
3666, 0
3667, -1
3668, -3
3669, -3
3670, -2
3671, 0
3672, 1
3673, -1
3674, 0
3675, 0
3676, 0
3677, -5
3678, 0
3679, -4
3680, -4
3681, -3
3682, 0
3683, 0
3684, 0
3685, 0
3686, 0
3687, 0
3688, -3
3689, -2
3690, 0
3691, 0
3692, -3
3693, 0
3694, 0
3695, 0
3696, -1
3697, -4
3698, -5
3699, -3
3700, 0
3701, -3
3702, -3
3703, -3
3704, 0
3705, 0
3706, 0
3707, -3
3708, 0
3709, 0
3710, 0
3711, 0
3712, 1
3713, 0
3714, 0
3715, 0
3716, 0
3717, -2
3718, 0
3719, -3
3720, 0
3721, 0
3722, -1
3723, 0
3724, -1
3725, -1
3726, -1
3727, -1
3728, -1
3729, 0
3730, 0
3731, -1
3732, -4
3733, -3
3734, -3
3735, -2
3736, -2
3737, 0
3738, 0
3739, 0
3740, 0
3741, 0
3742, -1
3743, -1
3744, -1
3745, 0
3746, -1
3747, -3
3748, -3
3749, 0
3750, 0
3751, -1
3752, -1
3753, 0
3754, 0
3755, 0
3756, -1
3757, -1
3758, 0
3759, -3
3760, 0
3761, -1
3762, 0
3763, 0
3764, 1
3765, -3
3766, 0
3767, 0
3768, -2
3769, -3
3770, 1
3771, -1
3772, -1
3773, -1
3774, 0
3775, 0
3776, 0
3777, 0
3778, 0
3779, 1
3780, 0
3781, 0
3782, 0
3783, 0
3784, -1
3785, -1
3786, 0
3787, 0
3788, -1
3789, 0
3790, -1
3791, -1
3792, 0
3793, 1
3794, 0
3795, 0
3796, 0
3797, -2
3798, -2
3799, 0
3800, 0
3801, 0
3802, 0
3803, 0
3804, 0
3805, -1
3806, 0
3807, -1
3808, 0
3809, 0
3810, 3
3811, 0
3812, -1
3813, -4
3814, 0
3815, -4
3816, 0
3817, -1
3818, 0
3819, 0
3820, 0
3821, 0
3822, 0
3823, -1
3824, -1
3825, -3
3826, 0
3827, -4
3828, 0
3829, 0
3830, 0
3831, 0
3832, 0
3833, 0
3834, -1
3835, 0
3836, -2
3837, -4
3838, 0
3839, 0
3840, 0
3841, 0
3842, -1
3843, -2
3844, -2
3845, -2
3846, 0
3847, 0
3848, -1
3849, -3
3850, 0
3851, -1
3852, 0
3853, 1
3854, 0
3855, 0
3856, 0
3857, 0
3858, 1
3859, -1
3860, -1
3861, -4
3862, 0
3863, 0
3864, 0
3865, -2
3866, 0
3867, 0
3868, 0
3869, -2
3870, 0
3871, 0
3872, -1
3873, 0
3874, 1
3875, 0
3876, 0
3877, -2
3878, -1
3879, 0
3880, 0
3881, -1
3882, 0
3883, 0
3884, 0
3885, -1
3886, 0
3887, 0
3888, -1
3889, -2
3890, 0
3891, -4
3892, 0
3893, 0
3894, 0
3895, -3
3896, -2
3897, -3
3898, 0
3899, 0
3900, 1
3901, 0
3902, -1
3903, -1
3904, 1
3905, 0
3906, -1
3907, -1
3908, -3
3909, 0
3910, -1
3911, 0
3912, 0
3913, 0
3914, 0
3915, 0
3916, 0
3917, 0
3918, -1
3919, 0
3920, 0
3921, -1
3922, -1
3923, -1
3924, 1
3925, -2
3926, -2
3927, -3
3928, 0
3929, 0
3930, -1
3931, -1
3932, -1
3933, 1
3934, 0
3935, -2
3936, -4
3937, 0
3938, 0
3939, -1
3940, -1
3941, -1
3942, 0
3943, -1
3944, 0
3945, -2
3946, -1
3947, 0
3948, 0
3949, 0
3950, 0
3951, 0
3952, 0
3953, 0
3954, 0
3955, 0
3956, 0
3957, 0
3958, 0
3959, 0
3960, 0
3961, 0
3962, 3
3963, 0
3964, 0
3965, 0
3966, 0
3967, -2
3968, 0
3969, -1
3970, 0
3971, 0
3972, 0
3973, 0
3974, 0
3975, 0
3976, 0
3977, 0
3978, 0
3979, 0
3980, 0
3981, 0
3982, 0
3983, 0
3984, 0
3985, 0
3986, 0
3987, 0
3988, 0
3989, 0
3990, 0
3991, 0
3992, 0
3993, 0
3994, 0
3995, 0
3996, 0
3997, 0
3998, 0
3999, 0
4000, 0
4001, 0
4002, 0
4003, 0
4004, 0
4005, 0
4006, 0
4007, 0
4008, 0
4009, 0
4010, 0
4011, 3
4012, 2
4013, 0
4014, 0
4015, 1
4016, 0
4017, 0
4018, 0
4019, 0
4020, 0
4021, 0
4022, 0
4023, 0
4024, 4
4025, 0
4026, 0
4027, 0
4028, 0
4029, 0
4030, -11
4031, 0
4032, -2
4033, 0
4034, 0
4035, 0
4036, 0
4037, 0
4038, 0
4039, 1
4040, 0
4041, 0
4042, 0
4043, 0
4044, 0
4045, -1
4046, 0
4047, -1
4048, 0
4049, 1
4050, 0
4051, 0
4052, 0
4053, 0
4054, 2
4055, 0
4056, 0
4057, 0
4058, -2
4059, 0
4060, 1
4061, 0
4062, 0
4063, 0
4064, 0
4065, 0
4066, 1
4067, 0
4068, 0
4069, -1
4070, -1
4071, 0
4072, 0
4073, -1
4074, -1
4075, 0
4076, 0
4077, -1
4078, 0
4079, 0
4080, -1
4081, 0
4082, 0
4083, 0
4084, -1
4085, 0
4086, 0
4087, 0
4088, 0
4089, -1
4090, 0
4091, -1
4092, 0
4093, 0
4094, 0
4095, -3
4096, 0
4097, 0
4098, 0
4099, -1
4100, 0
4101, -1
4102, 0
4103, 0
4104, 0
4105, 0
4106, 1
4107, 0
4108, 1
4109, 0
4110, 0
4111, -1
4112, 0
4113, 0
4114, 0
4115, 0
4116, 0
4117, 0
4118, 0
4119, 0
4120, 0
4121, -4
4122, 0
4123, 0
4124, 0
4125, 0
4126, 0
4127, 0
4128, -1
4129, 0
4130, 0
4131, 2
4132, 0
4133, 0
4134, 0
4135, 0
4136, 0
4137, 0
4138, 0
4139, 0
4140, 0
4141, 0
4142, 0
4143, 0
4144, 0
4145, 0
4146, -2
4147, -1
4148, 0
4149, 0
4150, 0
4151, 0
4152, 0
4153, -1
4154, -2
4155, 0
4156, 0
4157, 0
4158, 1
4159, -1
4160, 0
4161, 0
4162, 1
4163, 0
4164, 1
4165, 0
4166, 3
4167, 0
4168, 0
4169, 0
4170, 0
4171, 0
4172, 0
4173, -1
4174, -1
4175, -1
4176, 0
4177, 0
4178, 1
4179, 0
4180, 1
4181, 0
4182, 0
4183, 0
4184, 0
4185, 0
4186, 0
4187, 0
4188, 0
4189, -1
4190, 1
4191, 0
4192, 1
4193, -1
4194, -1
4195, 0
4196, 0
4197, 0
4198, 0
4199, -1
4200, 0
4201, 0
4202, 0
4203, 0
4204, 0
4205, 0
4206, 0
4207, 0
4208, 0
4209, 1
4210, -1
4211, 0
4212, 0
4213, 0
4214, 0
4215, -4
4216, 0
4217, 1
4218, 0
4219, -1
4220, -1
4221, -3
4222, 0
4223, -2
4224, 0
4225, 0
4226, 0
4227, 0
4228, -1
4229, -1
4230, 0
4231, 0
4232, 0
4233, -1
4234, 0
4235, 0
4236, -1
4237, 0
4238, 0
4239, 0
4240, 0
4241, 0
4242, 0
4243, 0
4244, 0
4245, 0
4246, -1
4247, 0
4248, 1
4249, 0
4250, 0
4251, 0
4252, 1
4253, 0
4254, 1
4255, 0
4256, 0
4257, 0
4258, -1
4259, -1
4260, 0
4261, 0
4262, 1
4263, 0
4264, 1
4265, 0
4266, 0
4267, 0
4268, 0
4269, 0
4270, 0
4271, 1
4272, 0
4273, 0
4274, 1
4275, -1
4276, 0
4277, 0
4278, 0
4279, 0
4280, 1
4281, 0
4282, 1
4283, -1
4284, 0
4285, 0
4286, 0
4287, 0
4288, 0
4289, -4
4290, 0
4291, 0
4292, 0
4293, 0
4294, 0
4295, 0
4296, 0
4297, 1
4298, 0
4299, 0
4300, 0
4301, 0
4302, 0
4303, 0
4304, 0
4305, 0
4306, 0
4307, 0
4308, 0
4309, 2
4310, 0
4311, 0
4312, 1
4313, 0
4314, 0
4315, 0
4316, 0
4317, 0
4318, 0
4319, 0
4320, 0
4321, 0
4322, 1
4323, 0
4324, 2
4325, 0
4326, 0
4327, 0
4328, 0
4329, 0
4330, 0
4331, 0
4332, 0
4333, 0
4334, -1
4335, 1
4336, 0
4337, 0
4338, 0
4339, 0
4340, 1
4341, 0
4342, -1
4343, -1
4344, 0
4345, 0
4346, 2
4347, 0
4348, 1
4349, 0
4350, 0
4351, 0
4352, 0
4353, 0
4354, 0
4355, 0
4356, 0
4357, -1
4358, 0
4359, -1
4360, 0
4361, 0
4362, 0
4363, 0
4364, 0
4365, 0
4366, 1
4367, 0
4368, 0
4369, 0
4370, 0
4371, 0
4372, 0
4373, 0
4374, 1
4375, 0
4376, 0
4377, 0
4378, 0
4379, 0
4380, 0
4381, 0
4382, 0
4383, 0
4384, -1
4385, -1
4386, 0
4387, 0
4388, 0
4389, 0
4390, 1
4391, 0
4392, 0
4393, 0
4394, -1
4395, 0
4396, 0
4397, 0
4398, 0
4399, 0
4400, 0
4401, 0
4402, 1
4403, 0
4404, 0
4405, 1
4406, 0
4407, 0
4408, 0
4409, 0
4410, 0
4411, 0
4412, 0
4413, 0
4414, 0
4415, 0
4416, 0
4417, -1
4418, 0
4419, 0
4420, 1
4421, -1
4422, 0
4423, 0
4424, 0
4425, 0
4426, 0
4427, 1
4428, 0
4429, 0
4430, 0
4431, 1
4432, 0
4433, 0
4434, 0
4435, 0
4436, 0
4437, 0
4438, 0
4439, 0
4440, 0
4441, 0
4442, 0
4443, 0
4444, 0
4445, 0
4446, 0
4447, 0
4448, 1
4449, 0
4450, 0
4451, 0
4452, 0
4453, 0
4454, 0
4455, 0
4456, 2
4457, 0
4458, 2
4459, 0
4460, 0
4461, 0
4462, 0
4463, 0
4464, 0
4465, 0
4466, 0
4467, 0
4468, 0
4469, 0
4470, 0
4471, 0
4472, 0
4473, 0
4474, 0
4475, 0
4476, 0
4477, 0
4478, 0
4479, 1
4480, 0
4481, 0
4482, 0
4483, 0
4484, 0
4485, 0
4486, 0
4487, 0
4488, 0
4489, 0
4490, 0
4491, 0
4492, 0
4493, 0
4494, 0
4495, 0
4496, 0
4497, 0
4498, 0
4499, 0
4500, 0
4501, 0
4502, 0
4503, 0
4504, 0
4505, 0
4506, 0
4507, 0
4508, 0
4509, 0
4510, 1
4511, 1
4512, 0
4513, 0
4514, 0
4515, 0
4516, 0
4517, 0
4518, 0
4519, 0
4520, 0
4521, 0
4522, 0
4523, 0
4524, 0
4525, 0
4526, 0
4527, 0
4528, 0
4529, 0
4530, 0
4531, 0
4532, 0
4533, 0
