0, 0
1, 0
2, 0
3, 0
4, 0
5, 0
6, 0
7, 0
8, 0
9, 0
10, 0
11, 0
12, 0
13, 0
14, 0
15, 0
16, 0
17, 0
18, 0
19, 0
20, 0
21, 0
22, 0
23, 0
24, 0
25, 0
26, 0
27, 0
28, 0
29, 0
30, 0
31, 0
32, 0
33, 0
34, 0
35, 0
36, 0
37, 0
38, 0
39, 0
40, 0
41, 0
42, 0
43, 0
44, 0
45, 0
46, 0
47, 0
48, 0
49, 0
50, 0
51, 0
52, 0
53, 0
54, 0
55, 0
56, 0
57, 0
58, 0
59, 0
60, 0
61, 0
62, 0
63, 0
64, 0
65, 0
66, 0
67, 0
68, 0
69, 0
70, 0
71, 0
72, 0
73, 0
74, 0
75, 0
76, 0
77, 0
78, 0
79, 0
80, 0
81, 0
82, 0
83, 0
84, 0
85, 0
86, 0
87, 0
88, 0
89, 0
90, 0
91, 0
92, 0
93, 0
94, 0
95, 0
96, 0
97, 0
98, 0
99, 0
100, 0
101, 0
102, 0
103, 0
104, 0
105, 0
106, 0
107, 0
108, 0
109, 0
110, 0
111, 0
112, 0
113, 0
114, 0
115, 0
116, 0
117, 0
118, 0
119, 0
120, 0
121, 0
122, 0
123, 0
124, 0
125, 0
126, 0
127, 0
128, 0
129, 0
130, 0
131, 0
132, 0
133, 0
134, 0
135, 0
136, 0
137, 0
138, 0
139, 0
140, 0
141, 0
142, 0
143, 0
144, 0
145, 0
146, 0
147, 0
148, 0
149, 0
150, 0
151, 0
152, 0
153, 0
154, 0
155, 0
156, 0
157, 0
158, 0
159, 0
160, 0
161, 0
162, 0
163, 0
164, 0
165, 0
166, 0
167, 0
168, 0
169, 0
170, 0
171, 0
172, 0
173, 0
174, 0
175, 0
176, 0
177, 0
178, 0
179, 0
180, 0
181, 0
182, 0
183, 0
184, 0
185, 0
186, 3
187, 2
188, 3
189, 3
190, 3
191, 3
192, 0
193, 0
194, 0
195, 0
196, 0
197, 0
198, 0
199, 0
200, 0
201, 0
202, 0
203, 0
204, 0
205, 0
206, 0
207, 0
208, 0
209, 0
210, 0
211, 3
212, 2
213, 0
214, -1
215, 0
216, 0
217, 0
218, 0
219, 0
220, 0
221, 0
222, 0
223, 0
224, 0
225, 0
226, 0
227, 0
228, 0
229, 0
230, 0
231, 0
232, 0
233, 0
234, 0
235, 0
236, 0
237, 0
238, 0
239, 0
240, 0
241, 0
242, 0
243, 0
244, 0
245, 0
246, 0
247, 0
248, 0
249, 0
250, 0
251, 0
252, 0
253, 0
254, 0
255, 0
256, 0
257, 0
258, 0
259, 0
260, 0
261, 0
262, 0
263, 0
264, 0
265, 0
266, 0
267, 0
268, 0
269, 0
270, 0
271, 0
272, 0
273, 0
274, 0
275, 0
276, 0
277, 0
278, 0
279, 0
280, 0
281, 0
282, 0
283, 0
284, 0
285, 0
286, 0
287, 0
288, 6
289, 4
290, 0
291, 0
292, 6
293, 4
294, 4
295, 3
296, 1
297, 0
298, 0
299, -3
300, -3
301, 0
302, 0
303, 0
304, -3
305, 0
306, -2
307, 0
308, -4
309, -3
310, -4
311, -3
312, -2
313, 0
314, 0
315, 0
316, 1
317, 1
318, 2
319, 0
320, 0
321, 1
322, 1
323, 1
324, 1
325, 2
326, 2
327, 0
328, -2
329, 0
330, -5
331, 0
332, 0
333, 1
334, 0
335, 3
336, 0
337, 5
338, 5
339, 0
340, 1
341, 0
342, 0
343, -1
344, -1
345, -1
346, -2
347, 0
348, -5
349, -4
350, -4
351, 0
352, 0
353, 0
354, 0
355, 0
356, 0
357, 1
358, 2
359, 0
360, 0
361, 0
362, 2
363, 0
364, 0
365, 0
366, 0
367, -2
368, 0
369, 2
370, 0
371, 3
372, 3
373, 0
374, 0
375, 1
376, 1
377, 2
378, 0
379, 3
380, 3
381, 0
382, 0
383, 0
384, 3
385, 3
386, 0
387, 0
388, -2
389, 0
390, 0
391, 0
392, 0
393, 0
394, 0
395, 0
396, 0
397, 3
398, 3
399, 3
400, 3
401, 0
402, 1
403, 1
404, 1
405, 1
406, 1
407, 1
408, 0
409, 0
410, 0
411, 1
412, 1
413, 1
414, 0
415, -2
416, 0
417, -2
418, -3
419, -2
420, -2
421, -3
422, 0
423, -5
424, -4
425, 0
426, -1
427, -1
428, 0
429, 0
430, 0
431, 0
432, 0
433, 0
434, 0
435, 0
436, 0
437, 0
438, 0
439, 0
440, 0
441, 3
442, 3
443, 0
444, 0
445, 0
446, 0
447, -1
448, -2
449, -2
450, -2
451, -2
452, -1
453, -1
454, 0
455, 1
456, 2
457, 0
458, 0
459, 1
460, 3
461, 0
462, 3
463, 0
464, 1
465, 2
466, 0
467, -1
468, -1
469, -1
470, -2
471, -1
472, 0
473, 0
474, 0
475, 1
476, -2
477, -2
478, 0
479, 0
480, 0
481, 0
482, 0
483, 0
484, 0
485, 0
486, 0
487, 0
488, 1
489, 2
490, 3
491, 1
492, 0
493, 0
494, -1
495, -2
496, 0
497, 0
498, 0
499, 0
500, 1
501, 0
502, -4
503, 1
504, 0
505, 1
506, 0
507, 0
508, 1
509, -1
510, 0
511, -2
512, 0
513, 0
514, 0
515, 0
516, 0
517, 1
518, 1
519, 3
520, 3
521, 3
522, 3
523, 3
524, 0
525, 1
526, -1
527, -1
528, 0
529, 0
530, 0
531, 1
532, 0
533, 0
534, 6
535, 0
536, 6
537, 3
538, 2
539, 0
540, 0
541, 0
542, -2
543, -3
544, -3
545, -3
546, -3
547, 0
548, -1
549, -3
550, 0
551, -4
552, -3
553, 0
554, 0
555, -4
556, -5
557, 3
558, 4
559, 0
560, 0
561, 0
562, 2
563, 0
564, 5
565, 0
566, 0
567, 0
568, 0
569, 2
570, 2
571, 2
572, 2
573, 0
574, 0
575, 0
576, 2
577, 2
578, 2
579, 0
580, 0
581, 0
582, 2
583, 2
584, 0
585, -1
586, 0
587, 2
588, 2
589, 2
590, 1
591, 0
592, -5
593, -6
594, -4
595, 0
596, -1
597, -1
598, 0
599, 0
600, 0
601, 0
602, 3
603, 4
604, 3
605, 2
606, 2
607, 2
608, 2
609, 1
610, 1
611, 0
612, 0
613, 0
614, -2
615, 0
616, 0
617, 0
618, 0
619, 0
620, 0
621, 3
622, 1
623, 0
624, 0
625, 0
626, 2
627, -1
628, -1
629, -1
630, 0
631, 0
632, 0
633, -2
634, 0
635, -6
636, 0
637, 0
638, 0
639, 0
640, 3
641, 0
642, 1
643, 0
644, -1
645, 0
646, -1
647, -1
648, 0
649, 0
650, 2
651, 2
652, -1
653, 0
654, 0
655, 0
656, 0
657, 2
658, 1
659, 0
660, 1
661, 0
662, 3
663, 6
664, 3
665, 0
666, 0
667, 0
668, 0
669, 0
670, 0
671, 0
672, 0
673, 0
674, 0
675, 2
676, 0
677, 0
678, 2
679, 0
680, 0
681, 1
682, 1
683, 0
684, -1
685, 0
686, 0
687, 0
688, 0
689, 0
690, 0
691, 1
692, 1
693, 1
694, 1
695, 0
696, 0
697, 4
698, 4
699, 0
700, 0
701, 0
702, 0
703, 1
704, 1
705, 1
706, 0
707, 0
708, 0
709, -4
710, -3
711, 0
712, 0
713, -1
714, 0
715, 3
716, 4
717, 0
718, 0
719, 0
720, 3
721, 3
722, 0
723, 0
724, 0
725, 3
726, 4
727, 1
728, 1
729, 1
730, 1
731, 0
732, 0
733, 0
734, 0
735, 2
736, 3
737, 3
738, 5
739, 3
740, 1
741, 1
742, 2
743, 2
744, 4
745, 5
746, 5
747, 0
748, 1
749, 0
750, 3
751, 3
752, 0
753, 2
754, 1
755, 1
756, -1
757, -1
758, -1
759, 0
760, 0
761, 0
762, 0
763, 1
764, 0
765, 0
766, 0
767, -3
768, 0
769, 0
770, 0
771, 0
772, 0
773, 0
774, 0
775, 2
776, 1
777, 0
778, 0
779, 0
780, 0
781, 3
782, 4
783, 0
784, 7
785, 4
786, 4
787, 3
788, 0
789, 0
790, 0
791, 0
792, 0
793, 3
794, 2
795, 2
796, 0
797, 0
798, 1
799, 1
800, 0
801, 0
802, 0
803, 0
804, 1
805, 0
806, -1
807, 0
808, 0
809, 0
810, 0
811, 0
812, 0
813, -2
814, 0
815, 2
816, 3
817, 4
818, 3
819, 0
820, 0
821, 4
822, 5
823, 6
824, 6
825, 5
826, 0
827, 0
828, 0
829, 0
830, 0
831, 1
832, 0
833, 0
834, 0
835, 0
836, 0
837, -2
838, -3
839, -3
840, -3
841, -1
842, 0
843, 0
844, 0
845, 0
846, 0
847, 0
848, 0
849, 1
850, 0
851, 0
852, 9
853, 6
854, 4
855, 0
856, 2
857, 1
858, 0
859, -1
860, -1
861, -1
862, 0
863, -1
864, -1
865, 1
866, 1
867, 2
868, 3
869, 3
870, 4
871, 2
872, 2
873, 2
874, 0
875, 0
876, 4
877, 4
878, 0
879, 4
880, 0
881, 1
882, 0
883, 0
884, 0
885, 5
886, 5
887, 5
888, 0
889, 0
890, 0
891, 0
892, 0
893, 0
894, 9
895, 0
896, 6
897, 5
898, 2
899, 2
900, 2
901, 0
902, 0
903, -1
904, -1
905, -1
906, 0
907, 0
908, 0
909, 0
910, 0
911, 0
912, 0
913, 0
914, 3
915, 1
916, 2
917, 3
918, 0
919, 0
920, 0
921, 6
922, 8
923, 5
924, 4
925, 0
926, 0
927, 0
928, 0
929, 0
930, 0
931, 0
932, 0
933, 0
934, 2
935, 1
936, 0
937, 0
938, 0
939, 0
940, 0
941, 0
942, 0
943, 4
944, 5
945, 6
946, 0
947, 6
948, 5
949, 3
950, 2
951, 2
952, 0
953, 0
954, -3
955, 0
956, 0
957, 14
958, 8
959, 5
960, 0
961, 0
962, 0
963, 11
964, 6
965, 4
966, 0
967, 5
968, 0
969, 0
970, 7
971, 0
972, 0
973, 5
974, 0
975, 0
976, 2
977, 0
978, 0
979, -5
980, -5
981, -3
982, -3
983, -2
984, 0
985, 0
986, 8
987, 8
988, 6
989, 0
990, 0
991, 1
992, 2
993, 0
994, 5
995, 5
996, 3
997, 0
998, 5
999, 0
1000, 2
1001, 1
1002, 1
1003, -2
1004, 1
1005, -2
1006, 0
1007, 0
1008, 2
1009, 0
1010, 0
1011, 5
1012, 1
1013, 5
1014, 6
1015, 4
1016, 0
1017, 0
1018, 0
1019, 0
1020, 0
1021, 0
1022, 0
1023, 0
1024, 0
1025, 0
1026, 0
1027, 0
1028, 0
1029, 0
1030, 0
1031, 0
1032, 0
1033, 0
1034, 0
1035, 3
1036, 0
1037, -1
1038, -3
1039, 2
1040, 5
1041, 0
1042, 0
1043, 0
1044, 0
1045, 0
1046, 0
1047, 0
1048, 0
1049, 0
1050, 0
1051, 0
1052, 21
1053, 19
1054, 19
1055, 0
1056, 0
1057, 0
1058, 13
1059, 13
1060, 0
1061, 0
1062, 0
1063, 20
1064, 21
1065, 0
1066, 0
1067, 0
1068, 0
1069, 0
1070, 5
1071, 0
1072, 1
1073, -1
1074, 0
1075, 0
1076, 0
1077, 0
1078, 7
1079, 5
1080, 6
1081, 4
1082, 0
1083, 4
1084, 3
1085, 0
1086, 1
1087, 0
1088, 0
1089, 0
1090, 0
1091, 15
1092, 0
1093, 5
1094, 6
1095, 3
1096, 0
1097, 0
1098, 0
1099, 0
1100, 0
1101, 8
1102, 0
1103, 0
1104, 0
1105, 0
1106, 0
1107, 0
1108, 0
1109, 1
1110, 1
1111, -1
1112, 0
1113, 0
1114, 1
1115, 0
1116, 0
1117, 0
1118, -1
1119, 0
1120, 0
1121, 1
1122, 0
1123, 0
1124, 1
1125, 0
1126, 5
1127, 6
1128, 0
1129, 4
1130, 0
1131, 5
1132, 0
1133, 0
1134, 1
1135, 0
1136, 0
1137, 0
1138, 0
1139, 0
1140, 0
1141, 0
1142, 0
1143, 0
1144, 0
1145, 0
1146, 0
1147, 0
1148, 0
1149, 0
1150, 0
1151, 0
1152, 0
1153, 0
1154, 0
1155, 0
1156, 0
1157, 0
1158, 0
1159, 0
1160, 0
1161, 0
1162, 0
1163, 0
1164, 0
1165, 0
1166, 0
1167, 0
1168, 0
1169, 0
1170, 0
1171, 1
1172, 0
1173, 0
1174, -6
1175, 1
1176, 0
1177, 3
1178, 0
1179, 0
1180, 0
1181, 0
1182, 0
1183, 0
1184, 0
1185, -2
1186, 0
1187, -4
1188, -4
1189, 0
1190, 0
1191, 0
1192, 0
1193, 0
1194, 0
1195, 0
1196, 0
1197, 0
1198, 0
1199, 0
1200, 0
1201, 0
1202, 0
1203, 0
1204, 0
1205, 0
1206, 0
1207, 0
1208, 0
1209, 0
1210, 0
1211, 0
1212, 0
1213, 0
1214, 0
1215, 0
1216, 0
1217, 0
1218, 0
1219, 0
1220, 0
1221, 0
1222, 0
1223, 0
1224, 0
1225, 0
1226, 0
1227, 0
1228, 0
1229, 0
1230, 0
1231, 0
1232, 0
1233, 0
1234, 0
1235, 1
1236, 1
1237, 0
1238, 0
1239, 1
1240, 2
1241, 1
1242, 0
1243, -1
1244, 1
1245, 0
1246, 0
1247, 8
1248, 11
1249, 0
1250, 0
1251, 0
1252, 0
1253, 0
1254, 0
1255, 1
1256, 0
1257, 0
1258, 0
1259, 4
1260, 4
1261, 0
1262, 0
1263, 0
1264, 0
1265, 9
1266, 9
1267, 5
1268, 0
1269, 0
1270, 9
1271, 0
1272, 8
1273, 0
1274, 7
1275, 0
1276, 0
1277, 0
1278, 0
1279, 0
1280, 7
1281, 3
1282, 0
1283, 0
1284, 0
1285, 3
1286, 0
1287, 0
1288, 5
1289, 2
1290, 1
1291, 0
1292, 0
1293, 0
1294, 0
1295, 12
1296, 0
1297, 3
1298, 3
1299, 0
1300, 0
1301, 0
1302, 0
1303, 0
1304, 0
1305, 0
1306, 0
1307, 12
1308, 7
1309, 0
1310, 5
1311, 0
1312, 0
1313, 0
1314, 0
1315, 0
1316, 6
1317, 5
1318, 2
1319, 0
1320, 0
1321, 0
1322, 0
1323, 16
1324, 6
1325, 0
1326, 5
1327, 4
1328, 3
1329, 0
1330, 0
1331, 0
1332, 0
1333, 0
1334, 0
1335, 0
1336, 0
1337, 0
1338, 0
1339, 0
1340, 0
1341, 0
1342, 0
1343, 0
1344, 0
1345, 0
1346, 0
1347, 0
1348, 0
1349, 0
1350, 0
1351, 0
1352, 0
1353, 0
1354, 0
1355, 4
1356, 0
1357, 0
1358, 0
1359, 0
1360, -4
1361, -3
1362, -3
1363, 0
1364, -4
1365, -3
1366, -3
1367, 0
1368, -3
1369, -2
1370, 0
1371, 0
1372, 0
1373, 0
1374, 0
1375, 0
1376, 0
1377, 0
1378, 0
1379, -10
1380, 0
1381, 0
1382, 0
1383, 0
1384, 0
1385, 0
1386, 5
1387, 0
1388, 7
1389, 6
1390, 4
1391, 0
1392, -1
1393, -1
1394, 0
1395, 1
1396, 0
1397, 0
1398, 0
1399, 0
1400, 0
1401, 9
1402, 5
1403, 0
1404, 1
1405, 1
1406, 0
1407, 0
1408, 1
1409, 0
1410, 0
1411, 0
1412, 2
1413, 1
1414, 2
1415, 1
1416, 1
1417, 0
1418, 0
1419, 2
1420, 2
1421, 2
1422, 0
1423, 0
1424, 0
1425, 0
1426, 0
1427, 0
1428, 0
1429, 9
1430, 0
1431, 0
1432, 0
1433, 0
1434, 0
1435, 0
1436, 0
1437, 0
1438, 0
1439, 0
1440, 0
1441, 0
1442, 0
1443, 0
1444, 16
1445, 11
1446, 10
1447, 0
1448, 0
1449, 8
1450, 8
1451, 0
1452, 0
1453, 0
1454, 13
1455, 0
1456, 0
1457, 0
1458, 10
1459, 8
1460, 0
1461, 0
1462, 0
1463, 0
1464, 0
1465, 13
1466, 0
1467, 12
1468, 7
1469, 5
1470, 3
1471, 0
1472, 2
1473, 0
1474, 0
1475, 1
1476, 0
1477, 1
1478, 0
1479, 3
1480, 0
1481, 3
1482, 0
1483, 0
1484, 0
1485, 0
1486, 0
1487, 0
1488, 0
1489, 0
1490, 0
1491, 0
1492, 0
1493, 6
1494, 3
1495, 1
1496, 1
1497, 6
1498, 5
1499, 0
1500, 11
1501, 8
1502, 0
1503, 5
1504, 0
1505, 0
1506, 0
1507, 1
1508, 0
1509, 0
1510, 0
1511, -6
1512, -4
1513, 0
1514, 5
1515, 0
1516, 5
1517, 0
1518, 0
1519, 2
1520, 0
1521, 2
1522, 0
1523, 5
1524, 0
1525, 0
1526, 0
1527, 0
1528, 0
1529, 0
1530, 0
1531, 0
1532, 0
1533, 0
1534, 9
1535, 0
1536, 4
1537, 0
1538, 0
1539, 0
1540, 7
1541, 3
1542, 2
1543, 2
1544, 2
1545, 0
1546, -1
1547, -2
1548, 0
1549, 0
1550, 0
1551, 0
1552, 14
1553, 0
1554, 0
1555, 0
1556, 0
1557, 0
1558, -2
1559, -2
1560, -1
1561, 1
1562, 0
1563, 1
1564, 11
1565, 9
1566, 5
1567, 4
1568, 1
1569, 7
1570, 6
1571, 0
1572, 1
1573, 0
1574, 1
1575, -1
1576, 0
1577, 0
1578, 0
1579, 0
1580, 0
1581, 6
1582, 0
1583, 1
1584, 1
1585, 0
1586, 1
1587, 0
1588, 0
1589, 0
1590, 3
1591, 3
1592, 2
1593, 0
1594, 5
1595, 0
1596, 0
1597, 0
1598, 0
1599, 0
1600, 0
1601, 0
1602, 0
1603, 0
1604, 0
1605, 5
1606, 2
1607, 2
1608, 0
1609, 0
1610, 1
1611, 0
1612, 4
1613, 0
1614, 2
1615, 1
1616, 0
1617, 1
1618, 0
1619, 5
1620, 2
1621, 0
1622, 3
1623, 5
1624, 0
1625, 8
1626, 0
1627, 0
1628, 0
1629, 6
1630, 3
1631, 2
1632, 0
1633, 0
1634, 0
1635, 3
1636, 0
1637, -1
1638, -1
1639, 0
1640, 2
1641, 0
1642, 1
1643, 0
1644, 0
1645, 0
1646, 0
1647, 0
1648, 0
1649, 0
1650, 0
1651, 0
1652, 0
1653, 0
1654, 0
1655, 0
1656, 0
1657, 0
1658, 0
1659, 0
1660, 0
1661, 0
1662, 0
1663, 0
1664, 0
1665, 3
1666, 1
1667, 4
1668, 0
1669, 0
1670, 0
1671, 0
1672, 0
1673, 0
1674, 0
1675, 0
1676, 0
1677, 3
1678, 0
1679, 6
1680, 0
1681, 4
1682, 0
1683, 6
1684, 4
1685, 0
1686, 0
1687, 0
1688, 0
1689, 0
1690, 0
1691, 0
1692, 0
1693, 0
1694, 0
1695, 0
1696, 0
1697, 0
1698, 0
1699, 0
1700, 0
1701, 0
1702, 0
1703, -3
1704, -1
1705, -3
1706, -1
1707, 0
1708, 0
1709, 0
1710, 2
1711, 0
1712, 0
1713, 0
1714, 0
1715, 0
1716, 2
1717, 0
1718, 2
1719, 2
1720, 0
1721, 0
1722, 0
1723, 0
1724, 1
1725, 0
1726, 2
1727, 2
1728, 2
1729, 4
1730, 0
1731, 7
1732, 8
1733, 0
1734, 0
1735, 0
1736, 0
1737, 3
1738, 0
1739, 0
1740, 3
1741, 0
1742, 1
1743, 0
1744, 0
1745, 0
1746, 0
1747, 0
1748, 0
1749, 5
1750, 6
1751, 0
1752, 0
1753, 0
1754, 1
1755, 1
1756, 0
1757, 1
1758, 3
1759, 0
1760, 3
1761, 0
1762, 0
1763, 0
1764, 15
1765, 0
1766, 6
1767, 3
1768, 0
1769, 0
1770, 0
1771, 0
1772, 0
1773, 0
1774, 0
1775, 0
1776, -4
1777, -3
1778, -2
1779, 0
1780, -3
1781, -5
1782, -3
1783, 0
1784, 1
1785, 0
1786, 0
1787, 1
1788, -2
1789, 0
1790, 0
1791, 0
1792, 0
1793, 0
1794, 3
1795, 0
1796, 4
1797, 3
1798, 1
1799, 0
1800, -1
1801, 0
1802, 0
1803, 0
1804, 0
1805, 7
1806, 0
1807, 7
1808, 0
1809, 0
1810, 0
1811, 7
1812, 0
1813, 0
1814, 0
1815, 0
1816, 0
1817, 0
1818, 0
1819, 0
1820, 0
1821, 0
1822, 0
1823, -2
1824, 0
1825, 2
1826, 0
1827, 2
1828, 2
1829, 0
1830, 1
1831, -2
1832, 0
1833, 0
1834, 7
1835, 0
1836, 0
1837, 2
1838, 0
1839, 0
1840, 0
1841, -7
1842, -8
1843, 0
1844, -6
1845, 0
1846, 0
1847, 0
1848, 0
1849, 4
1850, 3
1851, 0
1852, 1
1853, 0
1854, 0
1855, 0
1856, 3
1857, 0
1858, 0
1859, 5
1860, 6
1861, 4
1862, 0
1863, 0
1864, 0
1865, 0
1866, 0
1867, 0
1868, 0
1869, 0
1870, 1
1871, 0
1872, 0
1873, 2
1874, 0
1875, 0
1876, 0
1877, 0
1878, 2
1879, 0
1880, 2
1881, 2
1882, 1
1883, 0
1884, 0
1885, 0
1886, 1
1887, 1
1888, 0
1889, 0
1890, 0
1891, 1
1892, 0
1893, 3
1894, 0
1895, 0
1896, 0
1897, 0
1898, 0
1899, 2
1900, 2
1901, 3
1902, 3
1903, 2
1904, 0
1905, 0
1906, 0
1907, 0
1908, 0
1909, 0
1910, 0
1911, 0
1912, 8
1913, 0
1914, 6
1915, 0
1916, 0
1917, 0
1918, 0
1919, 0
1920, 0
1921, 0
1922, 0
1923, 0
1924, 0
1925, 0
1926, 0
1927, 0
1928, 0
1929, 0
1930, 0
1931, 0
1932, 0
1933, 0
1934, 1
1935, 4
1936, 1
1937, 0
1938, 0
1939, 0
1940, 0
1941, 0
1942, 0
1943, -4
1944, -4
1945, 0
1946, 0
1947, 0
1948, 0
1949, -3
1950, 0
1951, 0
1952, 0
1953, -2
1954, -2
1955, -2
1956, 0
1957, 0
1958, 0
1959, 7
1960, 0
1961, 6
1962, 0
1963, 0
1964, 0
1965, 0
1966, 0
1967, 4
1968, 0
1969, 2
1970, 0
1971, 0
1972, 1
1973, 0
1974, -3
1975, -3
1976, -2
1977, 0
1978, 0
1979, 0
1980, 0
1981, -1
1982, 1
1983, 0
1984, -2
1985, 1
1986, 0
1987, 0
1988, -3
1989, 0
1990, -6
1991, -4
1992, -3
1993, 0
1994, 0
1995, -1
1996, 0
1997, -5
1998, -2
1999, 0
2000, 2
2001, 0
2002, 0
2003, 0
2004, 0
2005, 0
2006, 0
2007, 0
2008, 0
2009, 0
2010, 3
2011, 2
2012, 0
2013, 0
2014, 0
2015, 0
2016, 0
2017, 0
2018, 0
2019, 0
2020, 0
2021, 0
2022, 0
2023, 0
2024, 0
2025, 2
2026, 1
2027, 0
2028, -1
2029, 0
2030, 2
2031, 1
2032, -1
2033, 0
2034, 0
2035, 0
2036, 0
2037, 0
2038, 0
2039, 2
2040, 0
2041, 0
2042, 2
2043, 0
2044, 0
2045, 0
2046, 0
2047, 7
2048, 7
2049, 7
2050, 0
2051, 0
2052, 0
2053, -4
2054, -4
2055, 0
2056, -17
2057, 0
2058, 0
2059, 0
2060, 0
2061, 0
2062, -2
2063, 0
2064, 0
2065, 0
2066, 0
2067, 0
2068, 0
2069, 0
2070, 0
2071, 0
2072, 6
2073, 0
2074, 2
2075, 0
2076, 0
2077, 0
2078, 0
2079, -3
2080, -3
2081, -3
2082, -3
2083, 0
2084, 0
2085, 0
2086, 2
2087, 3
2088, 0
2089, 3
2090, 2
2091, 3
2092, 0
2093, 0
2094, 0
2095, 0
2096, 0
2097, 0
2098, 0
2099, 0
2100, 0
2101, 0
2102, 0
2103, -3
2104, -5
2105, -5
2106, -3
2107, -3
2108, -2
2109, 0
2110, -4
2111, 0
2112, 0
2113, 0
2114, 0
2115, 0
2116, -2
2117, -2
2118, 0
2119, 0
2120, 1
2121, 0
2122, -2
2123, -3
2124, 0
2125, 0
2126, 0
2127, 0
2128, 1
2129, 0
2130, 0
2131, 1
2132, -3
2133, 0
2134, -1
2135, 0
2136, 0
2137, 0
2138, 0
2139, 0
2140, 0
2141, 2
2142, 2
2143, 2
2144, 0
2145, -2
2146, 2
2147, 1
2148, 3
2149, 0
2150, 0
2151, 0
2152, -3
2153, 0
2154, -2
2155, 0
2156, 0
2157, -2
2158, -2
2159, -2
2160, 0
2161, 0
2162, -1
2163, 0
2164, 0
2165, 0
2166, 2
2167, 3
2168, 0
2169, 0
2170, 4
2171, 0
2172, 3
2173, 0
2174, 0
2175, 0
2176, -1
2177, -1
2178, -1
2179, -1
2180, -1
2181, 0
2182, 0
2183, 0
2184, 0
2185, -1
2186, 1
2187, 3
2188, 0
2189, 0
2190, 2
2191, 1
2192, 0
2193, 0
2194, -2
2195, -4
2196, -4
2197, -4
2198, -3
2199, -2
2200, -1
2201, -2
2202, 0
2203, 0
2204, 0
2205, 0
2206, -2
2207, 0
2208, 0
2209, -1
2210, 0
2211, 3
2212, 0
2213, 4
2214, 0
2215, 3
2216, 0
2217, 0
2218, 0
2219, 1
2220, 1
2221, 0
2222, -1
2223, -1
2224, 0
2225, 2
2226, 2
2227, 5
2228, 6
2229, 0
2230, 0
2231, 2
2232, 1
2233, 0
2234, 1
2235, 1
2236, 0
2237, -3
2238, 0
2239, 0
2240, 0
2241, 0
2242, 0
2243, -4
2244, -2
2245, 0
2246, 0
2247, 0
2248, 0
2249, -4
2250, 0
2251, 0
2252, 0
2253, 0
2254, 0
2255, -3
2256, 0
2257, 0
2258, 0
2259, 0
2260, -2
2261, -3
2262, -1
2263, 0
2264, 0
2265, 0
2266, 0
2267, -1
2268, 0
2269, 0
2270, 0
2271, 0
2272, 0
2273, 4
2274, 4
2275, 1
2276, 1
2277, -1
2278, -2
2279, -1
2280, 0
2281, 0
2282, -3
2283, -2
2284, 0
2285, 0
2286, 0
2287, 1
2288, 0
2289, 1
2290, 0
2291, 0
2292, 0
2293, 0
2294, 1
2295, 1
2296, 0
2297, -3
2298, -3
2299, -3
2300, 0
2301, 0
2302, 0
2303, 0
2304, 0
2305, 0
2306, 0
2307, -3
2308, -1
2309, 0
2310, 0
2311, 0
2312, -6
2313, 0
2314, -3
2315, -3
2316, 0
2317, 0
2318, 0
2319, 0
2320, 1
2321, 2
2322, 2
2323, 1
2324, 0
2325, 0
2326, 2
2327, 0
2328, 4
2329, 2
2330, 2
2331, -2
2332, -4
2333, -3
2334, -3
2335, 0
2336, 1
2337, 0
2338, 0
2339, 0
2340, -2
2341, -2
2342, 0
2343, 0
2344, 0
2345, 2
2346, 0
2347, 0
2348, 0
2349, -2
2350, -2
2351, 0
2352, 0
2353, 0
2354, 0
2355, 0
2356, -4
2357, -3
2358, -4
2359, -4
2360, -3
2361, 0
2362, -2
2363, -2
2364, 0
2365, 0
2366, -2
2367, -5
2368, -6
2369, 1
2370, 0
2371, 0
2372, 3
2373, 0
2374, 1
2375, 0
2376, 0
2377, -3
2378, -4
2379, 0
2380, -1
2381, 2
2382, 0
2383, 2
2384, 2
2385, 0
2386, -2
2387, 0
2388, 0
2389, -3
2390, 0
2391, -1
2392, 0
2393, 0
2394, 0
2395, 0
2396, 1
2397, 0
2398, -1
2399, 0
2400, -2
2401, -2
2402, -3
2403, -3
2404, -3
2405, -5
2406, -3
2407, 0
2408, 0
2409, -1
2410, -1
2411, 0
2412, -3
2413, -4
2414, -3
2415, -3
2416, -3
2417, -3
2418, -4
2419, -4
2420, -4
2421, -4
2422, -4
2423, -4
2424, -4
2425, 0
2426, 1
2427, 0
2428, 2
2429, 0
2430, 0
2431, 0
2432, 1
2433, 4
2434, 0
2435, 0
2436, 0
2437, 0
2438, 0
2439, 0
2440, 0
2441, -10
2442, -8
2443, -7
2444, -3
2445, 0
2446, 0
2447, 1
2448, 0
2449, -1
2450, -1
2451, -1
2452, -1
2453, 0
2454, 0
2455, 0
2456, 2
2457, 1
2458, 0
2459, 0
2460, 1
2461, 1
2462, 1
2463, 0
2464, 0
2465, -3
2466, 0
2467, -4
2468, -4
2469, -3
2470, -3
2471, -3
2472, -3
2473, 0
2474, 0
2475, 1
2476, 0
2477, 0
2478, 0
2479, 0
2480, -3
2481, 0
2482, 0
2483, -8
2484, -6
2485, 0
2486, 0
2487, 0
2488, 1
2489, 3
2490, 1
2491, 0
2492, 1
2493, 0
2494, 0
2495, 0
2496, 0
2497, -3
2498, 0
2499, 0
2500, -2
2501, 1
2502, 2
2503, 0
2504, -3
2505, 0
2506, -5
2507, -4
2508, -4
2509, -3
2510, 0
2511, -5
2512, 0
2513, -5
2514, 0
2515, 1
2516, -2
2517, 0
2518, 1
2519, 0
2520, -2
2521, -2
2522, -2
2523, -1
2524, -1
2525, 2
2526, 0
2527, 0
2528, 0
2529, -2
2530, 0
2531, 0
2532, 0
2533, 0
2534, 0
2535, 0
2536, 0
2537, 0
2538, -4
2539, -4
2540, -4
2541, -3
2542, -3
2543, -3
2544, -3
2545, 0
2546, -5
2547, -1
2548, -1
2549, -2
2550, 0
2551, 0
2552, 0
2553, 0
2554, 0
2555, 0
2556, 0
2557, -3
2558, -1
2559, 0
2560, 0
2561, -1
2562, -1
2563, 0
2564, -3
2565, -3
2566, 0
2567, 0
2568, 0
2569, 0
2570, 0
2571, -1
2572, 0
2573, 0
2574, 0
2575, 0
2576, 0
2577, -3
2578, -4
2579, -3
2580, -1
2581, -1
2582, -1
2583, 0
2584, -3
2585, -4
2586, -4
2587, 1
2588, -2
2589, -1
2590, 0
2591, -3
2592, 0
2593, 0
2594, -1
2595, 0
2596, 1
2597, 0
2598, -2
2599, -3
2600, -1
2601, 0
2602, -1
2603, 0
2604, -3
2605, -3
2606, -1
2607, -1
2608, 0
2609, 2
2610, 0
2611, 0
2612, -2
2613, 0
2614, 0
2615, 0
2616, 0
2617, 0
2618, -2
2619, -4
2620, -4
2621, -3
2622, 0
2623, 0
2624, -2
2625, 0
2626, 0
2627, 0
2628, 0
2629, 0
2630, 0
2631, -1
2632, -1
2633, -2
2634, -4
2635, -3
2636, -3
2637, -3
2638, -3
2639, -2
2640, -2
2641, 0
2642, -2
2643, 0
2644, 1
2645, 0
2646, 0
2647, 0
2648, 2
2649, -1
2650, -6
2651, 0
2652, 0
2653, 0
2654, 0
2655, 0
2656, -2
2657, 0
2658, 0
2659, 0
2660, 0
2661, 2
2662, 0
2663, 1
2664, 1
2665, 0
2666, 1
2667, 0
2668, 0
2669, 0
2670, 0
2671, -2
2672, 0
2673, 0
2674, 0
2675, 0
2676, 0
2677, -2
2678, 0
2679, -3
2680, -4
2681, 0
2682, 0
2683, 0
2684, 0
2685, 0
2686, 0
2687, 0
2688, 0
2689, 0
2690, 0
2691, 0
2692, 0
2693, 0
2694, -2
2695, 0
2696, 0
2697, -3
2698, -3
2699, -5
2700, -5
2701, -5
2702, -5
2703, -3
2704, -3
2705, -3
2706, -3
2707, -2
2708, 0
2709, 0
2710, 0
2711, 0
2712, 0
2713, -2
2714, -3
2715, 0
2716, 0
2717, -9
2718, -7
2719, -4
2720, 0
2721, 0
2722, 0
2723, 0
2724, 0
2725, 0
2726, 0
2727, 0
2728, -6
2729, -4
2730, -2
2731, 1
2732, -5
2733, -5
2734, -5
2735, -5
2736, 0
2737, 0
2738, 0
2739, 0
2740, 0
2741, -3
2742, 1
2743, -2
2744, -2
2745, 0
2746, 0
2747, -5
2748, -5
2749, 1
2750, 0
2751, -3
2752, -2
2753, -2
2754, -3
2755, 0
2756, 1
2757, 0
2758, 0
2759, 2
2760, 0
2761, 0
2762, 0
2763, 0
2764, 0
2765, 0
2766, 0
2767, 0
2768, 1
2769, 0
2770, 0
2771, -4
2772, -5
2773, -4
2774, -4
2775, -5
2776, 0
2777, -8
2778, -8
2779, -5
2780, -4
2781, 0
2782, -6
2783, -4
2784, 0
2785, 1
2786, 1
2787, 1
2788, -1
2789, 0
2790, 0
2791, -1
2792, 1
2793, 0
2794, 0
2795, -2
2796, -2
2797, 0
2798, -2
2799, 0
2800, -2
2801, -3
2802, -3
2803, -3
2804, -4
2805, -3
2806, -3
2807, -3
2808, 0
2809, -6
2810, 0
2811, 2
2812, 2
2813, 0
2814, 0
2815, 0
2816, -1
2817, 0
2818, 0
2819, -2
2820, 0
2821, 0
2822, 0
2823, -2
2824, -1
2825, 0
2826, 3
2827, 4
2828, 4
2829, 0
2830, 0
2831, 0
2832, 0
2833, 0
2834, 0
2835, -5
2836, -4
2837, -2
2838, 0
2839, 0
2840, 0
2841, 0
2842, -4
2843, -4
2844, -2
2845, 0
2846, 0
2847, -3
2848, -6
2849, 0
2850, -6
2851, -4
2852, 0
2853, -1
2854, -4
2855, -5
2856, -4
2857, -2
2858, -1
2859, 0
2860, -3
2861, -4
2862, 0
2863, 0
2864, 0
2865, -3
2866, -3
2867, 0
2868, -1
2869, 0
2870, -3
2871, 0
2872, -7
2873, -6
2874, 0
2875, -6
2876, -6
2877, 0
2878, -5
2879, 0
2880, -3
2881, 1
2882, 0
2883, -5
2884, -5
2885, -3
2886, 0
2887, 0
2888, -1
2889, 0
2890, 0
2891, 0
2892, -2
2893, -2
2894, -3
2895, -3
2896, -4
2897, 0
2898, 0
2899, -1
2900, 0
2901, 1
2902, -1
2903, 0
2904, -3
2905, 0
2906, 0
2907, -1
2908, -2
2909, -2
2910, -4
2911, 0
2912, -2
2913, 0
2914, 0
2915, 0
2916, 0
2917, 0
2918, -2
2919, 0
2920, -5
2921, -4
2922, 0
2923, 0
2924, -6
2925, -5
2926, -4
2927, -5
2928, 0
2929, 0
2930, -2
2931, -3
2932, 0
2933, -1
2934, -1
2935, -2
2936, -3
2937, -6
2938, -5
2939, -2
2940, 2
2941, 0
2942, 0
2943, 0
2944, 0
2945, -3
2946, -3
2947, -2
2948, 1
2949, -2
2950, 0
2951, -5
2952, 0
2953, 0
2954, -10
2955, -8
2956, 0
2957, -4
2958, -2
2959, 0
2960, 0
2961, 0
2962, -3
2963, -3
2964, -2
2965, -2
2966, -2
2967, -3
2968, -3
2969, 0
2970, 0
2971, 0
2972, 0
2973, 0
2974, 0
2975, 0
2976, -3
2977, -3
2978, 0
2979, -2
2980, -1
2981, 0
2982, 2
2983, 2
2984, 0
2985, 0
2986, -4
2987, -4
2988, 0
2989, -5
2990, -5
2991, -4
2992, -4
2993, 0
2994, 0
2995, 0
2996, -2
2997, -2
2998, 0
2999, -2
3000, 0
3001, 0
3002, 0
3003, 0
3004, 0
3005, -4
3006, -4
3007, -3
3008, -4
3009, -3
3010, -2
3011, 0
3012, 0
3013, -6
3014, -8
3015, 0
3016, -4
3017, 1
3018, 0
3019, -4
3020, -3
3021, -4
3022, -4
3023, 0
3024, -6
3025, -4
3026, -4
3027, -4
3028, 1
3029, -1
3030, 0
3031, 0
3032, 0
3033, 0
3034, 0
3035, 0
3036, -4
3037, -4
3038, -4
3039, -4
3040, -3
3041, -2
3042, 0
3043, -4
3044, -5
3045, 0
3046, -13
3047, -11
3048, -10
3049, -6
3050, 0
3051, -1
3052, -1
3053, -1
3054, -3
3055, -3
3056, 0
3057, 0
3058, -6
3059, -5
3060, -4
3061, 0
3062, -1
3063, 1
3064, 0
3065, 0
3066, 0
3067, 0
3068, 0
3069, -1
3070, -1
3071, -2
3072, 0
3073, -1
3074, 0
3075, 0
3076, 0
3077, 0
3078, 0
3079, 3
3080, 2
3081, 1
3082, 0
3083, 0
3084, 0
3085, 0
3086, -3
3087, 0
3088, 0
3089, 0
3090, 0
3091, 0
3092, 0
3093, 0
3094, 0
3095, -4
3096, 0
3097, -3
3098, -2
3099, 0
3100, 0
3101, -6
3102, -5
3103, -4
3104, 0
3105, 0
3106, 0
3107, 0
3108, 0
3109, 0
3110, 0
3111, -3
3112, 0
3113, 0
3114, -4
3115, -1
3116, 0
3117, 0
3118, 0
3119, 0
3120, 0
3121, 1
3122, 1
3123, 0
3124, 1
3125, 0
3126, 0
3127, -3
3128, -4
3129, -6
3130, -6
3131, -4
3132, -2
3133, 0
3134, 0
3135, 0
3136, -2
3137, -4
3138, -4
3139, -4
3140, 0
3141, 0
3142, 0
3143, -15
3144, -10
3145, -8
3146, -9
3147, -9
3148, 0
3149, -7
3150, -5
3151, 0
3152, 0
3153, 0
3154, -6
3155, -6
3156, 0
3157, -2
3158, 0
3159, 0
3160, 0
3161, 0
3162, 0
3163, 0
3164, 0
3165, -4
3166, 0
3167, 0
3168, 0
3169, 0
3170, 0
3171, 0
3172, -3
3173, 0
3174, -4
3175, 0
3176, -5
3177, -5
3178, -5
3179, -5
3180, -2
3181, 0
3182, 0
3183, -4
3184, -5
3185, -6
3186, -4
3187, -4
3188, -4
3189, -4
3190, 0
3191, -4
3192, -3
3193, -2
3194, 0
3195, -2
3196, -5
3197, 0
3198, 0
3199, 0
3200, -3
3201, -2
3202, 0
3203, -3
3204, -3
3205, 0
3206, 0
3207, 5
3208, -3
3209, 1
3210, 0
3211, 0
3212, -3
3213, 0
3214, -3
3215, -3
3216, 0
3217, 0
3218, -4
3219, -2
3220, 0
3221, -7
3222, 0
3223, 0
3224, -4
3225, 1
3226, -3
3227, 0
3228, 0
3229, -3
3230, -4
3231, 0
3232, -6
3233, 0
3234, 0
3235, -3
3236, -2
3237, 0
3238, -5
3239, -2
3240, 0
3241, 0
3242, 0
3243, 0
3244, -9
3245, -7
3246, -6
3247, -4
3248, -3
3249, 0
3250, -2
3251, 0
3252, 0
3253, 1
3254, 0
3255, -5
3256, -4
3257, -4
3258, -3
3259, -3
3260, -5
3261, 0
3262, 0
3263, -11
3264, -8
3265, -7
3266, -7
3267, -6
3268, 0
3269, -5
3270, -5
3271, 0
3272, 0
3273, 0
3274, 0
3275, -2
3276, -3
3277, -3
3278, -5
3279, -3
3280, 0
3281, 0
3282, 1
3283, 0
3284, 0
3285, 0
3286, 0
3287, -3
3288, -4
3289, 0
3290, 0
3291, 0
3292, -10
3293, 0
3294, -2
3295, 0
3296, 0
3297, -6
3298, -5
3299, -5
3300, 0
3301, -3
3302, -2
3303, -2
3304, -1
3305, 0
3306, 0
3307, 0
3308, 0
3309, 1
3310, -7
3311, -7
3312, 0
3313, 0
3314, -3
3315, -3
3316, -2
3317, -2
3318, 0
3319, 0
3320, 0
3321, 1
3322, -7
3323, 0
3324, -7
3325, -5
3326, -4
3327, -3
3328, 0
3329, -4
3330, -5
3331, -5
3332, 0
3333, -5
3334, 0
3335, -5
3336, -4
3337, -2
3338, 0
3339, 0
3340, -4
3341, -4
3342, -5
3343, 0
3344, -1
3345, -2
3346, 1
3347, -3
3348, 0
3349, -4
3350, -3
3351, 1
3352, 0
3353, -7
3354, 0
3355, -3
3356, 0
3357, 2
3358, 2
3359, 1
3360, 0
3361, 0
3362, -8
3363, 0
3364, -3
3365, 0
3366, 0
3367, 0
3368, -10
3369, -11
3370, 0
3371, -5
3372, -2
3373, 0
3374, -2
3375, 0
3376, -7
3377, -5
3378, -5
3379, 0
3380, -5
3381, -6
3382, -4
3383, 0
3384, 0
3385, -8
3386, 0
3387, -3
3388, -1
3389, 0
3390, 3
3391, 0
3392, 0
3393, 0
3394, 0
3395, 0
3396, -4
3397, -2
3398, 0
3399, 0
3400, -8
3401, -8
3402, 0
3403, 0
3404, -5
3405, -3
3406, 0
3407, 0
3408, -4
3409, -4
3410, -4
3411, -3
3412, -5
3413, -5
3414, -4
3415, 0
3416, -5
3417, -5
3418, 0
3419, -7
3420, 0
3421, 0
3422, 0
3423, 0
3424, 0
3425, -8
3426, -7
3427, -6
3428, 0
3429, 0
3430, -5
3431, 0
3432, -9
3433, 0
3434, -5
3435, -3
3436, 0
3437, 0
3438, -3
3439, 0
3440, -4
3441, -4
3442, -5
3443, 0
3444, -6
3445, -4
3446, 0
3447, -3
3448, -3
3449, 0
3450, -7
3451, 0
3452, -6
3453, -7
3454, -5
3455, -3
3456, 0
3457, 0
3458, -3
3459, -2
3460, -3
3461, -3
3462, -4
3463, -5
3464, 0
3465, -7
3466, -7
3467, -7
3468, 0
3469, 0
3470, 0
3471, -4
3472, 0
3473, -3
3474, 0
3475, 0
3476, 0
3477, 0
3478, -3
3479, -4
3480, 0
3481, -3
3482, 0
3483, 0
3484, -4
3485, -4
3486, -4
3487, 0
3488, -6
3489, -7
3490, -5
3491, -3
3492, 0
3493, 0
3494, -2
3495, 0
3496, 0
3497, -9
3498, 0
3499, -6
3500, -4
3501, 0
3502, 0
3503, 0
3504, -7
3505, 0
3506, -8
3507, -6
3508, -5
3509, 0
3510, -2
3511, 0
3512, 0
3513, 0
3514, 0
3515, 0
3516, 0
3517, 1
3518, 3
3519, 0
3520, -3
3521, -4
3522, -4
3523, -4
3524, -4
3525, -5
3526, 0
3527, -7
3528, 0
3529, -6
3530, -6
3531, -5
3532, -3
3533, -2
3534, -4
3535, -5
3536, -3
3537, -3
3538, 0
3539, 0
3540, 0
3541, 0
3542, 0
3543, -2
3544, -3
3545, -3
3546, -3
3547, -3
3548, -4
3549, 0
3550, -6
3551, -5
3552, -5
3553, -4
3554, 0
3555, -8
3556, 0
3557, -10
3558, -7
3559, 0
3560, 1
3561, 0
3562, -2
3563, 0
3564, 0
3565, -5
3566, 0
3567, -6
3568, -6
3569, -6
3570, -6
3571, 0
3572, -9
3573, -9
3574, 0
3575, -10
3576, -10
3577, -9
3578, -10
3579, 0
3580, -6
3581, 0
3582, -7
3583, -5
3584, -5
3585, -4
3586, -5
3587, -5
3588, 0
3589, 0
3590, -2
3591, -1
3592, 0
3593, 1
3594, 3
3595, 0
3596, 1
3597, 2
3598, 0
3599, 1
3600, -4
3601, -4
3602, 0
3603, 0
3604, -7
3605, -5
3606, -3
3607, 0
3608, 0
3609, -7
3610, 0
3611, -9
3612, -6
3613, -6
3614, 0
3615, -5
3616, 0
3617, 0
3618, 0
3619, 0
3620, -2
3621, 0
3622, 1
3623, 0
3624, 0
3625, 1
3626, -4
3627, -4
3628, -4
3629, -6
3630, -5
3631, -5
3632, 0
3633, -6
3634, -6
3635, 0
3636, -5
3637, -3
3638, -4
3639, 0
3640, 0
3641, -6
3642, -5
3643, -3
3644, -2
3645, -3
3646, -4
3647, -3
3648, -3
3649, 0
3650, 0
3651, 0
3652, 0
3653, -9
3654, -5
3655, 0
3656, 0
3657, 1
3658, 0
3659, 0
3660, 0
3661, 0
3662, -4
3663, -3
3664, 0
3665, 0
3666, 0
3667, -3
3668, 0
3669, 0
3670, -7
3671, -7
3672, -5
3673, 0
3674, 1
3675, -4
3676, 0
3677, 0
3678, -8
3679, 0
3680, -10
3681, 0
3682, -10
3683, -6
3684, -4
3685, -2
3686, -3
3687, -3
3688, -4
3689, -5
3690, -5
3691, 0
3692, -6
3693, 0
3694, 0
3695, -9
3696, 0
3697, -6
3698, 0
3699, 0
3700, -5
3701, -5
3702, 0
3703, 0
3704, 0
3705, 1
3706, -4
3707, -6
3708, -7
3709, -6
3710, -6
3711, -4
3712, 0
3713, -4
3714, -3
3715, 0
3716, -4
3717, -4
3718, -5
3719, 0
3720, -6
3721, 0
3722, 0
3723, -8
3724, -5
3725, -3
3726, -2
3727, 0
3728, 0
3729, -7
3730, -6
3731, -5
3732, -6
3733, -4
3734, 0
3735, 0
3736, -6
3737, -6
3738, -4
3739, -4
3740, -4
3741, 0
3742, 0
3743, -9
3744, -9
3745, 0
3746, -8
3747, -4
3748, 0
3749, -4
3750, 0
3751, 0
3752, -8
3753, 0
3754, -7
3755, -6
3756, -3
3757, 0
3758, -3
3759, 0
3760, -4
3761, -3
3762, -2
3763, 0
3764, -2
3765, -4
3766, 0
3767, -8
3768, -6
3769, 0
3770, 0
3771, -7
3772, -5
3773, -4
3774, 0
3775, 0
3776, -6
3777, -6
3778, 0
3779, 0
3780, 0
3781, -8
3782, -1
3783, 0
3784, 0
3785, 1
3786, 3
3787, 3
3788, 4
3789, 2
3790, 0
3791, 0
3792, -2
3793, -2
3794, -3
3795, -2
3796, -3
3797, 0
3798, 0
3799, -10
3800, 0
3801, -5
3802, 0
3803, -8
3804, -8
3805, -7
3806, 0
3807, -6
3808, -5
3809, 0
3810, -4
3811, 0
3812, 0
3813, 0
3814, -7
3815, -7
3816, 0
3817, -8
3818, 0
3819, -9
3820, -8
3821, -8
3822, 0
3823, 0
3824, -9
3825, -6
3826, -5
3827, 0
3828, -2
3829, 0
3830, 0
3831, 0
3832, -11
3833, -11
3834, 0
3835, 0
3836, 0
3837, 0
3838, -3
3839, 1
3840, -4
3841, -5
3842, -6
3843, -7
3844, -5
3845, -2
3846, -2
3847, -3
3848, -4
3849, -4
3850, 0
3851, 0
3852, -5
3853, 0
3854, 0
3855, 0
3856, 0
3857, -14
3858, -11
3859, -5
3860, -4
3861, 0
3862, -4
3863, -4
3864, -4
3865, 0
3866, -8
3867, 0
3868, -5
3869, -4
3870, -2
3871, 0
3872, 0
3873, -7
3874, 0
3875, 0
3876, 0
3877, 0
3878, 0
3879, -10
3880, 0
3881, 1
3882, 0
3883, -1
3884, -2
3885, 0
3886, 0
3887, -3
3888, 0
3889, -6
3890, -5
3891, -4
3892, -4
3893, 0
3894, -6
3895, 0
3896, -5
3897, -2
3898, 0
3899, 0
3900, -5
3901, 0
3902, -8
3903, 0
3904, 0
3905, 0
3906, 0
3907, -5
3908, 0
3909, -5
3910, -7
3911, -3
3912, 0
3913, -6
3914, -5
3915, -5
3916, 0
3917, 0
3918, -7
3919, -4
3920, 0
3921, 0
3922, -11
3923, -13
3924, -12
3925, -6
3926, 0
3927, 0
3928, -7
3929, -7
3930, 0
3931, -8
3932, -8
3933, 0
3934, 0
3935, 0
3936, 0
3937, 0
3938, 0
3939, 0
3940, -9
3941, -8
3942, -4
3943, -3
3944, 0
3945, -6
3946, -6
3947, 0
3948, -5
3949, 0
3950, -6
3951, 0
3952, 0
3953, -10
3954, -9
3955, 0
3956, -5
3957, -4
3958, 0
3959, 0
3960, -7
3961, -5
3962, 0
3963, -7
3964, -8
3965, -8
3966, 0
3967, -8
3968, -8
3969, 0
3970, -8
3971, -6
3972, -3
3973, 0
3974, 0
3975, -5
3976, -6
3977, 0
3978, -7
3979, -6
3980, 0
3981, -5
3982, -5
3983, 0
3984, 0
3985, 0
3986, -3
3987, -3
3988, -2
3989, 0
3990, 0
3991, 0
3992, 0
3993, 0
3994, 0
3995, 0
3996, -12
3997, 0
3998, 0
3999, -8
4000, -9
4001, 0
4002, -8
4003, -6
4004, -7
4005, 0
4006, 0
4007, -8
4008, 0
4009, 0
4010, -6
4011, -3
4012, 0
4013, 0
4014, -5
4015, -6
4016, 0
4017, -4
4018, -4
4019, -5
4020, -3
4021, 0
4022, 0
4023, -7
4024, -6
4025, -6
4026, -4
4027, 0
4028, 0
4029, -12
4030, 0
4031, 0
4032, -7
4033, -7
4034, 0
4035, -11
4036, -7
4037, 0
4038, -2
4039, 0
4040, 3
4041, 0
4042, 0
4043, -5
4044, 0
4045, 0
4046, 0
4047, 1
4048, 0
4049, -5
4050, -6
4051, 0
4052, 0
4053, 0
4054, 0
4055, -2
4056, -3
4057, -4
4058, 0
4059, -5
4060, 0
4061, -8
4062, 0
4063, -9
4064, -7
4065, -5
4066, 0
4067, 0
4068, -6
4069, -5
4070, 0
4071, 0
4072, 0
4073, 0
4074, 0
4075, 0
4076, -13
4077, -10
4078, -3
4079, 0
4080, 0
4081, 0
4082, 0
4083, 0
4084, -5
4085, 0
4086, -10
4087, 0
4088, -11
4089, 0
4090, 0
4091, -7
4092, 0
4093, -7
4094, 0
4095, -9
4096, -7
4097, 0
4098, -4
4099, -5
4100, -4
4101, 0
4102, 0
4103, -6
4104, -5
4105, -4
4106, 0
4107, -7
4108, -5
4109, 0
4110, 0
4111, 0
4112, 1
4113, 0
4114, 0
4115, 1
4116, 0
4117, 1
4118, 0
4119, 0
4120, 0
4121, 0
4122, 0
4123, -4
4124, 0
4125, 0
4126, 0
4127, -3
4128, -3
4129, -3
4130, 0
4131, 0
4132, 0
4133, -9
4134, 0
4135, 0
4136, 0
4137, -9
4138, -6
4139, -4
4140, -3
4141, 0
4142, 0
4143, 0
4144, 0
4145, -7
4146, 0
4147, 0
4148, -2
4149, 0
4150, -6
4151, 0
4152, 0
4153, 0
4154, 0
4155, -6
4156, 0
4157, 0
4158, 0
4159, 0
4160, 0
4161, -8
4162, -7
4163, -5
4164, -3
4165, 0
4166, 0
4167, -9
4168, -9
4169, -6
4170, 0
4171, 0
4172, -15
4173, -13
4174, 0
4175, -9
4176, -7
4177, -4
4178, 0
4179, -5
4180, 0
4181, -7
4182, 0
4183, -5
4184, 0
4185, -4
4186, 0
4187, 0
4188, -9
4189, 0
4190, 0
4191, 0
4192, 0
4193, -8
4194, -6
4195, 0
4196, 0
4197, 0
4198, 0
4199, -5
4200, -3
4201, 0
4202, 0
4203, 0
4204, 1
4205, 1
4206, 0
4207, 1
4208, 0
4209, 0
4210, -10
4211, 0
4212, 0
4213, 0
4214, -15
4215, -8
4216, 0
4217, -7
4218, -7
4219, 0
4220, 0
4221, 0
4222, 0
4223, 0
4224, -12
4225, 0
4226, -7
4227, 1
4228, 1
4229, 0
4230, 0
4231, 0
4232, -9
4233, 0
4234, 0
4235, 0
4236, -8
4237, 0
4238, -9
4239, -7
4240, -5
4241, -3
4242, -2
4243, 0
4244, 0
4245, -7
4246, 0
4247, 0
4248, -11
4249, 0
4250, 0
4251, 0
4252, 0
4253, -15
4254, 0
4255, -4
4256, 0
4257, -5
4258, 0
4259, -4
4260, -4
4261, -3
4262, 0
4263, 0
4264, 0
4265, -9
4266, -8
4267, 0
4268, -2
4269, 0
4270, -6
4271, -6
4272, -3
4273, 0
4274, 0
4275, -6
4276, 0
4277, 0
4278, 0
4279, 0
4280, 0
4281, 0
4282, 0
4283, -7
4284, 0
4285, -3
4286, 0
4287, 0
4288, 0
4289, 0
4290, -6
4291, -7
4292, -4
4293, -2
4294, 1
4295, 0
4296, 0
4297, 0
4298, 0
4299, 0
4300, 0
4301, 0
4302, 0
4303, -4
4304, 0
4305, 0
4306, 0
4307, 0
4308, 0
4309, 0
4310, 0
4311, 0
4312, 0
4313, 0
4314, -6
4315, 0
4316, 0
4317, 0
4318, -7
4319, 0
4320, 0
4321, 2
4322, 0
4323, 0
4324, 0
4325, -8
4326, -7
4327, -4
4328, 0
4329, -4
4330, 0
4331, -5
4332, -5
4333, 0
4334, 0
4335, -3
4336, -4
4337, -3
4338, 0
4339, 0
4340, 0
4341, 0
4342, -10
4343, -6
4344, 0
4345, 0
4346, 0
4347, -3
4348, 0
4349, 0
4350, -5
4351, -4
4352, -4
4353, 0
4354, 0
4355, 0
4356, 0
4357, -7
4358, -6
4359, 0
4360, 0
4361, -2
4362, 0
4363, -3
4364, -4
4365, -3
4366, 0
4367, -5
4368, 0
4369, 0
4370, -7
4371, -6
4372, 0
4373, -6
4374, -6
4375, -4
4376, 0
4377, 0
4378, -8
4379, -4
4380, 1
4381, 0
4382, 0
4383, 1
4384, -5
4385, 0
4386, -7
4387, 0
4388, -8
4389, -7
4390, 0
4391, -9
4392, 0
4393, 0
4394, -7
4395, -4
4396, -3
4397, -4
4398, -3
4399, 1
4400, 0
4401, -9
4402, -8
4403, -6
4404, -3
4405, 0
4406, 0
4407, -3
4408, -3
4409, -4
4410, -3
4411, 1
4412, 0
4413, 0
4414, 0
4415, 0
4416, 0
4417, 0
4418, 0
4419, -6
4420, -7
4421, 0
4422, -5
4423, 0
4424, -5
4425, 0
4426, -7
4427, 0
4428, -7
4429, -5
4430, 0
4431, 0
4432, 0
4433, -5
4434, -4
4435, -5
4436, -2
4437, 0
4438, 0
4439, -3
4440, 0
4441, -5
4442, -5
4443, -4
4444, 0
4445, 0
4446, 0
4447, -3
4448, -3
4449, -4
4450, 0
4451, -7
4452, -7
4453, 0
4454, 0
4455, 0
4456, 0
4457, -3
4458, -4
4459, 0
4460, 0
4461, 0
4462, -3
4463, 0
4464, 0
4465, -7
4466, 0
4467, -4
4468, 0
4469, 0
4470, 0
4471, 0
4472, 0
4473, 0
4474, 0
4475, -10
4476, -7
4477, 0
4478, 0
4479, 0
4480, -1
4481, 1
4482, 0
4483, 0
4484, -1
4485, 0
4486, -8
4487, -4
4488, -1
4489, 0
4490, 1
4491, -5
4492, -7
4493, -5
4494, -4
4495, -2
4496, -3
4497, -3
4498, -3
4499, -2
4500, -2
4501, 0
4502, -5
4503, -4
4504, 0
4505, 0
4506, -6
4507, -5
4508, -4
4509, 0
4510, 0
4511, 0
4512, 0
4513, 0
4514, 0
4515, 0
4516, 0
4517, -4
4518, -1
4519, 0
4520, 0
4521, 0
4522, 0
4523, 0
4524, -3
4525, -3
4526, 0
4527, 1
4528, 0
4529, 0
4530, 0
4531, 0
4532, -2
4533, -2
4534, 0
4535, 0
4536, -4
4537, -3
4538, -2
4539, 0
4540, -6
4541, 0
4542, -3
4543, -2
4544, 0
4545, -2
4546, -3
4547, 0
4548, -3
4549, -2
4550, 0
4551, 0
4552, 0
4553, 0
4554, 0
4555, 1
4556, 0
4557, 2
4558, 0
4559, -8
4560, 0
4561, 0
4562, 0
4563, 0
4564, 0
4565, -11
4566, -4
4567, -3
4568, 0
4569, 0
4570, 0
4571, 0
4572, 0
4573, -4
4574, 0
4575, 0
4576, 0
4577, -4
4578, 0
4579, 0
4580, 0
4581, -2
4582, 0
4583, -4
4584, 0
4585, 1
4586, 0
4587, 0
4588, 1
4589, 0
4590, -3
4591, -4
4592, 0
4593, -5
4594, -6
4595, 0
4596, 0
4597, 0
4598, 0
4599, 0
4600, 0
4601, 0
4602, -2
4603, 0
4604, -3
4605, 0
4606, 0
4607, -4
4608, -2
4609, 0
4610, 0
4611, 0
4612, 0
4613, -3
4614, -4
4615, 0
4616, 0
4617, -8
4618, -5
4619, 0
4620, 0
4621, 0
4622, 0
4623, 0
4624, -4
4625, 0
4626, 0
4627, 0
4628, 0
4629, 0
4630, 0
4631, 0
4632, -4
4633, -4
4634, 0
4635, -4
4636, -5
4637, 0
4638, 0
4639, 0
4640, -3
4641, 0
4642, -5
4643, -3
4644, 0
4645, -1
4646, -1
4647, 0
4648, 0
4649, 0
4650, 0
4651, 0
4652, -3
4653, 0
4654, 0
4655, -4
4656, -4
4657, -3
4658, -2
4659, -3
4660, 0
4661, 0
4662, 0
4663, 0
4664, 0
4665, 0
4666, 1
4667, 0
4668, -3
4669, -3
4670, -3
4671, -3
4672, 0
4673, -4
4674, 0
4675, 0
4676, 0
4677, 0
4678, -3
4679, -3
4680, -2
4681, 0
4682, 0
4683, 0
4684, -2
4685, 1
4686, -2
4687, -2
4688, -1
4689, 0
4690, 0
4691, 0
4692, 0
4693, 0
4694, 1
4695, 0
4696, 0
4697, -7
4698, -5
4699, 0
4700, 0
4701, 0
4702, 0
4703, 0
4704, 0
4705, 0
4706, -4
4707, -3
4708, -2
4709, -3
4710, 0
4711, 0
4712, 0
4713, 0
4714, 0
4715, -2
4716, 0
4717, -2
4718, 0
4719, -7
4720, -5
4721, -2
4722, 0
4723, 0
4724, 0
4725, 0
4726, -3
4727, -1
4728, 0
4729, 0
4730, 0
4731, 0
4732, -5
4733, 0
4734, -4
4735, -2
4736, 0
4737, 1
4738, 0
4739, 0
4740, 0
4741, 0
4742, 1
4743, 0
4744, 0
4745, 0
4746, 0
4747, -2
4748, -1
4749, -3
4750, 0
4751, -1
4752, 0
4753, 0
4754, 0
4755, 0
4756, 0
4757, 0
4758, 0
4759, -1
4760, -2
4761, -2
4762, 0
4763, 2
4764, 0
4765, 0
4766, 0
4767, 0
4768, 0
4769, 0
4770, 0
4771, 0
4772, 1
4773, 0
4774, 0
4775, 0
4776, -2
4777, 0
4778, 1
4779, 0
4780, 0
4781, -5
4782, -2
4783, 0
4784, 0
4785, 0
4786, 0
4787, -4
4788, 0
4789, 0
4790, 0
4791, -2
4792, -2
4793, 0
4794, 0
4795, 0
4796, 0
4797, 0
4798, 0
4799, 0
4800, -7
4801, 0
4802, 0
4803, 1
4804, 0
4805, 3
4806, 0
4807, 0
4808, 0
4809, 0
4810, 0
4811, -7
4812, -5
4813, 0
4814, 0
4815, 0
4816, 1
4817, -4
4818, -3
4819, -2
4820, -2
4821, -2
4822, -2
4823, -1
4824, -2
4825, -1
4826, 0
4827, 2
4828, 1
4829, 0
4830, 0
4831, 0
4832, 0
4833, 0
4834, 0
4835, 0
4836, 0
4837, -2
4838, 0
4839, 0
4840, 0
4841, 2
4842, 0
4843, 0
4844, 0
4845, 0
4846, 0
4847, 1
4848, -4
4849, -5
4850, -4
4851, -3
4852, -3
4853, 0
4854, 2
4855, 0
4856, 1
4857, 3
4858, 3
4859, 0
4860, 0
4861, 0
4862, 0
4863, 0
4864, 0
4865, 1
4866, -2
4867, -1
4868, 0
4869, 0
4870, 0
4871, 0
4872, 0
4873, 0
4874, 1
4875, 0
4876, 0
4877, -3
4878, 0
4879, 0
4880, 0
4881, 0
4882, 0
4883, 0
4884, 0
4885, 0
4886, 0
4887, 0
4888, -5
4889, -5
4890, 0
4891, 0
4892, 2
4893, 0
4894, 0
4895, -2
4896, -2
4897, -3
4898, 0
4899, 0
4900, 1
4901, 0
4902, 2
4903, 3
4904, 0
4905, 0
4906, 0
4907, 0
4908, 0
4909, 0
4910, -2
4911, -3
4912, 0
4913, 0
4914, 0
4915, 0
4916, 3
4917, 2
4918, 0
4919, 0
4920, 0
4921, 0
4922, 0
4923, 0
4924, 0
4925, -2
4926, 0
4927, -2
4928, -1
4929, 0
4930, 0
4931, 0
4932, 0
4933, 0
4934, 0
4935, 0
4936, 0
4937, 1
4938, 1
4939, 0
4940, 2
4941, 2
4942, 0
4943, 0
4944, 0
4945, 0
4946, -3
4947, -3
4948, 0
4949, -1
4950, 0
4951, 0
4952, 0
4953, 0
4954, 0
4955, 0
4956, 0
4957, 0
4958, -2
4959, 0
4960, 0
4961, 0
4962, 0
4963, 0
4964, 0
4965, 0
4966, 0
4967, 0
4968, 0
4969, 0
4970, 2
4971, 0
4972, 0
4973, 0
4974, 2
4975, 2
4976, 0
4977, -2
4978, -3
4979, -3
4980, 1
4981, 3
4982, 3
4983, 0
4984, 0
4985, 0
4986, -1
4987, 1
4988, 0
4989, 1
4990, 0
4991, 0
4992, 0
4993, 0
4994, 0
4995, 0
4996, 0
4997, 0
4998, 0
4999, 0
5000, 0
5001, 0
5002, 0
5003, 0
5004, 2
5005, 1
5006, 0
5007, 3
5008, 0
5009, 0
5010, -1
5011, 0
5012, 0
5013, 0
5014, 0
5015, -6
5016, -6
5017, -3
5018, -1
5019, 2
5020, 2
5021, -3
5022, 0
5023, 2
5024, 3
5025, 3
5026, 2
5027, 2
5028, 3
5029, 3
5030, 3
5031, 0
5032, -3
5033, -4
5034, -4
5035, -2
5036, 2
5037, 4
5038, 0
5039, 3
5040, 2
5041, 0
5042, 0
5043, 2
5044, 2
5045, 2
5046, 2
5047, 0
5048, 0
5049, 0
5050, 0
5051, 0
5052, 1
5053, 2
5054, 2
5055, 0
5056, 0
5057, 0
5058, 0
5059, 0
5060, 0
5061, 0
5062, 0
5063, 0
5064, 0
5065, 0
5066, 0
5067, -2
5068, -3
5069, -4
5070, -2
5071, 0
5072, 0
5073, 0
5074, 2
5075, 0
5076, 0
5077, 1
5078, 0
5079, 0
5080, 0
5081, 0
5082, 0
5083, 0
5084, 0
5085, -2
5086, -2
5087, 0
5088, 2
5089, 2
5090, 0
5091, 0
5092, 0
5093, 0
5094, -2
5095, -1
5096, 0
5097, -2
5098, -2
5099, 0
5100, 0
5101, 0
5102, 0
5103, 0
5104, -8
5105, -7
5106, -3
5107, -2
5108, -2
5109, 0
5110, 0
5111, 0
5112, 0
5113, 0
5114, 0
5115, 0
5116, 0
5117, 0
5118, 0
5119, 0
5120, 0
5121, 0
5122, -2
5123, -3
5124, 0
5125, 0
5126, 0
5127, 0
5128, 0
5129, 0
5130, 0
5131, 0
5132, 0
5133, 0
5134, 0
5135, 0
5136, 0
5137, 0
5138, 0
5139, 0
5140, 0
5141, 0
5142, 0
5143, 2
5144, 3
5145, 0
5146, 0
5147, 0
5148, 0
5149, 0
5150, 3
5151, 0
5152, -1
5153, -3
5154, -3
5155, -3
5156, -3
5157, 0
5158, 0
5159, -1
5160, 0
5161, 1
5162, 3
5163, 2
5164, 0
5165, -2
5166, -2
5167, 2
5168, 2
5169, 3
5170, 0
5171, 0
5172, 0
5173, 0
5174, 0
5175, 0
5176, 0
5177, -5
5178, -3
5179, 0
5180, 4
5181, 2
5182, 0
5183, 0
5184, 0
5185, 0
5186, 0
5187, 0
5188, 0
5189, 0
5190, -3
5191, -2
5192, 1
5193, 3
5194, 3
5195, 0
5196, 0
5197, 0
5198, 0
5199, 0
5200, 0
5201, 0
5202, 0
5203, 0
5204, 0
5205, 0
5206, 0
5207, 0
5208, 0
5209, 0
5210, 0
5211, 0
5212, 0
5213, 0
5214, 0
5215, 0
5216, 0
5217, 0
5218, 0
5219, 0
5220, 0
5221, 0
5222, 0
5223, 0
5224, 0
5225, 0
5226, 0
5227, 0
5228, 0
5229, 0
5230, 0
5231, 0
5232, 0
5233, 0
5234, 0
5235, 0
5236, 0
5237, 0
5238, 0
5239, 0
5240, 0
5241, 0
5242, 0
5243, 0
5244, 0
5245, 0
5246, 0
5247, 0
5248, 0
5249, 0
5250, 0
5251, 0
5252, 0
5253, 0
5254, -2
5255, 0
5256, 0
5257, 0
5258, 2
5259, 0
5260, 0
5261, 0
5262, 2
5263, 2
5264, 3
5265, 0
5266, 0
5267, 4683
5268, 4683
5269, 4683
5270, 4683
5271, 0
5272, 0
5273, 0
5274, 0
5275, 0
5276, 0
5277, 0
5278, 0
5279, -1
5280, 0
5281, 0
5282, 0
5283, 0
5284, 2
5285, 2
5286, 2
5287, 2
5288, 0
5289, 3
5290, 3
5291, 3
5292, 3
5293, 2
5294, 2
5295, 2
5296, 2
5297, 2
5298, 0
5299, 0
5300, 2
5301, 2
5302, 2
5303, 0
5304, 0
5305, 0
5306, 3
5307, 0
5308, 0
5309, 4681
5310, 0
5311, 0
5312, 0
5313, 2
5314, 2
5315, 0
5316, 0
5317, 0
5318, 0
5319, 0
5320, 0
5321, 0
5322, 0
5323, 0
5324, 0
5325, 0
5326, 0
5327, 0
5328, 0
5329, 0
5330, 0
5331, 0
5332, 0
5333, 0
5334, 0
5335, 2
5336, 2
5337, 2
5338, 2
5339, 2
5340, 1
5341, 2
5342, 2
5343, 2
5344, 2
5345, 2
5346, 0
5347, 0
5348, 0
5349, 0
5350, 0
5351, 0
5352, 0
5353, 0
5354, 0
5355, 0
5356, 0
5357, 0
5358, 0
5359, 0
5360, 0
5361, 0
5362, 0
5363, 0
5364, 3
5365, 2
5366, 2
5367, 0
5368, 0
5369, 0
5370, 2
5371, 2
5372, 0
5373, 2
5374, 2
5375, 2
5376, 0
5377, 0
5378, 0
5379, 0
5380, 0
5381, 0
5382, 0
5383, 0
5384, 0
5385, 0
5386, 0
5387, 0
5388, 0
5389, 0
5390, 0
5391, 0
5392, 0
5393, 0
5394, 0
5395, 0
5396, 2
5397, 2
5398, 2
5399, 0
5400, 1
5401, 3
5402, 2
5403, 2
5404, 0
5405, 0
5406, 0
5407, 0
5408, 0
5409, 0
5410, 0
5411, 0
5412, 0
5413, 0
5414, 0
5415, 0
5416, 0
5417, -2
5418, 0
5419, 0
5420, 0
5421, 0
5422, 0
5423, 0
5424, 0
5425, 0
5426, 0
5427, 0
5428, 0
5429, 0
5430, 0
5431, 0
5432, 0
5433, 0
5434, 0
5435, 0
5436, 0
5437, 0
5438, 0
5439, 0
5440, 0
5441, 0
5442, 0
5443, 0
5444, 0
5445, 0
5446, 0
5447, 0
5448, 0
5449, 0
5450, 0
5451, 0
5452, 0
5453, 0
5454, 0
5455, 0
5456, 0
5457, 0
5458, 0
5459, 0
5460, 0
5461, 0
5462, 0
5463, 0
5464, 0
5465, 0
5466, 1
5467, 0
5468, 0
5469, 0
5470, 0
5471, 0
5472, 0
5473, 0
5474, 0
5475, 0
5476, 0
5477, 0
5478, 0
5479, 0
5480, 0
5481, 0
5482, 0
5483, 0
5484, 0
5485, 0
5486, 0
5487, 0
5488, 0
5489, 0
5490, 0
5491, 0
5492, 0
