0, 0
1, 0
2, 0
3, 0
4, 0
5, 0
6, 0
7, 0
8, 0
9, 0
10, 0
11, 0
12, 0
13, 0
14, 0
15, 0
16, 0
17, 0
18, 0
19, 0
20, 0
21, 0
22, 0
23, 0
24, 0
25, 0
26, 0
27, 0
28, 0
29, 0
30, 0
31, 0
32, 0
33, 0
34, 0
35, 0
36, 0
37, 0
38, 0
39, 0
40, 0
41, 0
42, 0
43, 0
44, 0
45, 0
46, 0
47, 0
48, 0
49, 0
50, 0
51, 0
52, 0
53, 0
54, 0
55, 0
56, 0
57, 0
58, 0
59, 0
60, 0
61, 0
62, 0
63, 0
64, 0
65, 0
66, 0
67, 0
68, 0
69, 0
70, 0
71, 0
72, 0
73, 0
74, 0
75, 0
76, 0
77, 0
78, 0
79, 0
80, 0
81, 0
82, 0
83, 0
84, 0
85, 0
86, 0
87, 0
88, 0
89, 0
90, 0
91, 0
92, 0
93, 0
94, 0
95, 0
96, 0
97, 0
98, 0
99, 0
100, 0
101, 0
102, 0
103, 0
104, 0
105, 0
106, 0
107, 0
108, 0
109, 0
110, 0
111, 0
112, 0
113, 0
114, 0
115, 0
116, 0
117, 0
118, 0
119, 0
120, 0
121, 0
122, 0
123, 0
124, 0
125, 0
126, 0
127, 0
128, 0
129, 0
130, 0
131, 0
132, 0
133, 0
134, 0
135, 0
136, 0
137, 0
138, 0
139, 0
140, 0
141, 0
142, 0
143, 0
144, 0
145, 0
146, 0
147, 0
148, 0
149, 0
150, 0
151, 0
152, 0
153, 0
154, 0
155, 0
156, 0
157, 0
158, 0
159, 0
160, 0
161, 0
162, 0
163, 0
164, 0
165, 0
166, 0
167, 0
168, 0
169, 0
170, 0
171, 0
172, 0
173, 0
174, 0
175, 0
176, 0
177, 0
178, 0
179, 0
180, 0
181, 0
182, 0
183, 0
184, 0
185, 0
186, 0
187, 0
188, 0
189, 0
190, 0
191, 0
192, 0
193, 0
194, 0
195, 0
196, 0
197, 0
198, 0
199, 0
200, 0
201, 0
202, 0
203, 0
204, 0
205, 0
206, 0
207, 0
208, 0
209, 0
210, 0
211, 0
212, 0
213, 0
214, 0
215, 0
216, 0
217, 0
218, 0
219, 0
220, 0
221, 0
222, 0
223, 0
224, 0
225, 0
226, 0
227, 0
228, 0
229, 0
230, 0
231, 0
232, 0
233, 0
234, 0
235, 0
236, 0
237, 0
238, 0
239, 0
240, 0
241, 0
242, 0
243, 0
244, 0
245, 0
246, 0
247, 0
248, 0
249, 0
250, 0
251, 0
252, 0
253, 0
254, 0
255, 0
256, 0
257, 0
258, 0
259, 0
260, 0
261, 0
262, 0
263, 0
264, 0
265, 0
266, 0
267, 0
268, 0
269, 0
270, 0
271, 0
272, 0
273, 0
274, 0
275, 0
276, 0
277, 0
278, 0
279, 0
280, 0
281, 0
282, 0
283, 0
284, 0
285, 0
286, 0
287, 0
288, 0
289, 0
290, 0
291, 0
292, 0
293, 0
294, 0
295, 0
296, 0
297, 0
298, 0
299, 0
300, 0
301, 0
302, 0
303, 0
304, 0
305, 0
306, 0
307, 0
308, 0
309, 0
310, 0
311, 0
312, 0
313, 0
314, 0
315, 0
316, 0
317, 0
318, 0
319, 0
320, 0
321, 0
322, 0
323, 0
324, 0
325, 0
326, 0
327, 0
328, 0
329, 0
330, 0
331, 0
332, 0
333, 0
334, 0
335, 0
336, 0
337, 0
338, 0
339, 0
340, 0
341, 0
342, 0
343, 0
344, 0
345, 0
346, 0
347, 0
348, 0
349, 0
350, 0
351, 0
352, 0
353, 0
354, 0
355, 0
356, 0
357, 0
358, 0
359, 0
360, 0
361, 0
362, 0
363, 0
364, 0
365, 0
366, 0
367, 0
368, 0
369, 0
370, 0
371, 0
372, 0
373, 0
374, 0
375, 0
376, 0
377, 0
378, 0
379, 0
380, 0
381, 0
382, 0
383, 0
384, 0
385, 0
386, 0
387, 0
388, 0
389, 0
390, 0
391, 0
392, 0
393, 0
394, 0
395, 0
396, 0
397, 0
398, 0
399, 0
400, 0
401, 0
402, 0
403, 0
404, 0
405, 0
406, 0
407, 0
408, 0
409, 0
410, 0
411, 0
412, 0
413, 0
414, 0
415, 0
416, 0
417, 0
418, 0
419, 0
420, 0
421, 0
422, 0
423, 0
424, 0
425, 0
426, 0
427, 0
428, 0
429, 0
430, 0
431, 0
432, 0
433, 0
434, 0
435, 0
436, 0
437, 0
438, 0
439, 0
440, 0
441, 0
442, 0
443, 0
444, 0
445, 0
446, 0
447, 0
448, 0
449, 0
450, 0
451, 0
452, 0
453, 0
454, 0
455, 0
456, 0
457, 0
458, 0
459, 0
460, 0
461, 0
462, 0
463, 0
464, 0
465, 0
466, 0
467, 0
468, 0
469, 0
470, 0
471, 0
472, 0
473, 0
474, 0
475, 0
476, 0
477, 0
478, 0
479, 0
480, 0
481, 0
482, 0
483, 0
484, 0
485, 0
486, 0
487, 0
488, 0
489, 0
490, 0
491, 0
492, 0
493, 0
494, 0
495, 0
496, 0
497, 0
498, 0
499, 0
500, 0
501, 0
502, 0
503, 0
504, 0
505, 0
506, 0
507, 0
508, 0
509, 0
510, 0
511, 0
512, 0
513, 0
514, 0
515, 0
516, 0
517, 0
518, 0
519, 0
520, 0
521, 0
522, 0
523, 0
524, 0
525, 0
526, 0
527, 0
528, 0
529, 0
530, 0
531, 0
532, 0
533, 0
534, 0
535, 0
536, 0
537, 0
538, 0
539, 0
540, 0
541, 0
542, 0
543, 0
544, 0
545, 0
546, 0
547, 0
548, 0
549, 0
550, 0
551, 0
552, 0
553, 0
554, 0
555, 0
556, 0
557, 0
558, 0
559, 0
560, 0
561, 0
562, 0
563, 0
564, 0
565, 0
566, 0
567, 0
568, 0
569, 0
570, 0
571, 0
572, 0
573, 0
574, 0
575, 0
576, 0
577, 0
578, 0
579, 0
580, 0
581, 0
582, 0
583, 0
584, 0
585, 0
586, 0
587, 0
588, 0
589, 0
590, 0
591, 0
592, 0
593, 0
594, 0
595, 0
596, 0
597, 0
598, 0
599, 0
600, 0
601, 0
602, 0
603, 0
604, 0
605, 0
606, 0
607, 0
608, 0
609, 0
610, 0
611, 0
612, 0
613, 0
614, 0
615, 0
616, 0
617, 0
618, 0
619, 0
620, 0
621, 0
622, 0
623, 0
624, 0
625, 0
626, 0
627, 0
628, 0
629, 0
630, 0
631, 0
632, 0
633, 0
634, 0
635, 0
636, 0
637, 0
638, 0
639, 0
640, 0
641, 0
642, 0
643, 0
644, 0
645, 0
646, 0
647, 0
648, 0
649, 0
650, 0
651, 0
652, 0
653, 0
654, 0
655, 0
656, 0
657, 0
658, 0
659, 0
660, 0
661, 0
662, 0
663, 0
664, 0
665, 0
666, 0
667, 0
668, 0
669, 0
670, 0
671, 0
672, 0
673, 0
674, 0
675, 0
676, 0
677, 0
678, 0
679, 0
680, 0
681, 0
682, 0
683, 0
684, 0
685, 0
686, 0
687, 0
688, 0
689, 0
690, 0
691, 0
692, 0
693, 0
694, 0
695, 0
696, 0
697, 0
698, 0
699, 0
700, 0
701, 0
702, 0
703, 0
704, 0
705, 0
706, 0
707, 0
708, 0
709, 0
710, 0
711, 0
712, 0
713, 0
714, 0
715, 0
716, 0
717, 0
718, 0
719, 0
720, 0
721, 0
722, 0
723, 0
724, 0
725, 0
726, 0
727, 0
728, 0
729, 0
730, 0
731, 0
732, 0
733, 0
734, 0
735, 0
736, 0
737, 0
738, 0
739, 0
740, 0
741, 0
742, 0
743, 0
744, 0
745, 0
746, 0
747, 0
748, 0
749, 0
750, 0
751, 0
752, 0
753, 0
754, 0
755, 0
756, 0
757, 0
758, 0
759, 0
760, 0
761, 0
762, 0
763, 0
764, 0
765, 0
766, 0
767, 0
768, 0
769, 0
770, 0
771, 0
772, 0
773, 0
774, 0
775, 0
776, 0
777, 0
778, 0
779, 0
780, 0
781, 0
782, 0
783, 0
784, 0
785, 0
786, 0
787, 0
788, 0
789, 0
790, 0
791, 0
792, 0
793, 0
794, 0
795, 0
796, 0
797, 0
798, 0
799, 0
800, 0
801, 0
802, 0
803, 0
804, 0
805, 0
806, 0
807, 0
808, 0
809, 0
810, 0
811, 0
812, 0
813, 0
814, 0
815, 0
816, 0
817, 0
818, 0
819, 0
820, 0
821, 0
822, 0
823, 0
824, 0
825, 0
826, 0
827, 0
828, 0
829, 0
830, 0
831, 0
832, 0
833, 0
834, 0
835, 0
836, 0
837, 0
838, 0
839, 0
840, 0
841, 0
842, 0
843, 0
844, 0
845, 0
846, 0
847, 0
848, 0
849, 0
850, 0
851, 0
852, 0
853, 0
854, 0
855, 0
856, 0
857, 0
858, 0
859, 0
860, 0
861, 0
862, 0
863, 0
864, 0
865, 0
866, 0
867, 0
868, 0
869, 0
870, 0
871, 0
872, 0
873, 0
874, 0
875, 0
876, 0
877, 0
878, 0
879, 0
880, 0
881, 0
882, 0
883, 0
884, 0
885, 0
886, 0
887, 0
888, 0
889, 0
890, 0
891, 0
892, 0
893, 0
894, 0
895, 0
896, 0
897, 0
898, 0
899, 0
900, 0
901, 0
902, 0
903, 0
904, 0
905, 0
906, 0
907, 0
908, 0
909, 0
910, 0
911, 0
912, 0
913, 0
914, 0
915, 0
916, 0
917, 0
918, 0
919, 0
920, 0
921, 0
922, 0
923, 0
924, 0
925, 0
926, 0
927, 0
928, 0
929, 0
930, 0
931, 0
932, 0
933, 0
934, 0
935, 0
936, 0
937, 0
938, 0
939, 0
940, 0
941, 0
942, 0
943, 0
944, 0
945, 0
946, 0
947, 0
948, 0
949, 0
950, 0
951, 0
952, 0
953, 0
954, 0
955, 0
956, 0
957, 0
958, 0
959, 0
960, 0
961, 0
962, 0
963, 0
964, 0
965, 0
966, 0
967, 0
968, 0
969, 0
970, 0
971, 0
972, 0
973, 0
974, 0
975, 0
976, 0
977, 0
978, 0
979, 0
980, 0
981, 0
982, 0
983, 0
984, 0
985, 0
986, 0
987, 0
988, 0
989, 0
990, 0
991, 0
992, 0
993, 0
994, 0
995, 0
996, 0
997, 0
998, 0
999, 0
1000, 0
1001, 0
1002, 0
1003, 0
1004, 0
1005, 0
1006, 0
1007, 0
1008, 0
1009, 0
1010, 0
1011, 0
1012, 0
1013, 0
1014, 0
1015, 0
1016, 0
1017, 0
1018, 0
1019, 0
1020, 0
1021, 0
1022, 0
1023, 0
1024, 0
1025, 0
1026, 0
1027, 0
1028, 0
1029, 0
1030, 0
1031, 0
1032, 0
1033, 0
1034, 0
1035, 0
1036, 0
1037, 0
1038, 0
1039, 0
1040, 0
1041, 0
1042, 0
1043, 0
1044, 0
1045, 0
1046, 0
1047, 0
1048, 0
1049, 0
1050, 0
1051, 0
1052, 0
1053, 0
1054, 0
1055, 0
1056, 0
1057, 0
1058, 0
1059, 0
1060, 0
1061, 0
1062, 0
1063, 0
1064, 0
1065, 0
1066, 0
1067, -1830
1068, -1831
1069, 0
1070, 0
1071, 0
1072, 0
1073, -1712
1074, 0
1075, -1710
1076, 0
1077, 0
1078, 0
1079, 0
1080, 0
1081, -1584
1082, -1591
1083, -1598
1084, -1598
1085, 0
1086, 0
1087, 0
1088, 0
1089, -1503
1090, -1503
1091, -1503
1092, 0
1093, 0
1094, 0
1095, 0
1096, 0
1097, -1441
1098, -1448
1099, -1455
1100, 0
1101, 0
1102, 0
1103, 0
1104, 0
1105, -1384
1106, -1391
1107, -1392
1108, -1392
1109, -1392
1110, 0
1111, 0
1112, 0
1113, -1330
1114, -1339
1115, -1341
1116, -1343
1117, -1343
1118, -1343
1119, 0
1120, 0
1121, -1297
1122, -1300
1123, -1301
1124, -1303
1125, -1303
1126, 0
1127, 0
1128, 0
1129, -1237
1130, -1244
1131, 0
1132, -1246
1133, 0
1134, 0
1135, 0
1136, 0
1137, -1200
1138, 0
1139, -1204
1140, -1206
1141, -1206
1142, -1207
1143, 0
1144, 0
1145, -1162
1146, -1167
1147, -1175
1148, -1174
1149, -1172
1150, 0
1151, 0
1152, 0
1153, -1128
1154, 0
1155, -1132
1156, -1134
1157, -1136
1158, -1135
1159, 0
1160, 0
1161, 0
1162, 0
1163, -1092
1164, -1093
1165, -1093
1166, -1094
1167, 0
1168, 0
1169, -1053
1170, -1054
1171, -1064
1172, -1072
1173, -1072
1174, 0
1175, 0
1176, 0
1177, -1033
1178, 0
1179, -1037
1180, -1038
1181, -1039
1182, -1039
1183, 0
1184, 0
1185, 0
1186, -990
1187, -999
1188, -997
1189, -999
1190, -998
1191, 0
1192, 0
1193, -969
1194, -982
1195, -984
1196, 0
1197, -981
1198, 0
1199, 0
1200, 0
1201, 0
1202, -936
1203, -972
1204, 0
1205, 0
1206, 0
1207, 0
1208, 0
1209, -949
1210, -950
1211, -951
1212, -951
1213, -951
1214, 0
1215, 0
1216, 0
1217, -921
1218, -922
1219, -928
1220, -934
1221, -934
1222, -935
1223, 0
1224, 0
1225, -898
1226, -907
1227, -908
1228, -911
1229, -910
1230, 0
1231, 0
1232, 0
1233, -874
1234, -880
1235, -887
1236, -887
1237, 0
1238, 0
1239, 0
1240, 0
1241, -858
1242, -866
1243, -872
1244, -871
1245, 0
1246, 0
1247, 0
1248, 0
1249, -840
1250, -842
1251, 0
1252, -845
1253, -846
1254, 0
1255, 0
1256, 0
1257, -824
1258, 0
1259, -836
1260, -838
1261, -838
1262, 0
1263, 0
1264, 0
1265, -799
1266, -801
1267, -810
1268, -815
1269, -812
1270, -813
1271, 0
1272, 0
1273, -792
1274, -796
1275, -807
1276, 0
1277, -804
1278, 0
1279, 0
1280, 0
1281, -782
1282, 0
1283, -796
1284, -799
1285, -800
1286, -799
1287, 0
1288, 0
1289, -765
1290, -768
1291, -784
1292, -783
1293, -784
1294, -784
1295, 0
1296, 0
1297, 0
1298, -757
1299, 0
1300, -765
1301, -767
1302, -768
1303, 0
1304, 0
1305, -740
1306, -740
1307, -751
1308, -760
1309, -756
1310, -758
1311, 0
1312, 0
1313, -740
1314, -744
1315, -752
1316, -752
1317, -752
1318, -751
1319, 0
1320, 0
1321, -714
1322, -721
1323, -726
1324, -726
1325, 0
1326, 0
1327, 0
1328, 0
1329, -703
1330, -702
1331, -702
1332, -710
1333, -711
1334, -711
1335, 0
1336, 0
1337, -677
1338, -679
1339, -718
1340, -718
1341, 0
1342, -719
1343, 0
1344, 0
1345, -697
1346, -699
1347, -706
1348, -712
1349, -711
1350, -710
1351, 0
1352, 0
1353, -689
1354, -696
1355, -702
1356, 0
1357, 0
1358, 0
1359, 0
1360, 0
1361, -677
1362, 0
1363, -695
1364, -695
1365, -696
1366, 0
1367, 0
1368, 0
1369, -671
1370, -674
1371, -695
1372, -696
1373, 0
1374, -692
1375, 0
1376, 0
1377, -674
1378, -676
1379, -687
1380, -686
1381, -683
1382, -683
1383, 0
1384, 0
1385, 0
1386, 0
1387, -694
1388, -695
1389, -693
1390, -691
1391, 0
1392, 0
1393, -678
1394, 0
1395, -694
1396, -695
1397, -696
1398, -693
1399, 0
1400, 0
1401, -669
1402, -673
1403, -679
1404, -678
1405, -677
1406, 0
1407, 0
1408, 0
1409, -666
1410, -674
1411, -675
1412, -685
1413, 0
1414, 0
1415, 0
1416, 0
1417, -660
1418, 0
1419, -680
1420, -680
1421, -680
1422, -678
1423, 0
1424, 0
1425, -656
1426, 0
1427, -669
1428, -669
1429, -672
1430, 0
1431, 0
1432, 0
1433, 0
1434, 0
1435, 0
1436, 0
1437, 0
1438, -661
1439, 0
1440, 0
1441, -649
1442, -652
1443, 0
1444, -660
1445, 0
1446, -661
1447, 0
1448, 0
1449, -642
1450, -647
1451, -655
1452, -654
1453, -654
1454, 0
1455, 0
1456, 0
1457, -633
1458, -636
1459, -642
1460, -647
1461, -647
1462, -644
1463, 0
1464, 0
1465, -634
1466, 0
1467, -639
1468, 0
1469, -644
1470, 0
1471, 0
1472, 0
1473, -632
1474, 0
1475, -639
1476, 0
1477, -646
1478, -646
1479, 0
1480, 0
1481, -631
1482, -633
1483, -647
1484, -646
1485, -646
1486, 0
1487, 0
1488, 0
1489, -624
1490, -626
1491, -638
1492, -638
1493, -639
1494, 0
1495, 0
1496, 0
1497, -625
1498, 0
1499, -637
1500, -638
1501, -638
1502, -639
1503, 0
1504, 0
1505, -625
1506, 0
1507, -638
1508, -639
1509, -640
1510, -640
1511, 0
1512, 0
1513, -617
1514, -621
1515, -631
1516, -631
1517, -630
1518, -632
1519, 0
1520, 0
1521, 0
1522, 0
1523, -638
1524, -639
1525, -638
1526, -638
1527, 0
1528, 0
1529, -617
1530, -621
1531, -632
1532, -631
1533, -630
1534, 0
1535, 0
1536, 0
1537, -612
1538, -614
1539, -620
1540, -622
1541, 0
1542, 0
1543, 0
1544, 0
1545, -606
1546, -608
1547, -617
1548, -623
1549, -624
1550, 0
1551, 0
1552, 0
1553, -608
1554, -613
1555, -618
1556, 0
1557, -623
1558, 0
1559, 0
1560, 0
1561, -605
1562, -605
1563, -607
1564, -606
1565, 0
1566, 0
1567, 0
1568, 0
1569, -585
1570, -585
1571, -590
1572, -589
1573, -589
1574, -591
1575, 0
1576, 0
1577, -575
1578, -579
1579, 0
1580, -595
1581, 0
1582, 0
1583, 0
1584, 0
1585, -580
1586, 0
1587, -591
1588, -592
1589, -590
1590, -590
1591, 0
1592, 0
1593, -575
1594, -574
1595, -575
1596, -592
1597, -590
1598, 0
1599, 0
1600, 0
1601, -574
1602, 0
1603, -582
1604, -581
1605, -583
1606, -581
1607, 0
1608, 0
1609, -568
1610, -572
1611, -575
1612, -575
1613, 0
1614, 0
1615, 0
1616, 0
1617, -558
1618, -561
1619, -576
1620, -575
1621, -573
1622, -573
1623, 0
1624, 0
1625, -561
1626, -568
1627, -568
1628, -567
1629, -566
1630, 0
1631, 0
1632, 0
1633, -552
1634, -556
1635, -557
1636, -576
1637, -576
1638, 0
1639, 0
1640, 0
1641, -561
1642, -565
1643, -579
1644, -583
1645, -584
1646, -583
1647, 0
1648, 0
1649, -574
1650, -577
1651, -583
1652, -582
1653, -581
1654, -582
1655, 0
1656, 0
1657, -569
1658, 0
1659, -585
1660, -590
1661, -591
1662, -590
1663, 0
1664, 0
1665, -582
1666, 0
1667, -597
1668, -598
1669, -598
1670, -597
1671, 0
1672, 0
1673, -584
1674, 0
1675, -588
1676, -589
1677, 0
1678, 0
1679, 0
1680, 0
1681, -577
1682, -580
1683, 0
1684, -589
1685, 0
1686, -592
1687, 0
1688, 0
1689, -575
1690, -575
1691, -581
1692, -583
1693, 0
1694, -580
1695, 0
1696, 0
1697, -577
1698, -581
1699, -592
1700, -591
1701, -590
1702, -592
1703, 0
1704, 0
1705, -582
1706, -583
1707, -589
1708, -590
1709, -589
1710, 0
1711, 0
1712, 0
1713, -583
1714, 0
1715, -597
1716, -600
1717, -600
1718, -598
1719, 0
1720, 0
1721, -578
1722, -580
1723, -591
1724, -590
1725, -590
1726, 0
1727, 0
1728, 0
1729, -574
1730, -579
1731, -584
1732, -583
1733, 0
1734, 0
1735, 0
1736, 0
1737, -566
1738, -568
1739, 0
1740, -575
1741, -574
1742, -574
1743, 0
1744, 0
1745, -561
1746, -576
1747, -575
1748, -574
1749, 0
1750, 0
1751, 0
1752, 0
1753, -567
1754, 0
1755, -583
1756, -583
1757, -581
1758, 0
1759, 0
1760, 0
1761, -574
1762, 0
1763, -579
1764, -583
1765, -584
1766, -581
1767, 0
1768, 0
1769, -568
1770, -570
1771, -583
1772, -583
1773, -582
1774, -580
1775, 0
1776, -580
1777, 0
1778, -582
1779, -584
1780, -583
1781, -582
1782, -582
1783, 0
1784, 0
1785, -578
1786, -588
1787, -590
1788, -590
1789, 0
1790, -589
1791, 0
1792, 0
1793, -576
1794, -578
1795, -580
1796, -584
1797, -583
1798, -582
1799, -583
1800, 0
1801, -572
1802, -572
1803, -571
1804, 0
1805, -574
1806, -572
1807, 0
1808, 0
1809, -566
1810, 0
1811, -565
1812, -571
1813, -573
1814, -575
1815, 0
1816, 0
1817, -548
1818, -551
1819, -555
1820, -557
1821, -560
1822, 0
1823, 0
1824, 0
1825, -536
1826, -535
1827, -536
1828, -535
1829, -536
1830, -536
1831, -533
1832, -531
1833, -528
1834, -527
1835, 0
1836, -527
1837, 0
1838, -535
1839, 0
1840, 0
1841, -520
1842, -523
1843, -536
1844, -535
1845, -533
1846, -532
1847, 0
1848, 0
1849, -528
1850, -530
1851, -543
1852, -544
1853, -543
1854, -541
1855, 0
1856, 0
1857, -535
1858, -535
1859, -542
1860, -543
1861, -551
1862, -550
1863, 0
1864, 0
1865, -535
1866, 0
1867, 0
1868, 0
1869, 0
1870, -541
1871, -542
1872, -541
1873, -542
1874, 0
1875, -569
1876, -571
1877, -572
1878, -571
1879, 0
1880, 0
1881, -561
1882, 0
1883, -567
1884, 0
1885, -576
1886, -576
1887, 0
1888, 0
1889, -554
1890, -560
1891, -558
1892, -555
1893, -559
1894, -559
1895, -557
1896, -558
1897, -558
1898, -558
1899, -559
1900, -557
1901, -556
1902, -555
1903, 0
1904, 0
1905, -546
1906, -549
1907, -558
1908, -559
1909, -559
1910, -558
1911, -557
1912, -558
1913, 0
1914, 0
1915, -556
1916, -558
1917, -559
1918, -559
1919, 0
1920, 0
1921, -545
1922, -552
1923, -553
1924, -557
1925, -566
1926, 0
1927, 0
1928, 0
1929, -553
1930, -552
1931, -557
1932, 0
1933, -558
1934, -556
1935, 0
1936, -557
1937, -561
1938, -562
1939, -567
1940, -567
1941, -567
1942, -565
1943, 0
1944, 0
1945, -552
1946, -553
1947, -558
1948, -559
1949, -559
1950, -560
1951, 0
1952, -553
1953, 0
1954, 0
1955, -548
1956, -550
1957, -551
1958, -550
1959, 0
1960, 0
1961, -535
1962, -543
1963, -543
1964, -543
1965, -544
1966, -544
1967, 0
1968, 0
1969, -529
1970, -535
1971, -536
1972, -535
1973, -533
1974, -535
1975, 0
1976, -532
1977, -532
1978, -537
1979, -547
1980, -549
1981, 0
1982, 0
1983, 0
1984, 0
1985, -534
1986, -535
1987, -534
1988, -533
1989, -534
1990, -533
1991, 0
1992, -532
1993, 0
1994, -535
1995, -541
1996, -544
1997, -544
1998, -544
1999, 0
2000, 0
2001, 0
2002, 0
2003, -542
2004, -543
2005, -543
2006, -543
2007, 0
2008, 0
2009, -534
2010, -537
2011, -543
2012, -541
2013, -544
2014, 0
2015, 0
2016, 0
2017, -529
2018, -532
2019, -533
2020, -533
2021, 0
2022, -532
2023, 0
2024, -534
2025, -534
2026, -535
2027, -535
2028, -534
2029, -535
2030, -536
2031, 0
2032, 0
2033, 0
2034, 0
2035, -532
2036, -532
2037, -533
2038, -534
2039, 0
2040, 0
2041, -525
2042, -525
2043, -527
2044, -528
2045, -528
2046, -526
2047, 0
2048, 0
2049, 0
2050, 0
2051, -526
2052, -527
2053, -528
2054, -527
2055, 0
2056, 0
2057, -516
2058, -517
2059, -525
2060, -525
2061, 0
2062, -527
2063, 0
2064, 0
2065, -517
2066, -517
2067, -520
2068, -528
2069, -528
2070, -527
2071, 0
2072, 0
2073, -520
2074, 0
2075, -523
2076, -525
2077, -528
2078, -526
2079, 0
2080, 0
2081, -520
2082, -519
2083, -518
2084, -517
2085, 0
2086, -520
2087, 0
2088, 0
2089, 0
2090, -510
2091, 0
2092, -518
2093, 0
2094, 0
2095, 0
2096, 0
2097, -510
2098, -512
2099, -520
2100, -518
2101, 0
2102, 0
2103, 0
2104, 0
2105, -511
2106, -515
2107, -519
2108, -520
2109, -520
2110, -520
2111, 0
2112, 0
2113, -510
2114, -510
2115, -519
2116, -520
2117, -517
2118, -518
2119, 0
2120, 0
2121, -510
2122, -512
2123, -509
2124, -508
2125, -509
2126, -511
2127, -510
2128, 0
2129, -506
2130, -513
2131, -520
2132, -520
2133, -520
2134, -520
2135, -518
2136, 0
2137, -509
2138, -508
2139, -508
2140, -508
2141, -508
2142, -510
2143, -510
2144, -511
2145, -512
2146, -511
2147, -512
2148, -511
2149, -510
2150, -511
2151, 0
2152, 0
2153, 0
2154, 0
2155, -517
2156, -518
2157, -519
2158, -520
2159, 0
2160, 0
2161, -504
2162, -503
2163, -504
2164, -503
2165, -504
2166, 0
2167, 0
2168, 0
2169, -493
2170, -493
2171, 0
2172, -493
2173, -495
2174, -495
2175, 0
2176, 0
2177, 0
2178, -496
2179, -503
2180, -502
2181, -502
2182, -502
2183, -503
2184, -504
2185, -503
2186, 0
2187, -499
2188, 0
2189, -503
2190, 0
2191, 0
2192, 0
2193, 0
2194, -496
2195, 0
2196, -510
2197, -510
2198, -510
2199, 0
2200, 0
2201, -504
2202, -506
2203, -519
2204, -525
2205, -526
2206, -526
2207, 0
2208, 0
2209, -519
2210, -519
2211, -518
2212, -518
2213, -518
2214, -519
2215, 0
2216, 0
2217, 0
2218, -504
2219, -510
2220, -511
2221, -509
2222, -507
2223, -510
2224, -511
2225, -510
2226, -511
2227, -511
2228, -509
2229, 0
2230, -512
2231, 0
2232, 0
2233, -504
2234, -506
2235, -505
2236, -506
2237, -518
2238, -517
2239, 0
2240, 0
2241, -505
2242, -509
2243, -509
2244, -512
2245, -511
2246, -510
2247, -511
2248, 0
2249, -507
2250, -509
2251, -510
2252, -507
2253, 0
2254, -510
2255, 0
2256, 0
2257, -502
2258, -502
2259, -503
2260, -504
2261, -502
2262, 0
2263, 0
2264, 0
2265, -493
2266, -496
2267, -504
2268, -504
2269, -501
2270, -501
2271, -503
2272, -502
2273, -501
2274, -503
2275, -502
2276, -502
2277, 0
2278, -501
2279, 0
2280, 0
2281, -494
2282, -493
2283, -494
2284, -496
2285, -494
2286, 0
2287, 0
2288, 0
2289, 0
2290, -489
2291, -509
2292, -511
2293, -508
2294, -506
2295, -509
2296, -511
2297, 0
2298, -510
2299, -511
2300, -511
2301, 0
2302, -510
2303, 0
2304, 0
2305, -503
2306, -504
2307, -504
2308, 0
2309, -501
2310, -503
2311, -503
2312, -502
2313, -503
2314, 0
2315, -501
2316, -502
2317, -504
2318, -504
2319, 0
2320, 0
2321, -497
2322, -507
2323, -509
2324, -510
2325, -509
2326, -510
2327, 0
2328, -507
2329, 0
2330, 0
2331, -508
2332, -511
2333, -511
2334, -509
2335, 0
2336, 0
2337, -502
2338, -502
2339, -501
2340, 0
2341, -499
2342, 0
2343, 0
2344, 0
2345, -495
2346, -496
2347, -495
2348, -494
2349, -493
2350, -496
2351, -495
2352, -494
2353, -495
2354, -500
2355, -511
2356, -509
2357, 0
2358, -512
2359, 0
2360, 0
2361, -504
2362, -504
2363, -503
2364, -503
2365, -502
2366, -501
2367, -503
2368, -503
2369, -501
2370, 0
2371, -500
2372, -502
2373, -504
2374, -503
2375, 0
2376, 0
2377, 0
2378, -495
2379, -496
2380, -496
2381, -495
2382, -493
2383, -494
2384, -495
2385, -496
2386, -501
2387, -509
2388, -509
2389, -509
2390, -509
2391, 0
2392, 0
2393, -503
2394, -503
2395, -503
2396, 0
2397, -499
2398, 0
2399, -502
2400, -502
2401, 0
2402, -501
2403, 0
2404, -504
2405, -502
2406, -501
2407, 0
2408, 0
2409, -496
2410, -495
2411, -494
2412, -495
2413, 0
2414, -494
2415, -494
2416, -494
2417, 0
2418, -497
2419, -504
2420, -503
2421, -502
2422, 0
2423, 0
2424, 0
2425, -496
2426, -497
2427, -502
2428, -502
2429, -503
2430, -504
2431, -503
2432, -501
2433, -499
2434, -499
2435, -500
2436, 0
2437, -503
2438, -503
2439, 0
2440, 0
2441, -495
2442, -495
2443, -493
2444, -493
2445, -494
2446, -494
2447, -494
2448, -494
2449, -497
2450, -499
2451, -498
2452, 0
2453, 0
2454, -499
2455, -501
2456, -500
2457, 0
2458, -503
2459, -503
2460, -504
2461, -504
2462, -504
2463, 0
2464, 0
2465, -488
2466, -493
2467, -495
2468, -496
2469, -495
2470, -494
2471, 0
2472, -490
2473, 0
2474, -494
2475, -493
2476, -495
2477, -495
2478, -494
2479, -494
2480, -493
2481, 0
2482, -494
2483, -496
2484, -494
2485, -492
2486, -493
2487, -495
2488, -495
2489, -495
2490, -498
2491, -503
2492, -504
2493, -503
2494, 0
2495, -500
2496, -501
2497, 0
2498, -503
2499, -503
2500, -502
2501, -503
2502, -504
2503, 0
2504, 0
2505, -496
2506, -498
2507, -502
2508, -501
2509, -503
2510, -502
2511, 0
2512, 0
2513, -494
2514, -493
2515, -493
2516, -495
2517, -496
2518, -496
2519, -496
2520, -495
2521, -495
2522, -495
2523, -495
2524, -496
2525, -494
2526, -493
2527, -494
2528, -495
2529, -494
2530, -493
2531, -493
2532, -494
2533, -495
2534, 0
2535, -493
2536, -493
2537, -493
2538, -495
2539, 0
2540, -491
2541, -492
2542, 0
2543, 0
2544, 0
2545, -488
2546, -492
2547, -494
2548, -495
2549, -493
2550, -496
2551, 0
2552, -491
2553, 0
2554, 0
2555, 0
2556, -492
2557, 0
2558, -496
2559, 0
2560, -493
2561, -495
2562, -496
2563, -503
2564, -504
2565, -503
2566, -504
2567, -502
2568, 0
2569, -495
2570, -496
2571, 0
2572, -493
2573, -495
2574, -495
2575, -494
2576, -495
2577, -495
2578, -495
2579, -494
2580, -494
2581, -493
2582, -494
2583, -494
2584, 0
2585, -495
2586, -496
2587, -496
2588, 0
2589, -493
2590, 0
2591, -496
2592, -494
2593, -492
2594, -494
2595, -494
2596, -494
2597, -494
2598, -493
2599, -494
2600, -494
2601, -495
2602, -495
2603, 0
2604, -492
2605, -494
2606, -495
2607, -496
2608, -494
2609, -494
2610, -495
2611, -494
2612, -495
2613, -494
2614, -495
2615, 0
2616, -492
2617, 0
2618, -496
2619, -496
2620, -508
2621, -511
2622, -510
2623, -511
2624, -512
2625, -512
2626, -511
2627, -511
2628, -511
2629, -512
2630, -512
2631, 0
2632, -510
2633, 0
2634, -511
2635, -511
2636, -511
2637, -512
2638, -511
2639, -511
2640, -512
2641, -510
2642, -509
2643, -511
2644, -511
2645, -510
2646, -512
2647, -511
2648, -512
2649, -511
2650, -512
2651, -512
2652, -512
2653, -512
2654, -510
2655, 0
2656, 0
2657, -506
2658, -508
2659, -520
2660, -520
2661, -518
2662, -516
2663, -518
2664, -519
2665, -517
2666, -517
2667, -519
2668, -518
2669, -515
2670, -518
2671, 0
2672, 0
2673, -510
2674, -512
2675, -511
2676, -510
2677, 0
2678, -507
2679, -507
2680, -509
2681, -511
2682, 0
2683, -507
2684, -510
2685, -511
2686, -509
2687, 0
2688, 0
2689, -500
2690, -501
2691, -501
2692, 0
2693, -501
2694, 0
2695, -503
2696, -502
2697, 0
2698, -499
2699, -500
2700, 0
2701, -504
2702, -502
2703, -503
2704, -504
2705, 0
2706, -501
2707, -500
2708, -500
2709, -501
2710, -501
2711, -503
2712, -503
2713, -503
2714, -502
2715, 0
2716, -500
2717, -502
2718, -503
2719, -503
2720, -503
2721, -502
2722, 0
2723, 0
2724, -500
2725, 0
2726, -503
2727, -503
2728, -502
2729, 0
2730, -500
2731, 0
2732, -503
2733, -504
2734, -503
2735, 0
2736, 0
2737, -495
2738, -495
2739, -493
2740, -495
2741, -496
2742, -495
2743, 0
2744, -491
2745, 0
2746, -494
2747, -494
2748, -496
2749, 0
2750, -492
2751, -494
2752, 0
2753, -492
2754, 0
2755, -496
2756, -493
2757, -495
2758, -496
2759, 0
2760, -492
2761, -495
2762, -496
2763, -495
2764, -496
2765, -495
2766, -496
2767, 0
2768, -492
2769, 0
2770, -496
2771, -494
2772, -496
2773, -496
2774, -495
2775, 0
2776, 0
2777, 0
2778, 0
2779, -503
2780, -503
2781, -503
2782, -502
2783, -501
2784, -501
2785, -501
2786, -502
2787, -502
2788, -504
2789, -502
2790, -504
2791, 0
2792, -500
2793, 0
2794, -504
2795, -502
2796, -503
2797, -504
2798, -503
2799, 0
2800, 0
2801, 0
2802, 0
2803, -503
2804, -502
2805, -504
2806, -504
2807, -501
2808, -502
2809, -503
2810, -502
2811, -502
2812, -504
2813, -503
2814, -504
2815, 0
2816, -500
2817, 0
2818, -502
2819, -502
2820, -504
2821, -503
2822, -503
2823, 0
2824, 0
2825, 0
2826, 0
2827, -502
2828, -502
2829, -502
2830, -503
2831, -502
2832, -501
2833, -501
2834, -503
2835, -503
2836, -504
2837, -503
2838, -503
2839, 0
2840, -500
2841, 0
2842, -504
2843, -502
2844, -503
2845, -504
2846, -503
2847, 0
2848, 0
2849, 0
2850, 0
2851, -503
2852, -502
2853, -504
2854, -504
2855, -501
2856, -504
2857, -503
2858, -501
2859, -503
2860, -504
2861, -503
2862, -503
2863, 0
2864, -500
2865, -501
2866, 0
2867, 0
2868, -500
2869, 0
2870, -504
2871, -503
2872, -500
2873, -500
2874, -502
2875, -502
2876, -501
2877, -501
2878, -502
2879, -504
2880, -503
2881, -502
2882, -504
2883, -503
2884, -502
2885, -503
2886, -503
2887, 0
2888, -502
2889, -502
2890, 0
2891, 0
2892, -501
2893, 0
2894, -502
2895, -502
2896, 0
2897, 0
2898, -512
2899, -510
2900, -508
2901, -509
2902, 0
2903, -512
2904, -505
2905, -504
2906, -502
2907, -504
2908, -503
2909, -502
2910, -504
2911, -504
2912, -501
2913, -502
2914, 0
2915, -500
2916, 0
2917, -504
2918, -501
2919, -499
2920, -496
2921, -494
2922, -495
2923, -494
2924, -494
2925, -494
2926, -495
2927, -492
2928, -492
2929, -494
2930, -497
2931, -503
2932, -502
2933, -501
2934, -502
2935, -504
2936, -503
2937, -504
2938, -503
2939, -502
2940, -502
2941, -499
2942, -498
2943, 0
2944, -493
2945, -492
2946, -495
2947, -495
2948, -496
2949, -495
2950, -495
2951, -494
2952, -495
2953, -495
2954, -494
2955, -495
2956, -496
2957, -493
2958, -495
2959, -496
2960, -495
2961, -495
2962, -495
2963, -494
2964, -496
2965, -495
2966, -493
2967, -493
2968, 0
2969, 0
2970, -495
2971, -496
2972, -495
2973, -496
2974, -496
2975, -495
2976, 0
2977, 0
2978, -503
2979, -500
2980, -502
2981, -502
2982, -502
2983, -503
2984, -497
2985, -496
2986, -495
2987, -496
2988, -496
2989, -495
2990, -495
2991, -495
2992, -494
2993, -494
2994, -495
2995, -496
2996, -493
2997, -494
2998, -494
2999, -494
3000, -495
3001, -493
3002, -492
3003, -492
3004, -493
3005, -494
3006, -494
3007, -494
3008, -494
3009, -496
3010, -494
3011, -495
3012, -495
3013, -495
3014, -496
3015, -496
3016, -495
3017, -494
3018, -496
3019, 0
3020, -491
3021, 0
3022, -491
3023, -493
3024, -494
3025, -495
3026, 0
3027, -493
3028, -495
3029, -496
3030, -494
3031, -495
3032, -495
3033, -495
3034, -495
3035, -494
3036, -494
3037, -495
3038, -494
3039, -496
3040, -495
3041, -494
3042, -495
3043, -494
3044, -492
3045, -495
3046, -496
3047, -496
3048, 0
3049, 0
3050, 0
3051, 0
3052, -495
3053, -495
3054, -490
3055, -490
3056, 0
3057, 0
3058, -496
3059, -496
3060, -496
3061, -495
3062, -494
3063, -495
3064, 0
3065, -492
3066, -492
3067, -494
3068, -495
3069, -494
3070, 0
3071, -494
3072, 0
3073, -496
3074, -495
3075, -494
3076, -495
3077, -496
3078, -495
3079, -495
3080, -495
3081, -495
3082, -495
3083, -494
3084, -494
3085, -495
3086, -494
3087, -495
3088, -494
3089, -494
3090, -495
3091, -496
3092, 0
3093, -493
3094, 0
3095, -494
3096, -492
3097, -489
3098, -488
3099, -487
3100, -487
3101, -486
3102, 0
3103, -488
3104, 0
3105, 0
3106, -495
3107, -495
3108, -494
3109, -496
3110, 0
3111, -493
3112, 0
3113, 0
3114, -494
3115, -494
3116, -494
3117, -496
3118, -496
3119, -496
3120, -494
3121, -493
3122, -495
3123, -494
3124, -493
3125, -494
3126, -495
3127, -495
3128, -494
3129, -494
3130, -495
3131, -496
3132, -493
3133, -495
3134, -496
3135, -494
3136, -491
3137, -487
3138, -487
3139, -487
3140, -487
3141, -487
3142, -487
3143, -486
3144, -484
3145, -486
3146, -486
3147, -486
3148, -487
3149, -487
3150, -487
3151, -487
3152, 0
3153, 0
3154, -486
3155, 0
3156, -487
3157, -486
3158, -487
3159, -488
3160, 0
3161, -496
3162, -495
3163, -495
3164, -494
3165, -494
3166, -495
3167, -496
3168, -494
3169, -494
3170, -495
3171, -495
3172, -496
3173, -496
3174, -493
3175, -495
3176, -495
3177, -495
3178, -495
3179, -493
3180, -495
3181, -496
3182, -494
3183, -496
3184, 0
3185, 0
3186, -494
3187, -494
3188, -494
3189, -493
3190, 0
3191, -494
3192, 0
3193, 0
3194, -501
3195, -503
3196, -501
3197, -502
3198, -497
3199, 0
3200, -492
3201, -492
3202, 0
3203, -490
3204, 0
3205, -491
3206, 0
3207, -494
3208, -495
3209, -495
3210, -495
3211, -494
3212, -494
3213, -493
3214, 0
3215, -495
3216, -487
3217, -487
3218, -487
3219, -488
3220, -485
3221, -487
3222, -488
3223, -487
3224, 0
3225, 0
3226, 0
3227, -502
3228, 0
3229, -503
3230, -501
3231, -504
3232, -504
3233, -496
3234, -495
3235, -495
3236, -495
3237, -496
3238, -495
3239, -495
3240, 0
3241, 0
3242, -503
3243, -504
3244, -502
3245, -502
3246, -502
3247, -501
3248, -502
3249, -495
3250, 0
3251, -496
3252, 0
3253, -492
3254, 0
3255, -495
3256, 0
3257, 0
3258, -502
3259, -504
3260, -502
3261, -501
3262, -504
3263, 0
3264, -501
3265, -502
3266, -503
3267, -504
3268, -502
3269, -503
3270, -503
3271, -498
3272, 0
3273, 0
3274, -502
3275, -501
3276, -500
3277, -501
3278, -503
3279, -502
3280, -502
3281, -496
3282, -494
3283, -495
3284, -495
3285, -496
3286, -496
3287, -496
3288, 0
3289, 0
3290, -511
3291, 0
3292, -509
3293, -509
3294, -511
3295, 0
3296, 0
3297, 0
3298, -502
3299, 0
3300, -503
3301, -502
3302, -503
3303, -503
3304, -503
3305, -502
3306, -500
3307, -502
3308, 0
3309, 0
3310, 0
3311, 0
3312, 0
3313, 0
3314, -510
3315, -510
3316, -510
3317, -509
3318, -511
3319, -510
3320, -505
3321, -504
3322, -503
3323, -504
3324, -502
3325, -503
3326, -504
3327, -503
3328, -502
3329, -501
3330, -504
3331, -504
3332, -502
3333, -502
3334, -502
3335, -500
3336, 0
3337, 0
3338, -504
3339, -504
3340, -504
3341, -504
3342, -502
3343, -504
3344, 0
3345, 0
3346, 0
3347, -510
3348, -511
3349, -511
3350, -508
3351, -509
3352, -507
3353, -503
3354, -502
3355, -502
3356, -502
3357, -500
3358, -501
3359, -503
3360, -497
3361, -496
3362, 0
3363, -493
3364, 0
3365, -496
3366, -495
3367, -495
3368, 0
3369, 0
3370, 0
3371, -508
3372, -511
3373, -511
3374, -509
3375, -510
3376, -507
3377, -502
3378, -501
3379, -501
3380, -504
3381, -504
3382, -502
3383, -501
3384, -497
3385, -496
3386, -495
3387, -495
3388, -495
3389, -495
3390, -496
3391, -495
3392, 0
3393, -502
3394, -503
3395, -502
3396, -500
3397, -502
3398, -503
3399, -502
3400, 0
3401, -502
3402, -500
3403, -503
3404, -502
3405, -501
3406, -503
3407, 0
3408, 0
3409, 0
3410, 0
3411, 0
3412, -504
3413, -503
3414, -501
3415, 0
3416, -500
3417, 0
3418, 0
3419, -504
3420, 0
3421, -502
3422, -503
3423, -501
3424, -497
3425, -493
3426, -492
3427, -494
3428, -496
3429, -496
3430, -496
3431, -495
3432, 0
3433, 0
3434, 0
3435, -501
3436, -503
3437, 0
3438, -501
3439, 0
3440, 0
3441, -480
3442, -479
3443, -479
3444, -478
3445, -479
3446, -478
3447, -480
3448, 0
3449, 0
3450, -496
3451, -496
3452, -495
3453, -495
3454, -494
3455, -495
3456, 0
3457, -491
3458, 0
3459, -496
3460, -494
3461, -494
3462, -494
3463, -495
3464, 0
3465, 0
3466, -486
3467, -486
3468, -487
3469, -488
3470, -486
3471, -487
3472, 0
3473, 0
3474, -496
3475, 0
3476, -494
3477, -494
3478, -493
3479, -491
3480, -491
3481, -487
3482, -487
3483, -487
3484, -488
3485, -488
3486, -487
3487, -486
3488, 0
3489, 0
3490, -495
3491, -496
3492, -495
3493, -496
3494, -495
3495, -495
3496, -496
3497, -496
3498, -495
3499, -494
3500, 0
3501, -494
3502, -494
3503, -496
3504, 0
3505, 0
3506, -493
3507, -494
3508, -493
3509, -495
3510, -496
3511, -495
3512, 0
3513, 0
3514, -495
3515, -493
3516, 0
3517, -492
3518, 0
3519, -495
3520, -492
3521, -494
3522, 0
3523, -492
3524, -494
3525, -494
3526, -495
3527, -496
3528, 0
3529, 0
3530, -486
3531, 0
3532, -486
3533, 0
3534, -488
3535, -487
3536, 0
3537, 0
3538, -494
3539, -495
3540, -494
3541, -494
3542, -494
3543, -494
3544, 0
3545, 0
3546, -488
3547, -486
3548, -486
3549, -486
3550, -485
3551, -488
3552, 0
3553, 0
3554, 0
3555, -496
3556, -494
3557, 0
3558, -493
3559, 0
3560, 0
3561, 0
3562, -495
3563, -495
3564, -496
3565, -495
3566, -493
3567, -493
3568, 0
3569, 0
3570, -495
3571, -496
3572, -494
3573, -492
3574, 0
3575, -490
3576, 0
3577, 0
3578, -502
3579, -499
3580, 0
3581, -503
3582, 0
3583, -500
3584, 0
3585, 0
3586, -495
3587, 0
3588, -493
3589, 0
3590, -494
3591, 0
3592, 0
3593, -502
3594, -503
3595, -501
3596, 0
3597, -504
3598, -502
3599, -502
3600, 0
3601, 0
3602, -503
3603, -504
3604, -503
3605, 0
3606, 0
3607, 0
3608, 0
3609, 0
3610, -503
3611, -503
3612, 0
3613, -498
3614, -500
3615, -501
3616, 0
3617, 0
3618, 0
3619, -493
3620, 0
3621, -494
3622, -493
3623, -494
3624, 0
3625, -504
3626, -502
3627, -502
3628, -501
3629, -502
3630, -502
3631, -501
3632, 0
3633, 0
3634, 0
3635, -503
3636, -503
3637, -504
3638, 0
3639, -500
3640, 0
3641, 0
3642, -510
3643, -510
3644, -511
3645, 0
3646, -508
3647, -504
3648, 0
3649, 0
3650, 0
3651, 0
3652, -511
3653, -512
3654, -512
3655, -510
3656, 0
3657, 0
3658, 0
3659, -511
3660, -511
3661, -510
3662, -511
3663, -510
3664, 0
3665, 0
3666, 0
3667, -509
3668, 0
3669, -509
3670, 0
3671, -512
3672, 0
3673, 0
3674, -519
3675, -520
3676, -519
3677, -516
3678, 0
3679, -520
3680, -510
3681, -510
3682, -510
3683, -512
3684, -511
3685, -510
3686, -511
3687, -511
3688, 0
3689, 0
3690, -516
3691, -519
3692, -519
3693, -517
3694, 0
3695, -514
3696, -509
3697, 0
3698, -503
3699, 0
3700, -501
3701, 0
3702, -503
3703, -504
3704, 0
3705, 0
3706, -516
3707, -519
3708, 0
3709, -517
3710, 0
3711, -516
3712, 0
3713, 0
3714, -511
3715, 0
3716, -506
3717, -507
3718, -509
3719, -509
3720, 0
3721, 0
3722, -512
3723, -511
3724, -510
3725, -507
3726, -508
3727, -509
3728, 0
3729, 0
3730, 0
3731, -519
3732, -519
3733, -520
3734, -519
3735, -515
3736, -516
3737, -512
3738, -511
3739, -512
3740, -509
3741, -510
3742, -512
3743, -512
3744, 0
3745, 0
3746, 0
3747, -517
3748, -519
3749, 0
3750, -517
3751, 0
3752, 0
3753, 0
3754, -527
3755, 0
3756, -526
3757, -525
3758, -527
3759, -527
3760, -518
3761, 0
3762, -516
3763, 0
3764, 0
3765, -517
3766, -519
3767, -518
3768, 0
3769, 0
3770, -520
3771, -517
3772, -517
3773, -518
3774, -520
3775, -518
3776, 0
3777, 0
3778, -518
3779, -518
3780, -519
3781, 0
3782, -517
3783, -517
3784, 0
3785, 0
3786, -516
3787, 0
3788, -517
3789, 0
3790, -518
3791, -517
3792, 0
3793, 0
3794, -518
3795, -518
3796, 0
3797, 0
3798, -517
3799, -515
3800, 0
3801, 0
3802, -527
3803, 0
3804, -526
3805, -527
3806, -518
3807, -515
3808, -516
3809, -517
3810, -517
3811, -519
3812, -518
3813, -518
3814, -519
3815, -512
3816, 0
3817, 0
3818, 0
3819, -524
3820, 0
3821, -526
3822, -527
3823, -527
3824, 0
3825, 0
3826, 0
3827, -534
3828, -535
3829, -533
3830, -534
3831, -534
3832, 0
3833, 0
3834, -527
3835, -527
3836, -528
3837, -526
3838, -527
3839, -526
3840, 0
3841, 0
3842, -519
3843, -519
3844, -520
3845, -519
3846, -520
3847, -520
3848, 0
3849, 0
3850, -534
3851, 0
3852, -532
3853, 0
3854, -536
3855, -534
3856, 0
3857, 0
3858, -535
3859, -534
3860, -533
3861, -534
3862, -534
3863, -533
3864, 0
3865, 0
3866, -532
3867, -533
3868, -536
3869, -536
3870, -534
3871, -535
3872, 0
3873, 0
3874, -534
3875, -536
3876, -535
3877, -535
3878, -534
3879, -536
3880, 0
3881, 0
3882, -534
3883, -535
3884, -533
3885, -534
3886, -535
3887, -535
3888, 0
3889, 0
3890, -543
3891, -543
3892, -542
3893, -542
3894, -541
3895, -541
3896, 0
3897, 0
3898, -536
3899, -534
3900, -531
3901, 0
3902, -535
3903, -534
3904, 0
3905, 0
3906, 0
3907, -544
3908, -543
3909, -542
3910, -543
3911, -544
3912, 0
3913, 0
3914, 0
3915, -534
3916, -534
3917, -536
3918, -534
3919, -532
3920, 0
3921, 0
3922, -544
3923, -543
3924, -541
3925, -542
3926, -544
3927, -543
3928, 0
3929, 0
3930, 0
3931, -552
3932, 0
3933, -550
3934, 0
3935, -550
3936, 0
3937, 0
3938, -551
3939, 0
3940, -548
3941, -549
3942, -551
3943, -551
3944, 0
3945, 0
3946, 0
3947, -559
3948, -559
3949, -559
3950, -560
3951, -559
3952, 0
3953, 0
3954, -548
3955, -551
3956, -551
3957, -549
3958, 0
3959, -548
3960, 0
3961, 0
3962, -559
3963, -558
3964, -556
3965, -557
3966, 0
3967, -560
3968, 0
3969, 0
3970, -560
3971, -558
3972, -558
3973, -556
3974, 0
3975, -559
3976, 0
3977, 0
3978, -566
3979, -566
3980, -565
3981, -564
3982, 0
3983, -568
3984, 0
3985, 0
3986, -568
3987, -567
3988, -565
3989, -565
3990, 0
3991, -566
3992, 0
3993, 0
3994, -567
3995, -567
3996, -566
3997, -565
3998, -568
3999, -561
4000, 0
4001, 0
4002, -566
4003, -566
4004, -563
4005, -563
4006, -563
4007, -563
4008, 0
4009, 0
4010, 0
4011, -574
4012, -572
4013, 0
4014, 0
4015, -566
4016, 0
4017, 0
4018, -568
4019, -568
4020, -566
4021, -565
4022, -562
4023, -563
4024, 0
4025, 0
4026, 0
4027, -572
4028, 0
4029, -575
4030, -576
4031, -572
4032, 0
4033, 0
4034, 0
4035, -574
4036, -573
4037, -574
4038, -575
4039, -574
4040, 0
4041, 0
4042, 0
4043, -575
4044, -573
4045, -572
4046, -572
4047, -574
4048, 0
4049, 0
4050, 0
4051, -582
4052, 0
4053, 0
4054, -582
4055, 0
4056, 0
4057, 0
4058, -583
4059, -584
4060, -583
4061, -581
4062, -582
4063, -580
4064, 0
4065, 0
4066, 0
4067, 0
4068, -582
4069, -582
4070, -577
4071, -574
4072, 0
4073, 0
4074, -581
4075, -584
4076, 0
4077, -582
4078, 0
4079, -583
4080, 0
4081, 0
4082, -584
4083, -581
4084, -581
4085, -582
4086, -582
4087, -582
4088, 0
4089, 0
4090, -581
4091, 0
4092, -584
4093, -582
4094, -583
4095, -582
4096, 0
4097, 0
4098, 0
4099, -584
4100, -584
4101, 0
4102, -579
4103, 0
4104, 0
4105, 0
4106, -584
4107, -583
4108, -584
4109, -582
4110, -581
4111, -581
4112, 0
4113, 0
4114, -580
4115, -582
4116, -582
4117, -581
4118, -578
4119, -577
4120, 0
4121, 0
4122, -584
4123, -584
4124, -581
4125, -581
4126, -579
4127, -579
4128, 0
4129, 0
4130, -583
4131, -583
4132, -583
4133, -580
4134, 0
4135, -583
4136, 0
4137, 0
4138, -584
4139, -583
4140, -582
4141, -581
4142, 0
4143, -583
4144, 0
4145, 0
4146, 0
4147, -607
4148, -605
4149, -604
4150, 0
4151, -605
4152, 0
4153, 0
4154, -599
4155, -599
4156, -598
4157, -598
4158, -599
4159, -599
4160, 0
4161, 0
4162, -599
4163, -598
4164, -598
4165, -597
4166, 0
4167, -600
4168, 0
4169, 0
4170, -613
4171, -613
4172, 0
4173, -613
4174, 0
4175, -615
4176, 0
4177, 0
4178, 0
4179, -623
4180, -622
4181, -621
4182, 0
4183, -622
4184, 0
4185, 0
4186, 0
4187, -631
4188, -631
4189, -632
4190, -632
4191, -630
4192, 0
4193, 0
4194, -639
4195, -640
4196, -638
4197, -636
4198, 0
4199, -637
4200, 0
4201, 0
4202, 0
4203, -632
4204, -632
4205, -630
4206, -631
4207, -632
4208, 0
4209, 0
4210, 0
4211, -640
4212, -639
4213, -638
4214, -640
4215, -638
4216, 0
4217, 0
4218, -645
4219, -644
4220, -644
4221, -647
4222, -648
4223, -639
4224, 0
4225, 0
4226, -647
4227, -648
4228, -646
4229, -645
4230, -648
4231, -640
4232, 0
4233, 0
4234, 0
4235, -653
4236, 0
4237, 0
4238, -656
4239, -655
4240, 0
4241, 0
4242, -664
4243, -664
4244, -664
4245, -664
4246, -662
4247, -663
4248, 0
4249, 0
4250, -669
4251, -670
4252, -671
4253, -670
4254, -671
4255, -663
4256, 0
4257, 0
4258, 0
4259, 0
4260, -669
4261, -670
4262, -671
4263, -670
4264, 0
4265, 0
4266, -680
4267, -680
4268, -678
4269, -678
4270, 0
4271, -678
4272, 0
4273, 0
4274, -679
4275, -678
4276, -679
4277, -679
4278, -678
4279, -678
4280, 0
4281, 0
4282, 0
4283, -685
4284, -686
4285, -687
4286, 0
4287, -685
4288, 0
4289, 0
4290, 0
4291, -694
4292, -695
4293, -694
4294, 0
4295, -690
4296, 0
4297, 0
4298, 0
4299, 0
4300, -693
4301, 0
4302, -695
4303, -694
4304, 0
4305, 0
4306, -702
4307, -703
4308, -702
4309, -700
4310, 0
4311, -702
4312, 0
4313, 0
4314, -711
4315, -709
4316, -709
4317, -710
4318, -711
4319, -712
4320, 0
4321, 0
4322, -720
4323, -719
4324, -720
4325, -720
4326, -719
4327, -720
4328, 0
4329, 0
4330, -726
4331, -725
4332, -726
4333, -727
4334, -727
4335, -726
4336, 0
4337, 0
4338, 0
4339, -733
4340, 0
4341, -734
4342, -735
4343, -735
4344, 0
4345, 0
4346, 0
4347, -754
4348, -758
4349, -758
4350, -758
4351, -758
4352, 0
4353, 0
4354, -784
4355, -782
4356, -779
4357, -781
4358, -782
4359, -780
4360, 0
4361, 0
4362, 0
4363, -798
4364, -798
4365, -798
4366, -798
4367, -798
4368, 0
4369, 0
4370, -806
4371, -807
4372, -807
4373, -804
4374, 0
4375, -805
4376, 0
4377, 0
4378, -832
4379, -831
4380, -829
4381, -828
4382, 0
4383, -831
4384, 0
4385, 0
4386, 0
4387, -846
4388, -847
4389, -848
4390, -847
4391, -847
4392, 0
4393, 0
4394, 0
4395, 0
4396, -868
4397, -871
4398, -870
4399, -871
4400, 0
4401, 0
4402, 0
4403, -894
4404, -893
4405, -892
4406, 0
4407, -892
4408, 0
4409, 0
4410, 0
4411, -916
4412, 0
4413, -919
4414, -917
4415, -916
4416, 0
4417, 0
4418, 0
4419, -952
4420, -950
4421, -948
4422, 0
4423, -952
4424, 0
4425, 0
4426, -984
4427, -983
4428, -982
4429, -982
4430, 0
4431, -968
4432, 0
4433, 0
4434, 0
4435, -988
4436, -988
4437, -988
4438, -990
4439, -992
4440, 0
4441, 0
4442, 0
4443, -1005
4444, -1002
4445, -1003
4446, -1003
4447, -1001
4448, 0
4449, 0
4450, 0
4451, -1023
4452, -1023
4453, -1021
4454, 0
4455, -1024
4456, 0
4457, 0
4458, 0
4459, 0
4460, -1060
4461, -1060
4462, -1062
4463, -1063
4464, 0
4465, 0
4466, 0
4467, -1093
4468, 0
4469, 0
4470, -1092
4471, -1090
4472, 0
4473, 0
4474, 0
4475, -1144
4476, -1141
4477, -1143
4478, -1144
4479, -1144
4480, 0
4481, 0
4482, 0
4483, 0
4484, -1189
4485, -1189
4486, 0
4487, -1190
4488, 0
4489, 0
4490, 0
4491, -1216
4492, -1215
4493, -1214
4494, -1214
4495, -1214
4496, 0
4497, 0
4498, -1247
4499, -1248
4500, -1247
4501, -1246
4502, -1246
4503, -1244
4504, 0
4505, 0
4506, 0
4507, -1264
4508, -1264
4509, -1262
4510, -1261
4511, -1263
4512, 0
4513, 0
4514, 0
4515, 0
4516, -1301
4517, -1300
4518, 0
4519, -1301
4520, 0
4521, 0
4522, -1359
4523, -1360
4524, -1359
4525, -1359
4526, -1357
4527, -1358
4528, 0
4529, 0
4530, 0
4531, -1422
4532, -1421
4533, -1421
4534, -1424
4535, -1424
4536, 0
4537, 0
4538, 0
4539, -1470
4540, -1469
4541, -1470
4542, -1472
4543, -1472
4544, 0
4545, 0
4546, 0
4547, -1543
4548, -1543
4549, -1541
4550, 0
4551, -1544
4552, 0
4553, 0
4554, 0
4555, -1622
4556, -1623
4557, -1621
4558, 0
4559, -1624
4560, 0
4561, 0
4562, 0
4563, 0
4564, 0
4565, 0
4566, 0
4567, 0
4568, 0
4569, 0
4570, 0
4571, 0
4572, 32
4573, 34
4574, 34
4575, 33
4576, 0
4577, 0
