0, 0
1, 0
2, 0
3, 0
4, 0
5, 0
6, 0
7, 0
8, 0
9, 0
10, 0
11, 0
12, 0
13, 0
14, 0
15, 0
16, 0
17, 0
18, 0
19, 0
20, 0
21, 0
22, 0
23, 0
24, 0
25, 0
26, 0
27, 0
28, 0
29, 0
30, 0
31, 0
32, 0
33, 0
34, 0
35, 0
36, 0
37, 0
38, 0
39, 0
40, 0
41, 0
42, 0
43, 0
44, 0
45, 0
46, 0
47, 0
48, 0
49, 0
50, 0
51, 0
52, 0
53, 0
54, 0
55, 0
56, 0
57, 0
58, 0
59, 0
60, 0
61, 0
62, 0
63, 0
64, 0
65, 0
66, 0
67, 0
68, 0
69, 0
70, 0
71, 0
72, 0
73, 0
74, 0
75, 0
76, 0
77, 0
78, 0
79, 0
80, 0
81, 0
82, 0
83, 0
84, 0
85, 0
86, 0
87, 0
88, 0
89, 0
90, 0
91, 0
92, 0
93, 0
94, 0
95, 0
96, 0
97, 0
98, 0
99, 0
100, 0
101, 0
102, 0
103, 0
104, 0
105, 0
106, 0
107, 0
108, 0
109, 0
110, 0
111, 0
112, 0
113, 0
114, 0
115, 0
116, 0
117, 0
118, 0
119, 0
120, 0
121, 0
122, 0
123, 0
124, 0
125, 0
126, 0
127, 0
128, 0
129, 0
130, 0
131, 0
132, 0
133, 0
134, 0
135, 0
136, 0
137, 0
138, 0
139, 0
140, 0
141, 0
142, 0
143, 0
144, 0
145, 0
146, 0
147, 0
148, 0
149, 0
150, 0
151, 0
152, 0
153, 0
154, 0
155, 0
156, 0
157, 0
158, 0
159, 0
160, 0
161, 0
162, 0
163, 0
164, 0
165, 0
166, 0
167, 0
168, 0
169, 0
170, 0
171, 0
172, 0
173, 0
174, 0
175, 0
176, 0
177, 0
178, 0
179, 0
180, 0
181, 0
182, 0
183, 0
184, 0
185, 0
186, 0
187, 0
188, 0
189, 0
190, 0
191, 0
192, 0
193, 0
194, 0
195, 0
196, 0
197, 0
198, 0
199, 0
200, 0
201, 0
202, 0
203, 0
204, 0
205, 0
206, 0
207, 0
208, 0
209, 0
210, 0
211, 0
212, 0
213, 0
214, 0
215, 0
216, 0
217, 0
218, 0
219, 0
220, 0
221, 0
222, 0
223, 0
224, 0
225, 0
226, 0
227, 0
228, 0
229, 0
230, 0
231, 0
232, 0
233, 0
234, 0
235, 0
236, 0
237, 0
238, 0
239, 0
240, 0
241, 0
242, 0
243, 0
244, 0
245, 0
246, 0
247, 0
248, 0
249, 0
250, 0
251, 0
252, 0
253, 0
254, 0
255, 0
256, 0
257, 0
258, 0
259, 0
260, 0
261, 0
262, 0
263, 0
264, 0
265, 0
266, 0
267, 0
268, 0
269, 0
270, 0
271, 0
272, 0
273, 0
274, 0
275, 0
276, 0
277, 0
278, 0
279, 0
280, 0
281, 0
282, 0
283, 0
284, 0
285, 0
286, 0
287, 0
288, 0
289, 0
290, 0
291, 0
292, 0
293, 0
294, 0
295, 0
296, 0
297, 0
298, 0
299, 0
300, 0
301, 0
302, 0
303, 0
304, 0
305, 0
306, 0
307, 0
308, 0
309, 0
310, 0
311, 0
312, 0
313, 0
314, 0
315, 0
316, 0
317, 0
318, 0
319, 0
320, 0
321, 0
322, 0
323, 0
324, 0
325, 0
326, 0
327, 0
328, 0
329, 0
330, 0
331, 0
332, 0
333, 0
334, 0
335, 0
336, 0
337, 0
338, 0
339, 0
340, 0
341, 0
342, 0
343, 0
344, 0
345, 0
346, 0
347, 0
348, 0
349, 0
350, 0
351, 0
352, 0
353, 0
354, 0
355, 0
356, 0
357, 0
358, 0
359, 0
360, 0
361, 0
362, 0
363, 0
364, 0
365, 0
366, 0
367, 0
368, 0
369, 0
370, 0
371, 0
372, 0
373, 0
374, 0
375, 0
376, 0
377, 0
378, 0
379, 0
380, 0
381, 0
382, 0
383, 0
384, 0
385, 0
386, 0
387, 0
388, 0
389, 0
390, 0
391, 0
392, 0
393, 0
394, 0
395, 0
396, 0
397, 0
398, 0
399, 0
400, 0
401, 0
402, 0
403, 0
404, 0
405, 0
406, 0
407, 0
408, 0
409, 0
410, 0
411, 0
412, 0
413, 0
414, 0
415, 0
416, 0
417, 0
418, 0
419, 0
420, 0
421, 0
422, 0
423, 0
424, 0
425, 0
426, 0
427, 0
428, 0
429, 0
430, 0
431, 0
432, 0
433, 0
434, 0
435, 0
436, 0
437, 0
438, 0
439, 0
440, 0
441, 0
442, 0
443, 0
444, 0
445, 0
446, 0
447, 0
448, 0
449, 0
450, 0
451, 0
452, 0
453, 0
454, 0
455, 0
456, 0
457, 0
458, 0
459, 0
460, 0
461, 0
462, 0
463, 0
464, 0
465, 0
466, 0
467, 0
468, 0
469, 0
470, 0
471, 0
472, 0
473, 0
474, 0
475, 0
476, 0
477, 0
478, 0
479, 0
480, 0
481, 0
482, 0
483, 0
484, 0
485, 0
486, 0
487, 0
488, 0
489, 0
490, 0
491, 0
492, 0
493, 0
494, 0
495, 0
496, 0
497, 0
498, 0
499, 0
500, 0
501, 0
502, 0
503, 0
504, 0
505, 0
506, 0
507, 0
508, 0
509, 0
510, 0
511, 0
512, 0
513, 0
514, 0
515, 0
516, 0
517, 0
518, 0
519, 0
520, 0
521, 0
522, 0
523, 0
524, 0
525, 0
526, 0
527, 0
528, 0
529, 0
530, 0
531, 0
532, 0
533, 0
534, 0
535, 0
536, 0
537, 0
538, 0
539, 0
540, 0
541, 0
542, 0
543, 0
544, 0
545, 0
546, 0
547, 0
548, 0
549, 0
550, 0
551, 0
552, 0
553, 0
554, 0
555, 0
556, 0
557, 0
558, 0
559, 0
560, 0
561, 0
562, 0
563, 0
564, 0
565, 0
566, 0
567, 0
568, 0
569, 0
570, 0
571, 0
572, 0
573, 0
574, 0
575, 0
576, 0
577, 0
578, 0
579, 0
580, 0
581, 0
582, 0
583, 0
584, 0
585, 0
586, 0
587, 0
588, 0
589, 0
590, 0
591, 0
592, 0
593, 0
594, 0
595, 0
596, 0
597, 0
598, 0
599, 0
600, 0
601, 0
602, 0
603, 0
604, 0
605, 0
606, 0
607, 0
608, 0
609, 0
610, 0
611, 0
612, 0
613, 0
614, 0
615, 0
616, 0
617, 0
618, 0
619, 0
620, 0
621, 0
622, 0
623, 0
624, 0
625, 0
626, 0
627, 0
628, 0
629, 0
630, 0
631, 0
632, 0
633, 0
634, 0
635, 0
636, 0
637, 0
638, 0
639, 0
640, 0
641, 0
642, 0
643, 0
644, 0
645, 0
646, 0
647, 0
648, 0
649, 0
650, 0
651, 0
652, 0
653, 0
654, 0
655, 0
656, 0
657, 0
658, 0
659, 0
660, 0
661, 0
662, 0
663, 0
664, 0
665, 0
666, 0
667, 0
668, 0
669, 0
670, 0
671, 0
672, 0
673, 0
674, 0
675, 0
676, 0
677, 0
678, 0
679, 0
680, 0
681, 0
682, 0
683, 0
684, 0
685, 0
686, 0
687, 0
688, 0
689, 0
690, 0
691, 0
692, 0
693, 0
694, 0
695, 0
696, 0
697, 0
698, 0
699, 0
700, 0
701, 0
702, 0
703, 0
704, 0
705, 0
706, 0
707, 0
708, 0
709, 0
710, 0
711, 0
712, 0
713, 0
714, 0
715, 0
716, 0
717, 0
718, 0
719, 0
720, 0
721, 0
722, 0
723, 0
724, 0
725, 0
726, 0
727, 0
728, 0
729, 0
730, 0
731, 0
732, 0
733, 0
734, 0
735, 0
736, 0
737, 0
738, 0
739, 0
740, 0
741, 0
742, 0
743, 0
744, 0
745, 0
746, 0
747, 0
748, 0
749, 0
750, 0
751, 0
752, 0
753, 0
754, 0
755, 0
756, 0
757, 0
758, 0
759, 0
760, 0
761, 0
762, 0
763, 0
764, 0
765, 0
766, 0
767, 0
768, 0
769, 0
770, 0
771, 0
772, 0
773, 0
774, 0
775, 0
776, 0
777, 0
778, 0
779, 0
780, 0
781, 0
782, 0
783, 0
784, 0
785, 0
786, 0
787, 0
788, 0
789, 0
790, 0
791, 0
792, 0
793, 0
794, 0
795, 0
796, 0
797, 0
798, 0
799, 0
800, 0
801, 0
802, 0
803, 0
804, 0
805, 0
806, 0
807, 0
808, 0
809, 0
810, 0
811, 0
812, 0
813, 0
814, 0
815, 0
816, 0
817, 0
818, 0
819, 0
820, 0
821, 0
822, 0
823, 0
824, 0
825, 0
826, 0
827, 0
828, 0
829, 0
830, 0
831, 0
832, 0
833, 0
834, 0
835, 0
836, 0
837, 0
838, 0
839, 0
840, 0
841, 0
842, 0
843, 0
844, 0
845, 0
846, 0
847, 0
848, 0
849, 0
850, 0
851, 0
852, 0
853, 0
854, 0
855, 0
856, 0
857, 0
858, 0
859, 0
860, 0
861, 0
862, 0
863, 0
864, 0
865, 0
866, 0
867, 0
868, 0
869, 0
870, 0
871, 0
872, 0
873, 0
874, 0
875, 0
876, 0
877, 0
878, 0
879, 0
880, 0
881, 0
882, 0
883, 0
884, 0
885, 0
886, 0
887, 0
888, 0
889, 0
890, 0
891, 0
892, 0
893, 0
894, 0
895, 0
896, 0
897, 0
898, 0
899, 0
900, 0
901, 0
902, 0
903, 0
904, 0
905, 0
906, 0
907, 0
908, 0
909, 0
910, 0
911, 0
912, 0
913, 0
914, 0
915, 0
916, 0
917, 0
918, 0
919, 0
920, 0
921, 0
922, 0
923, 0
924, 0
925, 0
926, 0
927, 0
928, 0
929, 0
930, 0
931, 0
932, 0
933, 0
934, 0
935, 0
936, 0
937, 0
938, 0
939, 0
940, 0
941, 0
942, 0
943, 0
944, 0
945, 0
946, 0
947, 0
948, 0
949, 0
950, 0
951, 0
952, 0
953, 0
954, 0
955, 0
956, 0
957, 0
958, 0
959, 0
960, 0
961, 0
962, 0
963, 0
964, 0
965, 0
966, 0
967, 0
968, 0
969, 0
970, 0
971, 0
972, 0
973, 0
974, 0
975, 0
976, 0
977, 0
978, 0
979, 0
980, 0
981, 0
982, 0
983, 0
984, 0
985, 0
986, 0
987, 0
988, 0
989, 0
990, 0
991, 0
992, 0
993, 0
994, 0
995, 0
996, 0
997, 0
998, 0
999, 0
1000, 0
1001, 0
1002, 0
1003, 0
1004, 0
1005, 0
1006, 0
1007, 0
1008, 0
1009, 0
1010, 0
1011, 0
1012, 0
1013, 0
1014, 0
1015, 0
1016, 0
1017, 0
1018, 0
1019, 0
1020, 0
1021, 0
1022, 0
1023, 0
1024, 0
1025, 0
1026, 0
1027, 0
1028, 0
1029, 0
1030, 0
1031, 0
1032, 0
1033, 0
1034, 0
1035, 0
1036, 0
1037, 0
1038, 0
1039, 0
1040, 0
1041, 0
1042, 0
1043, 0
1044, 0
1045, 0
1046, 0
1047, 0
1048, 0
1049, 0
1050, 0
1051, 0
1052, 0
1053, 0
1054, 0
1055, 0
1056, 0
1057, 0
1058, 0
1059, 0
1060, 0
1061, 0
1062, 0
1063, 0
1064, 0
1065, 0
1066, 0
1067, 19
1068, 19
1069, 0
1070, 0
1071, 0
1072, 0
1073, 25
1074, 0
1075, 32
1076, 0
1077, 0
1078, 0
1079, 0
1080, 0
1081, 16
1082, 15
1083, 13
1084, 14
1085, 0
1086, 0
1087, 0
1088, 0
1089, -4
1090, -4
1091, -6
1092, 0
1093, 0
1094, 0
1095, 0
1096, 0
1097, 8
1098, 8
1099, 5
1100, 0
1101, 0
1102, 0
1103, 0
1104, 0
1105, -2
1106, -3
1107, -2
1108, -2
1109, -2
1110, 0
1111, 0
1112, 0
1113, -2
1114, -2
1115, -3
1116, -2
1117, -2
1118, -2
1119, 0
1120, 0
1121, -4
1122, -5
1123, -6
1124, -6
1125, -7
1126, 0
1127, 0
1128, 0
1129, -6
1130, -7
1131, 0
1132, -5
1133, 0
1134, 0
1135, 0
1136, 0
1137, -2
1138, 0
1139, -3
1140, -2
1141, -1
1142, -1
1143, 0
1144, 0
1145, 0
1146, 0
1147, 0
1148, 0
1149, 1
1150, 0
1151, 0
1152, 0
1153, 2
1154, 0
1155, 1
1156, 2
1157, 2
1158, 2
1159, 0
1160, 0
1161, 0
1162, 0
1163, -12
1164, -14
1165, -14
1166, -14
1167, 0
1168, 0
1169, -6
1170, -6
1171, -5
1172, -5
1173, -5
1174, 0
1175, 0
1176, 0
1177, 3
1178, 0
1179, 1
1180, 3
1181, 4
1182, 4
1183, 0
1184, 0
1185, 0
1186, 6
1187, 5
1188, 3
1189, 3
1190, 4
1191, 0
1192, 0
1193, 3
1194, 2
1195, 3
1196, 0
1197, 1
1198, 0
1199, 0
1200, 0
1201, 0
1202, 1
1203, 2
1204, 0
1205, 0
1206, 0
1207, 0
1208, 0
1209, 5
1210, 5
1211, 4
1212, 4
1213, 5
1214, 0
1215, 0
1216, 0
1217, 5
1218, -1
1219, -3
1220, -2
1221, -2
1222, -2
1223, 0
1224, 0
1225, 7
1226, 8
1227, 6
1228, 6
1229, 8
1230, 0
1231, 0
1232, 0
1233, -1
1234, -1
1235, 0
1236, 0
1237, 0
1238, 0
1239, 0
1240, 0
1241, -4
1242, -4
1243, -4
1244, -4
1245, 0
1246, 0
1247, 0
1248, 0
1249, -4
1250, -4
1251, 0
1252, -6
1253, -7
1254, 0
1255, 0
1256, 0
1257, -13
1258, 0
1259, -11
1260, -12
1261, -14
1262, 0
1263, 0
1264, 0
1265, -6
1266, -6
1267, -5
1268, -5
1269, -5
1270, -7
1271, 0
1272, 0
1273, -13
1274, -12
1275, -2
1276, 0
1277, -3
1278, 0
1279, 0
1280, 0
1281, 5
1282, 0
1283, 4
1284, 4
1285, 5
1286, 6
1287, 0
1288, 0
1289, 4
1290, 4
1291, 5
1292, 5
1293, 4
1294, 4
1295, 0
1296, 0
1297, 0
1298, 2
1299, 0
1300, 5
1301, 5
1302, 4
1303, 0
1304, 0
1305, -4
1306, -5
1307, -5
1308, -5
1309, -5
1310, -5
1311, 0
1312, 0
1313, -5
1314, -5
1315, -5
1316, -5
1317, -5
1318, -4
1319, 0
1320, 0
1321, 4
1322, 4
1323, 4
1324, 5
1325, 0
1326, 0
1327, 0
1328, 0
1329, 5
1330, 4
1331, 4
1332, 5
1333, 4
1334, 4
1335, 0
1336, 0
1337, 6
1338, 6
1339, 6
1340, 4
1341, 0
1342, 6
1343, 0
1344, 0
1345, 14
1346, 14
1347, 15
1348, 14
1349, 14
1350, 14
1351, 0
1352, 0
1353, 6
1354, 7
1355, 7
1356, 0
1357, 0
1358, 0
1359, 0
1360, 0
1361, 12
1362, 0
1363, 16
1364, 16
1365, 15
1366, 0
1367, 0
1368, 0
1369, 8
1370, 7
1371, 8
1372, 7
1373, 0
1374, 9
1375, 0
1376, 0
1377, 0
1378, 0
1379, 0
1380, 0
1381, 1
1382, 1
1383, 0
1384, 0
1385, 0
1386, 0
1387, 0
1388, 2
1389, 0
1390, 0
1391, 0
1392, 0
1393, 0
1394, 0
1395, 7
1396, 7
1397, 7
1398, 7
1399, 0
1400, 0
1401, 4
1402, 3
1403, 4
1404, 4
1405, 4
1406, 0
1407, 0
1408, 0
1409, 5
1410, 6
1411, 6
1412, 6
1413, 0
1414, 0
1415, 0
1416, 0
1417, 11
1418, 0
1419, 12
1420, 12
1421, 12
1422, 11
1423, 0
1424, 0
1425, 2
1426, 0
1427, 6
1428, 4
1429, 4
1430, 0
1431, 0
1432, 0
1433, 0
1434, 0
1435, 0
1436, 0
1437, 0
1438, 12
1439, 0
1440, 0
1441, 8
1442, 9
1443, 0
1444, 13
1445, 0
1446, 11
1447, 0
1448, 0
1449, 3
1450, 5
1451, 6
1452, 6
1453, 4
1454, 0
1455, 0
1456, 0
1457, 11
1458, 11
1459, 11
1460, 10
1461, 11
1462, 13
1463, 0
1464, 0
1465, 12
1466, 0
1467, 11
1468, 0
1469, 12
1470, 0
1471, 0
1472, 0
1473, 10
1474, 0
1475, 9
1476, 0
1477, 12
1478, 11
1479, 0
1480, 0
1481, 12
1482, 12
1483, 12
1484, 14
1485, 12
1486, 0
1487, 0
1488, 0
1489, 20
1490, 21
1491, 20
1492, 20
1493, 20
1494, 0
1495, 0
1496, 0
1497, 20
1498, 0
1499, 19
1500, 19
1501, 21
1502, 21
1503, 0
1504, 0
1505, 22
1506, 0
1507, 18
1508, 19
1509, 20
1510, 20
1511, 0
1512, 0
1513, 13
1514, 13
1515, 12
1516, 13
1517, 13
1518, 13
1519, 0
1520, 0
1521, 0
1522, 0
1523, 8
1524, 7
1525, 6
1526, 6
1527, 0
1528, 0
1529, 14
1530, 15
1531, 15
1532, 13
1533, 14
1534, 0
1535, 0
1536, 0
1537, 12
1538, 13
1539, 13
1540, 14
1541, 0
1542, 0
1543, 0
1544, 0
1545, 15
1546, 14
1547, 15
1548, 12
1549, 13
1550, 0
1551, 0
1552, 0
1553, 13
1554, 14
1555, 14
1556, 0
1557, 14
1558, 0
1559, 0
1560, 0
1561, 14
1562, 13
1563, 12
1564, 12
1565, 0
1566, 0
1567, 0
1568, 0
1569, 12
1570, 13
1571, 14
1572, 12
1573, 12
1574, 14
1575, 0
1576, 0
1577, 13
1578, 12
1579, 0
1580, 8
1581, 0
1582, 0
1583, 0
1584, 0
1585, 10
1586, 0
1587, 12
1588, 11
1589, 12
1590, 10
1591, 0
1592, 0
1593, 11
1594, 11
1595, 13
1596, 13
1597, 13
1598, 0
1599, 0
1600, 0
1601, 9
1602, 0
1603, 11
1604, 12
1605, 12
1606, 13
1607, 0
1608, 0
1609, 10
1610, 7
1611, 6
1612, 7
1613, 0
1614, 0
1615, 0
1616, 0
1617, 4
1618, 4
1619, 6
1620, 5
1621, 7
1622, 6
1623, 0
1624, 0
1625, 5
1626, 5
1627, 5
1628, 3
1629, 4
1630, 0
1631, 0
1632, 0
1633, 4
1634, 4
1635, 5
1636, 5
1637, 5
1638, 0
1639, 0
1640, 0
1641, 5
1642, 6
1643, 4
1644, 4
1645, 4
1646, 5
1647, 0
1648, 0
1649, -4
1650, -3
1651, -2
1652, -2
1653, -4
1654, -4
1655, 0
1656, 0
1657, -4
1658, 0
1659, -1
1660, -2
1661, -3
1662, -4
1663, 0
1664, 0
1665, 6
1666, 0
1667, 1
1668, 1
1669, 2
1670, 3
1671, 0
1672, 0
1673, 4
1674, 0
1675, 3
1676, 2
1677, 0
1678, 0
1679, 0
1680, 0
1681, 3
1682, 3
1683, 0
1684, 4
1685, 0
1686, 4
1687, 0
1688, 0
1689, 5
1690, 2
1691, 3
1692, 3
1693, 0
1694, 6
1695, 0
1696, 0
1697, 14
1698, 12
1699, 12
1700, 12
1701, 14
1702, 11
1703, 0
1704, 0
1705, 20
1706, 19
1707, 20
1708, 20
1709, 22
1710, 0
1711, 0
1712, 0
1713, 14
1714, 0
1715, 6
1716, 5
1717, 5
1718, 5
1719, 0
1720, 0
1721, -4
1722, -5
1723, -5
1724, -3
1725, -3
1726, 0
1727, 0
1728, 0
1729, -4
1730, -4
1731, -3
1732, -4
1733, 0
1734, 0
1735, 0
1736, 0
1737, -5
1738, -5
1739, 0
1740, -4
1741, -5
1742, -3
1743, 0
1744, 0
1745, -3
1746, -2
1747, -2
1748, -4
1749, 0
1750, 0
1751, 0
1752, 0
1753, 2
1754, 0
1755, 6
1756, 5
1757, 6
1758, 0
1759, 0
1760, 0
1761, 0
1762, 0
1763, -3
1764, -3
1765, -3
1766, -1
1767, 0
1768, 0
1769, -5
1770, -3
1771, -4
1772, -4
1773, -5
1774, -4
1775, 0
1776, -3
1777, 0
1778, -5
1779, -5
1780, -5
1781, -4
1782, -2
1783, 0
1784, 0
1785, -9
1786, -8
1787, -7
1788, -7
1789, 0
1790, -5
1791, 0
1792, 0
1793, -8
1794, -9
1795, -8
1796, -7
1797, -7
1798, -7
1799, -7
1800, 0
1801, -14
1802, -16
1803, -17
1804, 0
1805, -13
1806, -14
1807, 0
1808, 0
1809, -6
1810, 0
1811, -8
1812, -6
1813, -5
1814, -5
1815, 0
1816, 0
1817, 1
1818, 1
1819, 2
1820, 3
1821, 2
1822, 0
1823, 0
1824, 0
1825, 8
1826, 8
1827, 8
1828, 9
1829, 8
1830, 8
1831, 9
1832, 9
1833, 8
1834, 7
1835, 0
1836, 9
1837, 0
1838, 5
1839, 0
1840, 0
1841, 5
1842, 7
1843, 6
1844, 4
1845, 5
1846, 5
1847, 0
1848, 0
1849, -1
1850, -3
1851, -4
1852, -5
1853, -6
1854, -4
1855, 0
1856, 0
1857, 3
1858, 2
1859, 2
1860, 3
1861, 3
1862, 3
1863, 0
1864, 0
1865, 4
1866, 0
1867, 0
1868, 0
1869, 0
1870, 6
1871, 4
1872, 5
1873, 6
1874, 0
1875, 6
1876, 6
1877, 6
1878, 8
1879, 0
1880, 0
1881, 6
1882, 0
1883, 5
1884, 0
1885, 7
1886, 8
1887, 0
1888, 0
1889, 11
1890, 10
1891, 9
1892, 11
1893, 11
1894, 11
1895, 11
1896, 11
1897, 12
1898, 11
1899, 11
1900, 12
1901, 15
1902, 16
1903, 0
1904, 0
1905, 16
1906, 15
1907, 14
1908, 14
1909, 15
1910, 17
1911, 17
1912, 18
1913, 0
1914, 0
1915, 14
1916, 16
1917, 15
1918, 15
1919, 0
1920, 0
1921, 16
1922, 16
1923, 16
1924, 15
1925, 15
1926, 0
1927, 0
1928, 0
1929, 16
1930, 16
1931, 17
1932, 0
1933, 14
1934, 12
1935, 0
1936, 15
1937, 15
1938, 15
1939, 16
1940, 17
1941, 17
1942, 15
1943, 0
1944, 0
1945, 18
1946, 17
1947, 16
1948, 19
1949, 20
1950, 21
1951, 0
1952, 18
1953, 0
1954, 0
1955, 16
1956, 17
1957, 18
1958, 19
1959, 0
1960, 0
1961, 20
1962, 19
1963, 19
1964, 21
1965, 18
1966, 19
1967, 0
1968, 0
1969, 18
1970, 20
1971, 20
1972, 20
1973, 18
1974, 20
1975, 0
1976, 17
1977, 18
1978, 17
1979, 18
1980, 21
1981, 0
1982, 0
1983, 0
1984, 0
1985, 18
1986, 21
1987, 23
1988, 22
1989, 22
1990, 21
1991, 0
1992, 22
1993, 0
1994, 20
1995, 20
1996, 20
1997, 20
1998, 19
1999, 0
2000, 0
2001, 0
2002, 0
2003, 14
2004, 14
2005, 13
2006, 12
2007, 0
2008, 0
2009, 19
2010, 21
2011, 22
2012, 21
2013, 22
2014, 0
2015, 0
2016, 0
2017, 23
2018, 19
2019, 21
2020, 18
2021, 0
2022, 23
2023, 0
2024, 18
2025, 20
2026, 20
2027, 19
2028, 19
2029, 20
2030, 20
2031, 0
2032, 0
2033, 0
2034, 0
2035, 15
2036, 14
2037, 13
2038, 13
2039, 0
2040, 0
2041, 21
2042, 20
2043, 20
2044, 21
2045, 21
2046, 22
2047, 0
2048, 0
2049, 0
2050, 0
2051, 17
2052, 14
2053, 13
2054, 13
2055, 0
2056, 0
2057, 22
2058, 21
2059, 21
2060, 19
2061, 0
2062, 21
2063, 0
2064, 0
2065, 16
2066, 13
2067, 14
2068, 15
2069, 13
2070, 15
2071, 0
2072, 0
2073, 21
2074, 0
2075, 20
2076, 22
2077, 23
2078, 22
2079, 0
2080, 0
2081, 13
2082, 14
2083, 14
2084, 12
2085, 0
2086, 16
2087, 0
2088, 0
2089, 0
2090, 25
2091, 0
2092, 21
2093, 0
2094, 0
2095, 0
2096, 0
2097, 13
2098, 13
2099, 12
2100, 11
2101, 0
2102, 0
2103, 0
2104, 0
2105, 10
2106, 8
2107, 7
2108, 5
2109, 7
2110, 6
2111, 0
2112, 0
2113, 0
2114, -3
2115, -3
2116, -4
2117, -5
2118, -1
2119, 0
2120, 0
2121, 8
2122, 7
2123, 6
2124, 6
2125, 6
2126, 7
2127, 6
2128, 0
2129, 0
2130, 1
2131, 0
2132, 0
2133, -2
2134, 1
2135, 0
2136, 0
2137, 10
2138, 11
2139, 9
2140, 9
2141, 9
2142, 8
2143, 8
2144, 8
2145, 8
2146, 7
2147, 7
2148, 7
2149, 5
2150, 6
2151, 0
2152, 0
2153, 0
2154, 0
2155, 13
2156, 12
2157, 11
2158, 12
2159, 0
2160, 0
2161, 21
2162, 20
2163, 20
2164, 21
2165, 20
2166, 0
2167, 0
2168, 0
2169, 11
2170, 14
2171, 0
2172, 12
2173, 15
2174, 14
2175, 0
2176, 0
2177, 0
2178, 21
2179, 20
2180, 20
2181, 21
2182, 22
2183, 20
2184, 20
2185, 21
2186, 0
2187, 23
2188, 0
2189, 20
2190, 0
2191, 0
2192, 0
2193, 0
2194, 12
2195, 0
2196, 13
2197, 12
2198, 14
2199, 0
2200, 0
2201, 9
2202, 9
2203, 10
2204, 11
2205, 8
2206, 7
2207, 0
2208, 0
2209, 3
2210, 3
2211, -1
2212, 0
2213, 1
2214, -1
2215, 0
2216, 0
2217, 0
2218, 6
2219, 6
2220, 7
2221, 5
2222, 6
2223, 7
2224, 7
2225, 5
2226, 6
2227, 6
2228, 5
2229, 0
2230, 7
2231, 0
2232, 0
2233, 1
2234, 1
2235, 2
2236, 0
2237, -1
2238, -1
2239, 0
2240, 0
2241, 7
2242, 7
2243, 6
2244, 7
2245, 7
2246, 6
2247, 6
2248, 0
2249, 6
2250, 6
2251, 6
2252, 6
2253, 0
2254, 7
2255, 0
2256, 0
2257, -3
2258, -2
2259, -2
2260, -3
2261, 2
2262, 0
2263, 0
2264, 0
2265, 5
2266, 5
2267, 6
2268, 5
2269, 3
2270, 5
2271, 2
2272, 2
2273, 3
2274, 3
2275, 3
2276, 5
2277, 0
2278, 3
2279, 0
2280, 0
2281, -3
2282, -2
2283, -5
2284, -4
2285, -3
2286, 0
2287, 0
2288, 0
2289, 0
2290, -8
2291, -7
2292, -8
2293, -9
2294, -7
2295, -7
2296, -8
2297, 0
2298, -4
2299, -5
2300, -7
2301, 0
2302, -5
2303, 0
2304, 0
2305, -15
2306, -16
2307, -16
2308, 0
2309, -15
2310, -15
2311, -17
2312, -18
2313, -16
2314, 0
2315, -16
2316, -15
2317, -15
2318, -16
2319, 0
2320, 0
2321, -4
2322, -3
2323, 1
2324, 0
2325, -1
2326, -1
2327, 0
2328, -3
2329, 0
2330, 0
2331, -5
2332, -5
2333, -4
2334, -4
2335, 0
2336, 0
2337, -15
2338, -14
2339, -16
2340, 0
2341, -18
2342, 0
2343, 0
2344, 0
2345, -9
2346, -10
2347, -10
2348, -11
2349, -12
2350, -13
2351, -14
2352, -14
2353, -18
2354, -15
2355, -15
2356, -16
2357, 0
2358, 0
2359, -33
2360, 0
2361, -22
2362, -21
2363, -23
2364, -22
2365, -22
2366, -21
2367, -20
2368, -20
2369, -21
2370, 0
2371, -19
2372, -19
2373, -21
2374, -20
2375, 0
2376, 0
2377, 0
2378, -13
2379, -13
2380, -15
2381, -14
2382, -16
2383, -25
2384, -25
2385, -27
2386, 1
2387, 1
2388, 0
2389, -1
2390, -2
2391, 0
2392, 0
2393, -7
2394, -9
2395, -9
2396, 0
2397, -6
2398, 0
2399, 0
2400, 0
2401, 0
2402, -2
2403, 0
2404, 2
2405, 0
2406, 0
2407, 0
2408, 0
2409, -1
2410, -1
2411, -1
2412, 1
2413, 0
2414, -37
2415, 0
2416, 0
2417, 0
2418, -31
2419, -30
2420, -28
2421, -30
2422, 0
2423, 0
2424, 0
2425, 0
2426, 0
2427, -39
2428, -41
2429, -41
2430, -41
2431, -43
2432, -43
2433, -42
2434, -43
2435, -43
2436, 0
2437, -45
2438, -43
2439, 0
2440, 0
2441, -35
2442, -34
2443, -34
2444, -33
2445, -33
2446, -32
2447, -31
2448, -34
2449, -34
2450, -33
2451, -32
2452, 0
2453, 0
2454, -34
2455, -35
2456, -37
2457, 0
2458, -1
2459, -1
2460, -1
2461, -1
2462, 0
2463, 0
2464, 0
2465, -1
2466, -1
2467, 0
2468, 0
2469, 0
2470, 1
2471, 0
2472, 1
2473, 0
2474, 4
2475, 3
2476, 0
2477, 1
2478, 2
2479, 0
2480, 0
2481, 0
2482, 2
2483, 2
2484, 3
2485, 3
2486, 3
2487, 3
2488, 3
2489, 3
2490, 4
2491, 5
2492, 3
2493, 2
2494, 0
2495, 6
2496, 5
2497, 0
2498, 2
2499, 4
2500, 3
2501, 3
2502, 3
2503, 0
2504, 0
2505, -5
2506, -4
2507, -2
2508, -4
2509, -3
2510, -3
2511, 0
2512, 0
2513, 5
2514, 6
2515, 6
2516, 5
2517, 6
2518, 6
2519, 6
2520, 5
2521, 6
2522, 6
2523, 5
2524, 5
2525, 5
2526, 4
2527, 5
2528, 4
2529, 4
2530, 5
2531, 4
2532, 4
2533, 4
2534, 0
2535, 0
2536, 1
2537, 2
2538, 4
2539, 0
2540, 4
2541, 7
2542, 0
2543, 0
2544, 0
2545, -5
2546, -4
2547, -3
2548, -3
2549, -3
2550, -3
2551, 0
2552, -1
2553, 0
2554, 0
2555, 0
2556, 1
2557, 0
2558, -3
2559, 0
2560, -5
2561, -4
2562, -3
2563, -3
2564, -4
2565, -5
2566, -4
2567, -2
2568, 0
2569, 5
2570, 6
2571, 0
2572, 6
2573, 7
2574, 7
2575, 7
2576, 8
2577, 9
2578, 9
2579, 10
2580, 11
2581, 11
2582, 10
2583, 11
2584, 0
2585, 9
2586, 10
2587, 9
2588, 0
2589, 11
2590, 0
2591, 7
2592, 6
2593, 7
2594, 6
2595, 5
2596, 4
2597, 4
2598, 4
2599, -16
2600, -17
2601, -17
2602, -17
2603, 0
2604, -13
2605, -14
2606, -17
2607, -16
2608, -16
2609, -17
2610, -18
2611, -17
2612, -19
2613, -18
2614, -15
2615, 0
2616, -15
2617, 0
2618, -16
2619, -13
2620, -14
2621, -16
2622, -16
2623, -16
2624, -15
2625, -15
2626, -15
2627, -15
2628, -14
2629, -14
2630, -13
2631, 0
2632, -11
2633, 0
2634, -14
2635, -14
2636, -14
2637, -14
2638, -13
2639, 0
2640, 3
2641, 5
2642, 2
2643, 3
2644, 4
2645, 2
2646, 2
2647, 2
2648, 3
2649, 3
2650, 3
2651, 3
2652, 3
2653, 2
2654, 2
2655, 0
2656, 0
2657, -5
2658, -6
2659, -6
2660, -5
2661, -5
2662, -6
2663, -6
2664, -5
2665, -5
2666, -5
2667, -5
2668, -6
2669, -6
2670, -5
2671, 0
2672, 0
2673, 2
2674, 3
2675, 4
2676, 3
2677, 0
2678, 1
2679, 1
2680, 3
2681, 3
2682, 0
2683, 4
2684, 4
2685, 2
2686, 2
2687, 0
2688, 0
2689, 10
2690, 8
2691, 9
2692, 0
2693, 14
2694, 0
2695, 9
2696, 9
2697, 0
2698, 10
2699, 10
2700, 0
2701, 9
2702, 9
2703, 13
2704, 11
2705, 0
2706, 10
2707, 10
2708, 11
2709, 12
2710, 10
2711, 11
2712, 13
2713, 12
2714, 13
2715, 0
2716, 11
2717, 10
2718, 11
2719, 11
2720, 12
2721, 13
2722, 0
2723, 0
2724, 13
2725, 0
2726, 9
2727, 12
2728, 13
2729, 0
2730, 8
2731, 0
2732, 10
2733, 10
2734, 10
2735, 0
2736, 0
2737, 3
2738, 3
2739, 4
2740, 3
2741, 4
2742, 4
2743, 0
2744, 4
2745, 0
2746, 3
2747, 4
2748, 3
2749, 0
2750, 3
2751, 1
2752, 0
2753, 5
2754, 0
2755, 5
2756, 4
2757, 3
2758, 3
2759, 0
2760, 3
2761, 3
2762, 3
2763, 5
2764, 4
2765, 4
2766, 4
2767, 0
2768, 5
2769, 0
2770, 4
2771, 4
2772, 3
2773, 3
2774, 5
2775, 0
2776, 0
2777, 0
2778, 0
2779, 2
2780, 4
2781, 3
2782, 3
2783, 4
2784, 3
2785, 2
2786, 3
2787, 5
2788, 4
2789, 4
2790, 4
2791, 0
2792, 4
2793, 0
2794, 3
2795, 4
2796, 4
2797, 4
2798, 5
2799, 0
2800, 0
2801, 0
2802, 0
2803, 2
2804, 5
2805, 3
2806, 3
2807, 4
2808, 3
2809, 3
2810, 4
2811, 5
2812, 3
2813, 3
2814, 4
2815, 0
2816, 6
2817, 0
2818, 3
2819, 3
2820, 4
2821, 4
2822, 4
2823, 0
2824, 0
2825, 0
2826, 0
2827, 4
2828, 5
2829, 3
2830, 4
2831, 3
2832, 4
2833, 3
2834, 4
2835, 5
2836, 4
2837, 4
2838, 5
2839, 0
2840, 6
2841, 0
2842, 4
2843, 4
2844, 3
2845, 3
2846, 5
2847, 0
2848, 0
2849, 0
2850, 0
2851, 2
2852, 3
2853, 1
2854, 1
2855, 1
2856, 2
2857, 2
2858, 3
2859, 2
2860, 2
2861, 3
2862, 1
2863, 0
2864, 3
2865, 5
2866, 0
2867, 0
2868, 3
2869, 0
2870, 3
2871, 4
2872, 3
2873, 4
2874, 2
2875, 1
2876, 3
2877, 1
2878, 2
2879, 2
2880, 1
2881, 1
2882, 2
2883, 3
2884, 2
2885, 3
2886, 3
2887, 0
2888, 4
2889, 4
2890, 0
2891, 0
2892, 4
2893, 0
2894, 1
2895, 2
2896, 0
2897, 0
2898, 10
2899, 11
2900, 10
2901, 8
2902, 0
2903, 11
2904, 11
2905, 10
2906, 9
2907, 9
2908, 10
2909, 9
2910, 10
2911, 10
2912, 10
2913, 10
2914, 0
2915, 10
2916, 0
2917, 10
2918, 10
2919, 10
2920, 11
2921, 11
2922, 9
2923, 9
2924, 11
2925, 12
2926, 10
2927, 9
2928, 10
2929, 11
2930, 11
2931, 11
2932, 11
2933, 9
2934, 8
2935, 9
2936, 10
2937, 9
2938, 10
2939, 10
2940, 8
2941, 7
2942, 7
2943, 0
2944, 11
2945, 12
2946, 11
2947, 9
2948, 10
2949, 12
2950, 17
2951, 16
2952, 15
2953, 14
2954, 15
2955, 15
2956, 14
2957, 13
2958, 12
2959, 12
2960, 10
2961, 11
2962, 11
2963, 12
2964, 11
2965, 11
2966, 12
2967, 11
2968, 0
2969, 0
2970, 20
2971, 19
2972, 18
2973, 17
2974, 18
2975, 18
2976, 0
2977, 0
2978, 11
2979, 11
2980, 11
2981, 11
2982, 9
2983, 10
2984, 9
2985, 9
2986, 9
2987, 8
2988, 8
2989, 8
2990, 8
2991, 8
2992, 9
2993, 9
2994, 7
2995, 7
2996, 8
2997, 9
2998, 9
2999, 7
3000, 8
3001, 9
3002, 10
3003, 9
3004, 8
3005, 8
3006, 9
3007, 8
3008, 8
3009, 8
3010, 9
3011, 8
3012, 8
3013, 8
3014, 7
3015, 7
3016, 8
3017, 9
3018, 8
3019, 0
3020, 7
3021, 0
3022, 6
3023, 8
3024, 8
3025, 9
3026, 0
3027, 9
3028, 9
3029, 7
3030, 6
3031, 7
3032, 8
3033, 8
3034, 7
3035, 7
3036, 9
3037, 10
3038, 9
3039, 8
3040, 8
3041, 9
3042, 9
3043, 8
3044, 9
3045, 7
3046, 8
3047, 8
3048, 0
3049, 0
3050, 0
3051, 0
3052, 0
3053, 0
3054, 0
3055, -1
3056, 0
3057, 0
3058, 8
3059, 7
3060, 8
3061, 9
3062, 10
3063, 10
3064, 0
3065, 5
3066, 8
3067, 9
3068, 9
3069, 9
3070, 0
3071, 6
3072, 0
3073, 8
3074, 6
3075, 7
3076, 9
3077, 7
3078, 7
3079, 7
3080, 6
3081, 7
3082, 7
3083, 7
3084, 7
3085, 6
3086, 8
3087, 8
3088, 6
3089, 7
3090, 7
3091, 7
3092, 0
3093, 8
3094, 0
3095, 7
3096, 7
3097, 6
3098, 6
3099, 5
3100, 5
3101, 4
3102, 0
3103, 6
3104, 0
3105, 0
3106, -4
3107, -4
3108, -3
3109, -2
3110, 0
3111, 0
3112, 0
3113, 0
3114, 6
3115, 5
3116, 7
3117, 6
3118, 6
3119, 6
3120, 5
3121, 6
3122, 6
3123, 6
3124, 6
3125, 6
3126, 4
3127, 6
3128, 6
3129, 6
3130, 6
3131, 6
3132, 6
3133, 5
3134, 6
3135, 7
3136, 5
3137, 4
3138, 5
3139, 6
3140, 6
3141, 7
3142, 6
3143, 6
3144, 7
3145, 6
3146, 5
3147, 6
3148, 5
3149, 4
3150, 5
3151, 6
3152, 0
3153, 0
3154, -2
3155, 0
3156, -2
3157, -2
3158, -2
3159, -2
3160, 0
3161, 6
3162, 6
3163, 6
3164, 7
3165, 7
3166, 7
3167, 6
3168, 5
3169, 6
3170, 7
3171, 7
3172, 6
3173, 6
3174, 7
3175, 5
3176, 6
3177, 6
3178, 5
3179, 7
3180, 8
3181, 8
3182, 7
3183, 6
3184, 0
3185, 0
3186, -3
3187, -2
3188, 0
3189, 0
3190, 0
3191, -2
3192, 0
3193, 0
3194, 6
3195, 7
3196, 8
3197, 5
3198, 6
3199, 0
3200, 6
3201, 6
3202, 0
3203, 11
3204, 0
3205, 4
3206, 0
3207, 6
3208, 6
3209, 7
3210, 9
3211, 9
3212, 8
3213, 7
3214, 0
3215, 7
3216, 7
3217, 5
3218, 6
3219, 7
3220, 7
3221, 7
3222, 6
3223, 6
3224, 0
3225, 0
3226, 0
3227, 8
3228, 0
3229, 6
3230, 7
3231, 6
3232, 6
3233, 7
3234, 7
3235, 7
3236, 7
3237, 6
3238, 5
3239, 6
3240, 0
3241, 0
3242, 13
3243, 14
3244, 15
3245, 15
3246, 15
3247, 14
3248, 13
3249, 14
3250, 0
3251, 13
3252, 0
3253, 10
3254, 0
3255, 13
3256, 0
3257, 0
3258, 5
3259, 6
3260, 6
3261, 6
3262, 6
3263, 0
3264, 4
3265, 5
3266, 6
3267, 6
3268, 5
3269, 5
3270, 6
3271, 6
3272, 0
3273, 0
3274, 15
3275, 14
3276, 14
3277, 13
3278, 14
3279, 15
3280, 14
3281, 14
3282, 12
3283, 12
3284, 14
3285, 13
3286, 14
3287, 14
3288, 0
3289, 0
3290, 14
3291, 0
3292, 11
3293, 11
3294, 13
3295, 0
3296, 0
3297, 0
3298, 12
3299, 0
3300, 15
3301, 15
3302, 14
3303, 14
3304, 13
3305, 14
3306, 13
3307, 14
3308, 0
3309, 0
3310, 0
3311, 0
3312, 0
3313, 0
3314, 14
3315, 16
3316, 14
3317, 13
3318, 14
3319, 14
3320, 12
3321, 13
3322, 14
3323, 13
3324, 12
3325, 12
3326, 13
3327, 14
3328, 13
3329, 13
3330, 13
3331, 12
3332, 13
3333, 12
3334, 12
3335, 11
3336, 0
3337, 0
3338, 21
3339, 21
3340, 21
3341, 22
3342, 21
3343, 22
3344, 0
3345, 0
3346, 0
3347, 13
3348, 11
3349, 11
3350, 12
3351, 14
3352, 13
3353, 11
3354, 11
3355, 11
3356, 13
3357, 14
3358, 14
3359, 14
3360, 13
3361, 13
3362, 0
3363, 15
3364, 0
3365, 13
3366, 13
3367, 13
3368, 0
3369, 0
3370, 0
3371, 11
3372, 11
3373, 11
3374, 11
3375, 12
3376, 13
3377, 13
3378, 13
3379, 15
3380, 14
3381, 14
3382, 15
3383, 14
3384, 13
3385, 13
3386, 13
3387, 13
3388, 14
3389, 14
3390, 14
3391, 13
3392, 0
3393, 6
3394, 7
3395, 7
3396, 8
3397, 7
3398, 6
3399, 6
3400, 0
3401, 13
3402, 13
3403, 13
3404, 13
3405, 13
3406, 14
3407, 0
3408, 0
3409, 0
3410, 0
3411, 0
3412, 6
3413, 7
3414, 6
3415, 0
3416, 2
3417, 0
3418, 0
3419, 4
3420, 0
3421, 7
3422, 5
3423, 5
3424, 5
3425, 4
3426, 3
3427, 4
3428, 5
3429, 5
3430, 5
3431, 5
3432, 0
3433, 0
3434, 0
3435, 4
3436, 5
3437, 0
3438, 7
3439, 0
3440, 0
3441, 4
3442, 4
3443, 3
3444, 5
3445, 6
3446, 7
3447, 5
3448, 0
3449, 0
3450, 4
3451, 4
3452, 4
3453, 4
3454, 4
3455, 3
3456, 0
3457, 5
3458, 0
3459, 4
3460, 3
3461, 3
3462, 3
3463, 4
3464, 0
3465, 0
3466, 13
3467, 12
3468, 11
3469, 11
3470, 12
3471, 11
3472, 0
3473, 0
3474, 3
3475, 0
3476, 1
3477, 2
3478, 2
3479, 2
3480, 2
3481, 1
3482, 2
3483, 3
3484, 3
3485, 3
3486, 4
3487, 4
3488, 0
3489, 0
3490, 2
3491, 2
3492, 1
3493, 3
3494, 3
3495, 2
3496, 2
3497, 2
3498, 2
3499, 1
3500, 0
3501, 4
3502, 3
3503, 2
3504, 0
3505, 0
3506, 12
3507, 11
3508, 11
3509, 10
3510, 10
3511, 11
3512, 0
3513, 0
3514, 2
3515, 3
3516, 0
3517, 7
3518, 0
3519, 5
3520, 4
3521, 2
3522, 0
3523, 4
3524, 3
3525, 3
3526, 3
3527, 4
3528, 0
3529, 0
3530, 12
3531, 0
3532, 9
3533, 0
3534, 11
3535, 11
3536, 0
3537, 0
3538, 2
3539, 2
3540, 3
3541, 2
3542, 2
3543, 3
3544, 0
3545, 0
3546, 10
3547, 10
3548, 9
3549, 11
3550, 11
3551, 10
3552, 0
3553, 0
3554, 0
3555, 2
3556, 1
3557, 0
3558, 4
3559, 0
3560, 0
3561, 0
3562, 10
3563, 9
3564, 10
3565, 11
3566, 10
3567, 10
3568, 0
3569, 0
3570, 3
3571, 2
3572, 2
3573, 1
3574, 0
3575, 4
3576, 0
3577, 0
3578, 8
3579, 7
3580, 0
3581, 10
3582, 0
3583, 8
3584, 0
3585, 0
3586, 2
3587, 0
3588, 0
3589, 0
3590, 2
3591, 0
3592, 0
3593, 11
3594, 10
3595, 11
3596, 0
3597, 9
3598, 9
3599, 10
3600, 0
3601, 0
3602, 9
3603, 9
3604, 8
3605, 0
3606, 0
3607, 0
3608, 0
3609, 0
3610, 9
3611, 8
3612, 0
3613, 6
3614, 7
3615, 7
3616, 0
3617, 0
3618, 0
3619, 3
3620, 0
3621, 1
3622, 2
3623, 3
3624, 0
3625, 10
3626, 8
3627, 8
3628, 8
3629, 8
3630, 8
3631, 8
3632, 0
3633, 0
3634, 0
3635, 10
3636, 10
3637, 9
3638, 0
3639, 6
3640, 0
3641, 0
3642, 0
3643, -1
3644, 0
3645, 0
3646, 0
3647, 0
3648, 0
3649, 0
3650, 0
3651, 0
3652, 9
3653, 9
3654, 9
3655, 9
3656, 0
3657, 0
3658, 0
3659, 0
3660, 2
3661, 2
3662, 1
3663, 0
3664, 0
3665, 0
3666, 0
3667, 9
3668, 0
3669, 5
3670, 0
3671, 7
3672, 0
3673, 0
3674, 8
3675, 8
3676, 8
3677, 7
3678, 0
3679, 8
3680, 6
3681, 7
3682, 8
3683, 7
3684, 7
3685, 9
3686, 9
3687, 9
3688, 0
3689, 0
3690, 9
3691, 9
3692, 8
3693, 8
3694, 0
3695, 6
3696, 7
3697, 0
3698, 9
3699, 0
3700, 11
3701, 0
3702, 7
3703, 8
3704, 0
3705, 0
3706, 7
3707, 9
3708, 0
3709, 6
3710, 0
3711, 10
3712, 0
3713, 0
3714, 0
3715, 0
3716, 1
3717, -1
3718, 1
3719, 2
3720, 0
3721, 0
3722, 7
3723, 8
3724, 8
3725, 8
3726, 8
3727, 9
3728, 0
3729, 0
3730, 0
3731, 8
3732, 8
3733, 8
3734, 7
3735, 6
3736, 6
3737, 8
3738, 7
3739, 8
3740, 9
3741, 8
3742, 8
3743, 7
3744, 0
3745, 0
3746, 0
3747, 9
3748, 8
3749, 0
3750, 9
3751, 0
3752, 0
3753, 0
3754, 5
3755, 0
3756, 9
3757, 9
3758, 8
3759, 6
3760, 6
3761, 0
3762, 9
3763, 0
3764, 0
3765, 10
3766, 9
3767, 8
3768, 0
3769, 0
3770, 8
3771, 9
3772, 8
3773, 8
3774, 8
3775, 8
3776, 0
3777, 0
3778, -1
3779, 1
3780, 0
3781, 0
3782, 1
3783, 1
3784, 0
3785, 0
3786, 6
3787, 0
3788, 9
3789, 0
3790, 5
3791, 7
3792, 0
3793, 0
3794, 6
3795, 5
3796, 0
3797, 0
3798, 4
3799, 6
3800, 0
3801, 0
3802, 8
3803, 0
3804, 9
3805, 8
3806, 9
3807, 10
3808, 10
3809, 8
3810, 7
3811, 6
3812, 5
3813, 7
3814, 7
3815, 7
3816, 0
3817, 0
3818, 0
3819, 9
3820, 0
3821, 6
3822, 5
3823, 6
3824, 0
3825, 0
3826, 0
3827, 8
3828, 8
3829, 6
3830, 7
3831, 8
3832, 0
3833, 0
3834, -2
3835, -2
3836, -1
3837, -2
3838, -2
3839, -1
3840, 0
3841, 0
3842, 5
3843, 5
3844, 5
3845, 5
3846, 6
3847, 6
3848, 0
3849, 0
3850, 6
3851, 0
3852, 8
3853, 0
3854, 7
3855, 5
3856, 0
3857, 0
3858, 7
3859, 6
3860, 6
3861, 5
3862, 5
3863, 6
3864, 0
3865, 0
3866, -4
3867, -4
3868, -3
3869, -3
3870, -3
3871, -2
3872, 0
3873, 0
3874, 4
3875, 6
3876, 7
3877, 6
3878, 7
3879, 6
3880, 0
3881, 0
3882, 4
3883, 5
3884, 6
3885, 6
3886, 5
3887, 4
3888, 0
3889, 0
3890, 6
3891, 4
3892, 5
3893, 5
3894, 4
3895, 5
3896, 0
3897, 0
3898, -3
3899, -4
3900, -4
3901, 0
3902, -2
3903, -2
3904, 0
3905, 0
3906, 0
3907, -3
3908, -2
3909, -2
3910, -3
3911, -3
3912, 0
3913, 0
3914, 0
3915, 6
3916, 6
3917, 5
3918, 4
3919, 4
3920, 0
3921, 0
3922, 5
3923, 4
3924, 3
3925, 4
3926, 5
3927, 5
3928, 0
3929, 0
3930, 0
3931, 5
3932, 0
3933, 2
3934, 0
3935, 5
3936, 0
3937, 0
3938, 5
3939, 0
3940, 3
3941, 4
3942, 4
3943, 5
3944, 0
3945, 0
3946, 0
3947, 3
3948, 4
3949, 5
3950, 4
3951, 4
3952, 0
3953, 0
3954, -3
3955, -4
3956, -4
3957, -5
3958, 0
3959, -1
3960, 0
3961, 0
3962, 12
3963, 13
3964, 11
3965, 10
3966, 0
3967, 13
3968, 0
3969, 0
3970, 12
3971, 13
3972, 12
3973, 11
3974, 0
3975, 13
3976, 0
3977, 0
3978, 14
3979, 14
3980, 13
3981, 12
3982, 0
3983, 12
3984, 0
3985, 0
3986, 12
3987, 12
3988, 11
3989, 11
3990, 0
3991, 12
3992, 0
3993, 0
3994, 5
3995, 6
3996, 6
3997, 5
3998, 4
3999, 4
4000, 0
4001, 0
4002, 5
4003, 6
4004, 5
4005, 6
4006, 5
4007, 4
4008, 0
4009, 0
4010, 0
4011, 14
4012, 13
4013, 0
4014, 0
4015, 14
4016, 0
4017, 0
4018, 5
4019, 4
4020, 5
4021, 5
4022, 4
4023, 5
4024, 0
4025, 0
4026, 0
4027, 4
4028, 0
4029, 5
4030, 4
4031, 5
4032, 0
4033, 0
4034, 0
4035, 3
4036, 4
4037, 6
4038, 6
4039, 5
4040, 0
4041, 0
4042, 0
4043, 6
4044, 4
4045, 6
4046, 5
4047, 5
4048, 0
4049, 0
4050, 0
4051, 8
4052, 0
4053, 0
4054, 6
4055, 0
4056, 0
4057, 0
4058, 6
4059, 4
4060, 4
4061, 4
4062, 4
4063, 3
4064, 0
4065, 0
4066, 0
4067, 0
4068, 2
4069, 2
4070, 5
4071, 6
4072, 0
4073, 0
4074, 4
4075, 4
4076, 0
4077, 2
4078, 0
4079, 4
4080, 0
4081, 0
4082, 4
4083, 4
4084, 5
4085, 5
4086, 4
4087, 3
4088, 0
4089, 0
4090, 2
4091, 0
4092, 4
4093, 4
4094, 4
4095, 4
4096, 0
4097, 0
4098, 0
4099, 6
4100, 6
4101, 0
4102, 2
4103, 0
4104, 0
4105, 0
4106, 6
4107, 4
4108, 5
4109, 7
4110, 7
4111, 6
4112, 0
4113, 0
4114, 5
4115, 5
4116, 4
4117, 3
4118, 5
4119, 6
4120, 0
4121, 0
4122, 5
4123, 6
4124, 6
4125, 6
4126, 6
4127, 6
4128, 0
4129, 0
4130, 22
4131, 21
4132, 19
4133, 18
4134, 0
4135, 20
4136, 0
4137, 0
4138, 6
4139, 4
4140, 6
4141, 6
4142, 0
4143, 3
4144, 0
4145, 0
4146, 0
4147, 13
4148, 11
4149, 11
4150, 0
4151, 14
4152, 0
4153, 0
4154, 13
4155, 12
4156, 13
4157, 14
4158, 13
4159, 14
4160, 0
4161, 0
4162, 4
4163, 4
4164, 6
4165, 7
4166, 0
4167, 5
4168, 0
4169, 0
4170, 5
4171, 5
4172, 0
4173, 3
4174, 0
4175, 5
4176, 0
4177, 0
4178, 0
4179, 15
4180, 13
4181, 11
4182, 0
4183, 13
4184, 0
4185, 0
4186, 0
4187, 4
4188, 6
4189, 5
4190, 5
4191, 5
4192, 0
4193, 0
4194, -3
4195, -3
4196, -4
4197, -2
4198, 0
4199, -4
4200, 0
4201, 0
4202, 0
4203, 6
4204, 6
4205, 5
4206, 7
4207, 6
4208, 0
4209, 0
4210, 0
4211, 6
4212, 6
4213, 8
4214, 6
4215, 5
4216, 0
4217, 0
4218, 6
4219, 5
4220, 5
4221, 5
4222, 6
4223, 6
4224, 0
4225, 0
4226, 13
4227, 14
4228, 15
4229, 14
4230, 13
4231, 13
4232, 0
4233, 0
4234, 0
4235, 2
4236, 0
4237, 0
4238, 6
4239, 5
4240, 0
4241, 0
4242, 12
4243, 13
4244, 12
4245, 13
4246, 15
4247, 16
4248, 0
4249, 0
4250, 7
4251, 7
4252, 5
4253, 6
4254, 6
4255, 7
4256, 0
4257, 0
4258, 0
4259, 0
4260, 7
4261, 6
4262, 6
4263, 6
4264, 0
4265, 0
4266, 5
4267, 5
4268, 3
4269, 3
4270, 0
4271, 5
4272, 0
4273, 0
4274, 5
4275, 5
4276, 5
4277, 4
4278, 5
4279, 3
4280, 0
4281, 0
4282, 0
4283, -3
4284, -3
4285, -3
4286, 0
4287, -1
4288, 0
4289, 0
4290, 0
4291, 6
4292, 5
4293, 6
4294, 0
4295, 0
4296, 0
4297, 0
4298, 0
4299, 0
4300, -5
4301, 0
4302, -3
4303, -5
4304, 0
4305, 0
4306, -5
4307, -4
4308, -3
4309, -2
4310, 0
4311, -4
4312, 0
4313, 0
4314, -4
4315, -2
4316, -3
4317, -3
4318, -4
4319, -3
4320, 0
4321, 0
4322, -3
4323, -4
4324, -4
4325, -4
4326, -4
4327, -4
4328, 0
4329, 0
4330, 4
4331, 6
4332, 6
4333, 5
4334, 4
4335, 3
4336, 0
4337, 0
4338, 0
4339, -6
4340, 0
4341, -3
4342, -4
4343, -3
4344, 0
4345, 0
4346, 0
4347, -4
4348, -3
4349, -3
4350, -5
4351, -5
4352, 0
4353, 0
4354, -3
4355, -3
4356, -4
4357, -3
4358, -3
4359, -4
4360, 0
4361, 0
4362, 0
4363, -4
4364, -6
4365, -5
4366, -3
4367, -3
4368, 0
4369, 0
4370, 4
4371, 3
4372, 3
4373, 2
4374, 0
4375, 4
4376, 0
4377, 0
4378, -11
4379, -11
4380, -10
4381, -10
4382, 0
4383, -14
4384, 0
4385, 0
4386, 0
4387, 2
4388, 2
4389, 8
4390, 10
4391, 9
4392, 0
4393, 0
4394, 0
4395, 0
4396, 11
4397, 9
4398, 8
4399, 9
4400, 0
4401, 0
4402, 0
4403, -1
4404, 0
4405, 1
4406, 0
4407, 1
4408, 0
4409, 0
4410, 0
4411, -2
4412, 0
4413, 0
4414, 0
4415, 1
4416, 0
4417, 0
4418, 0
4419, 7
4420, 6
4421, 7
4422, 0
4423, 7
4424, 0
4425, 0
4426, 7
4427, 6
4428, 6
4429, 9
4430, 0
4431, 7
4432, 0
4433, 0
4434, 0
4435, -2
4436, -3
4437, -2
4438, -1
4439, -1
4440, 0
4441, 0
4442, 0
4443, -1
4444, 0
4445, -1
4446, -1
4447, -1
4448, 0
4449, 0
4450, 0
4451, -9
4452, -8
4453, -9
4454, 0
4455, -9
4456, 0
4457, 0
4458, 0
4459, 0
4460, -8
4461, -8
4462, -8
4463, -8
4464, 0
4465, 0
4466, 0
4467, 0
4468, 0
4469, 0
4470, 1
4471, 0
4472, 0
4473, 0
4474, 0
4475, 15
4476, 14
4477, 15
4478, 16
4479, 16
4480, 0
4481, 0
4482, 0
4483, 0
4484, 30
4485, 29
4486, 0
4487, 33
4488, 0
4489, 0
4490, 0
4491, 40
4492, 40
4493, 41
4494, 39
4495, 39
4496, 0
4497, 0
4498, 32
4499, 32
4500, 31
4501, 32
4502, 32
4503, 30
4504, 0
4505, 0
4506, 0
4507, 16
4508, 16
4509, 16
4510, 17
4511, 16
4512, 0
4513, 0
4514, 0
4515, 0
4516, 16
4517, 14
4518, 0
4519, 15
4520, 0
4521, 0
4522, 13
4523, 13
4524, 14
4525, 14
4526, 16
4527, 15
4528, 0
4529, 0
4530, 0
4531, 7
4532, 9
4533, 9
4534, 9
4535, 8
4536, 0
4537, 0
4538, 0
4539, 6
4540, 6
4541, 7
4542, 8
4543, 8
4544, 0
4545, 0
4546, 0
4547, -2
4548, 1
4549, 2
4550, 0
4551, -2
4552, 0
4553, 0
4554, 0
4555, 6
4556, 5
4557, 5
4558, 0
4559, 7
4560, 0
4561, 0
4562, 0
4563, 0
4564, 0
4565, 0
4566, 0
4567, 0
4568, 0
4569, 0
4570, 0
4571, 0
4572, 3218
4573, 3216
4574, 3218
4575, 3215
4576, 0
4577, 0
