0, 0
1, 0
2, 0
3, 0
4, 0
5, 0
6, 0
7, 0
8, 0
9, 0
10, 0
11, 0
12, 0
13, 0
14, 0
15, 0
16, 0
17, 0
18, 0
19, 0
20, 0
21, 0
22, 0
23, 0
24, 0
25, 0
26, 0
27, 0
28, 0
29, 0
30, 0
31, 0
32, 0
33, 0
34, 0
35, 0
36, 0
37, 0
38, 0
39, 0
40, 0
41, 0
42, 0
43, 0
44, 0
45, 0
46, 0
47, 0
48, 0
49, 0
50, 0
51, 0
52, 0
53, 0
54, 0
55, 0
56, 0
57, 0
58, 0
59, 0
60, 0
61, 0
62, 0
63, 0
64, 0
65, 0
66, 0
67, 0
68, 0
69, 0
70, 0
71, 0
72, 0
73, 0
74, 0
75, 0
76, 0
77, 0
78, 0
79, 0
80, 0
81, 0
82, 0
83, 0
84, 0
85, 0
86, 0
87, 0
88, 0
89, 0
90, 0
91, 0
92, 0
93, 0
94, 0
95, 0
96, 0
97, 0
98, 0
99, 0
100, 0
101, 0
102, 0
103, 0
104, 0
105, 0
106, 0
107, 0
108, 0
109, 0
110, 0
111, 0
112, 0
113, 0
114, 0
115, 0
116, 0
117, 0
118, 0
119, 0
120, 0
121, 0
122, 0
123, 0
124, 0
125, 0
126, 0
127, 0
128, 0
129, 0
130, 0
131, 0
132, 0
133, 0
134, 0
135, 0
136, 0
137, 0
138, 0
139, 0
140, 0
141, 0
142, 0
143, 0
144, 0
145, 0
146, 0
147, 0
148, 0
149, 0
150, 0
151, 0
152, 0
153, 0
154, 0
155, 0
156, 0
157, 0
158, 0
159, 0
160, 0
161, 0
162, 0
163, 0
164, 0
165, 0
166, 0
167, 0
168, 0
169, 0
170, 0
171, 0
172, 0
173, 0
174, 0
175, 0
176, 0
177, 0
178, 0
179, 0
180, 0
181, 0
182, 0
183, 0
184, 0
185, 0
186, 0
187, 0
188, 0
189, 0
190, 0
191, 0
192, 0
193, 0
194, 0
195, 0
196, 0
197, 0
198, 0
199, 0
200, 0
201, 0
202, 0
203, 0
204, 0
205, 0
206, 0
207, 0
208, 0
209, 0
210, 0
211, 0
212, 0
213, 0
214, 0
215, 0
216, 0
217, 0
218, 0
219, 0
220, 0
221, 0
222, 0
223, 0
224, 0
225, 0
226, 0
227, 0
228, 0
229, 0
230, 0
231, 0
232, 0
233, 0
234, 0
235, 0
236, 0
237, 0
238, 0
239, 0
240, 0
241, 0
242, 0
243, 0
244, 0
245, 0
246, 0
247, 0
248, 0
249, 0
250, 0
251, 0
252, 0
253, 0
254, 0
255, 0
256, 0
257, 0
258, 0
259, 0
260, 0
261, 0
262, 0
263, 0
264, 0
265, 0
266, 0
267, 0
268, 0
269, 0
270, 0
271, 0
272, 0
273, 0
274, 0
275, 0
276, 0
277, 0
278, 0
279, 0
280, 0
281, 0
282, 0
283, 0
284, 0
285, 0
286, 0
287, 0
288, 0
289, 0
290, 0
291, 0
292, 0
293, 0
294, 0
295, 0
296, 0
297, 0
298, 0
299, 0
300, 0
301, 0
302, 0
303, 0
304, 0
305, 0
306, 0
307, 0
308, 0
309, 0
310, 0
311, 0
312, 0
313, 0
314, 0
315, 0
316, 0
317, 0
318, 0
319, 0
320, 0
321, 0
322, 0
323, 0
324, 0
325, 0
326, 0
327, 0
328, 0
329, 0
330, 0
331, 0
332, 0
333, 0
334, 0
335, 0
336, 0
337, 0
338, 0
339, 0
340, 0
341, 0
342, 0
343, 0
344, 0
345, 0
346, 0
347, 0
348, 0
349, 0
350, 0
351, 0
352, 0
353, 0
354, 0
355, 0
356, 0
357, 0
358, 0
359, 0
360, 0
361, 0
362, 0
363, 0
364, 0
365, 0
366, 0
367, 0
368, 0
369, 0
370, 0
371, 0
372, 0
373, 0
374, 0
375, 0
376, 0
377, 0
378, 0
379, 0
380, 0
381, 0
382, 0
383, 0
384, 0
385, 0
386, 0
387, 0
388, 0
389, 0
390, 0
391, 0
392, 0
393, 0
394, 0
395, 0
396, 0
397, 0
398, 0
399, 0
400, 0
401, 0
402, 0
403, 0
404, 0
405, 0
406, 0
407, 0
408, 0
409, 0
410, 0
411, 0
412, 0
413, 0
414, 0
415, 0
416, 0
417, 0
418, 0
419, 0
420, 0
421, 0
422, 0
423, 0
424, 0
425, 0
426, 0
427, 0
428, 0
429, 0
430, 0
431, 0
432, 0
433, 0
434, 0
435, 0
436, 0
437, 0
438, 0
439, 0
440, 0
441, 0
442, 0
443, 0
444, 0
445, 0
446, 0
447, 0
448, 0
449, 0
450, 0
451, 0
452, 0
453, 0
454, 0
455, 0
456, 0
457, 0
458, 0
459, 0
460, 0
461, 0
462, 0
463, 0
464, 0
465, 0
466, 0
467, 0
468, 0
469, 0
470, 0
471, 0
472, 0
473, 0
474, 0
475, 0
476, 0
477, 0
478, 0
479, 0
480, 0
481, 0
482, 0
483, 0
484, 0
485, 0
486, 0
487, 0
488, 0
489, 0
490, 0
491, 0
492, 0
493, 0
494, 0
495, 0
496, 0
497, 0
498, 0
499, 0
500, 0
501, 0
502, 0
503, 0
504, 0
505, 0
506, 0
507, 0
508, 0
509, 0
510, 0
511, 0
512, 0
513, 0
514, 0
515, 0
516, 0
517, 0
518, 0
519, 0
520, 0
521, 0
522, 0
523, 0
524, 0
525, 0
526, 0
527, 0
528, 0
529, 0
530, 0
531, 0
532, 0
533, 0
534, 0
535, 0
536, 0
537, 0
538, 0
539, 0
540, 0
541, 0
542, 0
543, 0
544, 0
545, 0
546, 0
547, 0
548, 0
549, 0
550, 0
551, 0
552, 0
553, 0
554, 0
555, 0
556, 0
557, 0
558, 0
559, 0
560, 0
561, 0
562, 0
563, 0
564, 0
565, 0
566, 0
567, 0
568, 0
569, 0
570, 0
571, 0
572, 0
573, 0
574, 0
575, 0
576, 0
577, 0
578, 0
579, 0
580, 0
581, 0
582, 0
583, 0
584, 0
585, 0
586, 0
587, 0
588, 0
589, 0
590, 0
591, 0
592, 0
593, 0
594, 0
595, 0
596, 0
597, 0
598, 0
599, 0
600, 0
601, 0
602, 0
603, 0
604, 0
605, 0
606, 0
607, 0
608, 0
609, 0
610, 0
611, 0
612, 0
613, 0
614, 0
615, 0
616, 0
617, 0
618, 0
619, 0
620, 0
621, 0
622, 0
623, 0
624, 0
625, 0
626, 0
627, 0
628, 0
629, 0
630, 0
631, 0
632, 0
633, 0
634, 0
635, 0
636, 0
637, 0
638, 0
639, 0
640, 0
641, 0
642, 0
643, 0
644, 0
645, 0
646, 0
647, 0
648, 0
649, 0
650, 0
651, 0
652, 0
653, 0
654, 0
655, 0
656, 0
657, 0
658, 0
659, 0
660, 0
661, 0
662, 0
663, 0
664, 0
665, 0
666, 0
667, 0
668, 0
669, 0
670, 0
671, 0
672, 0
673, 0
674, 0
675, 0
676, 0
677, 0
678, 0
679, 0
680, 0
681, 0
682, 0
683, 0
684, 0
685, 0
686, 0
687, 0
688, 0
689, 0
690, 0
691, 0
692, 0
693, 0
694, 0
695, 0
696, 0
697, 0
698, 0
699, 0
700, 0
701, 0
702, 0
703, 0
704, 0
705, 0
706, 0
707, 0
708, 0
709, 0
710, 0
711, 0
712, 0
713, 0
714, 0
715, 0
716, 0
717, 0
718, 0
719, 0
720, 0
721, 0
722, 0
723, 0
724, 0
725, 0
726, 0
727, 0
728, 0
729, 0
730, 0
731, 0
732, 0
733, 0
734, 0
735, 0
736, 0
737, 0
738, 0
739, 0
740, 0
741, 0
742, 0
743, 0
744, 0
745, 0
746, 0
747, 0
748, 0
749, 0
750, 0
751, 0
752, 0
753, 0
754, 0
755, 0
756, 0
757, 0
758, 0
759, 0
760, 0
761, 0
762, 0
763, 0
764, 0
765, 0
766, 0
767, 0
768, 0
769, 0
770, 0
771, 0
772, 0
773, 0
774, 0
775, 0
776, 0
777, 0
778, 0
779, 0
780, 0
781, 0
782, 0
783, 0
784, 0
785, 0
786, 0
787, 0
788, 0
789, 0
790, 0
791, 0
792, 0
793, 0
794, 0
795, 0
796, 0
797, 0
798, 0
799, 0
800, 0
801, 0
802, 0
803, 0
804, 0
805, 0
806, 0
807, 0
808, 0
809, 0
810, 0
811, 0
812, 0
813, 0
814, 0
815, 0
816, 0
817, 0
818, 0
819, 0
820, 0
821, 0
822, 0
823, 0
824, 0
825, 0
826, 0
827, 0
828, 0
829, 0
830, 0
831, 0
832, 0
833, 0
834, 0
835, 0
836, 0
837, 0
838, 0
839, 0
840, 0
841, 0
842, 0
843, 0
844, 0
845, 0
846, 0
847, 0
848, 0
849, 0
850, 0
851, 0
852, 0
853, 0
854, 0
855, 0
856, 0
857, 0
858, 0
859, 0
860, 0
861, 0
862, 0
863, 0
864, 0
865, 0
866, 0
867, 0
868, 0
869, 0
870, 0
871, 0
872, 0
873, 0
874, 0
875, 0
876, 0
877, 0
878, 0
879, 0
880, 0
881, 0
882, 0
883, 0
884, 0
885, 0
886, 0
887, 0
888, 0
889, 0
890, 0
891, 0
892, 0
893, 0
894, 0
895, 0
896, 0
897, 0
898, 0
899, 0
900, 0
901, 0
902, 0
903, 0
904, 0
905, 0
906, 0
907, 0
908, 0
909, 0
910, 0
911, 0
912, 0
913, 0
914, 0
915, 0
916, 0
917, 0
918, 0
919, 0
920, 0
921, 0
922, 0
923, 0
924, 0
925, 0
926, 0
927, 0
928, 0
929, 0
930, 0
931, 0
932, 0
933, 0
934, 0
935, 0
936, 0
937, 0
938, 0
939, 0
940, 0
941, 0
942, 0
943, 0
944, 0
945, 0
946, 0
947, 0
948, 0
949, 0
950, 0
951, 0
952, 0
953, 0
954, 0
955, 0
956, 0
957, 0
958, 0
959, 0
960, 0
961, 0
962, 0
963, 0
964, 0
965, 0
966, 0
967, 0
968, 0
969, 0
970, 0
971, 0
972, 0
973, 0
974, 0
975, 0
976, 0
977, 0
978, 0
979, 0
980, 0
981, 0
982, 0
983, 0
984, 0
985, 0
986, 0
987, 0
988, 0
989, 0
990, 0
991, 0
992, 0
993, 0
994, 0
995, 0
996, 0
997, 0
998, 0
999, 0
1000, 0
1001, 0
1002, 0
1003, 0
1004, 0
1005, 0
1006, 0
1007, 0
1008, 0
1009, 0
1010, 0
1011, 0
1012, 0
1013, 0
1014, 0
1015, 0
1016, 0
1017, 0
1018, 0
1019, 0
1020, 0
1021, 0
1022, 0
1023, 0
1024, 0
1025, 0
1026, 0
1027, 0
1028, 0
1029, 0
1030, 0
1031, 0
1032, 0
1033, 0
1034, 0
1035, 0
1036, 0
1037, 0
1038, 0
1039, 0
1040, 0
1041, 0
1042, 0
1043, 0
1044, 0
1045, 0
1046, 0
1047, 0
1048, 0
1049, 0
1050, 0
1051, 0
1052, 0
1053, 0
1054, 0
1055, 0
1056, 0
1057, 0
1058, 0
1059, 0
1060, 0
1061, 0
1062, 0
1063, 0
1064, 0
1065, 0
1066, 0
1067, 0
1068, 0
1069, 0
1070, 0
1071, 0
1072, 0
1073, 0
1074, 0
1075, 0
1076, 0
1077, 0
1078, 0
1079, 0
1080, 0
1081, 368
1082, 365
1083, 366
1084, 367
1085, 0
1086, 0
1087, 0
1088, 0
1089, 304
1090, 305
1091, 302
1092, 0
1093, 0
1094, 0
1095, 0
1096, 0
1097, 232
1098, 232
1099, 232
1100, 0
1101, 0
1102, 0
1103, 0
1104, 0
1105, 200
1106, 199
1107, 198
1108, 198
1109, 199
1110, 0
1111, 0
1112, 0
1113, 174
1114, 175
1115, 176
1116, 175
1117, 176
1118, 176
1119, 0
1120, 0
1121, 168
1122, 166
1123, 165
1124, 167
1125, 153
1126, 0
1127, 0
1128, 0
1129, 153
1130, 151
1131, 0
1132, 152
1133, 0
1134, 0
1135, 0
1136, 0
1137, 152
1138, 0
1139, 154
1140, 153
1141, 150
1142, 147
1143, 0
1144, 0
1145, 143
1146, 143
1147, 141
1148, 143
1149, 146
1150, 0
1151, 0
1152, 0
1153, 136
1154, 0
1155, 135
1156, 136
1157, 136
1158, 125
1159, 0
1160, 0
1161, 0
1162, 0
1163, 129
1164, 130
1165, 129
1166, 129
1167, 0
1168, 0
1169, 129
1170, 129
1171, 128
1172, 128
1173, 128
1174, 0
1175, 0
1176, 0
1177, 112
1178, 0
1179, 111
1180, 112
1181, 110
1182, 91
1183, 0
1184, 0
1185, 0
1186, 114
1187, 113
1188, 113
1189, 110
1190, 96
1191, 0
1192, 0
1193, 112
1194, 112
1195, 109
1196, 0
1197, 113
1198, 0
1199, 0
1200, 0
1201, 0
1202, 121
1203, 121
1204, 0
1205, 0
1206, 0
1207, 0
1208, 0
1209, 113
1210, 113
1211, 112
1212, 112
1213, 112
1214, 0
1215, 0
1216, 0
1217, 104
1218, 103
1219, 105
1220, 104
1221, 90
1222, 89
1223, 0
1224, 0
1225, 96
1226, 97
1227, 96
1228, 96
1229, 93
1230, 0
1231, 0
1232, 0
1233, 111
1234, 113
1235, 111
1236, 112
1237, 0
1238, 0
1239, 0
1240, 0
1241, 103
1242, 102
1243, 102
1244, 103
1245, 0
1246, 0
1247, 0
1248, 0
1249, 96
1250, 96
1251, 0
1252, 99
1253, 89
1254, 0
1255, 0
1256, 0
1257, 88
1258, 0
1259, 88
1260, 89
1261, 89
1262, 0
1263, 0
1264, 0
1265, 89
1266, 89
1267, 86
1268, 88
1269, 80
1270, 77
1271, 0
1272, 0
1273, 78
1274, 78
1275, 79
1276, 0
1277, 81
1278, 0
1279, 0
1280, 0
1281, 79
1282, 0
1283, 79
1284, 78
1285, 79
1286, 68
1287, 0
1288, 0
1289, 82
1290, 81
1291, 79
1292, 80
1293, 80
1294, 78
1295, 0
1296, 0
1297, 0
1298, 82
1299, 0
1300, 82
1301, 80
1302, 69
1303, 0
1304, 0
1305, 79
1306, 78
1307, 78
1308, 79
1309, 81
1310, 72
1311, 0
1312, 0
1313, 65
1314, 61
1315, 62
1316, 63
1317, 63
1318, 54
1319, 0
1320, 0
1321, 79
1322, 79
1323, 81
1324, 79
1325, 0
1326, 0
1327, 0
1328, 0
1329, 72
1330, 71
1331, 70
1332, 71
1333, 71
1334, 72
1335, 0
1336, 0
1337, 66
1338, 65
1339, 66
1340, 66
1341, 0
1342, 64
1343, 0
1344, 0
1345, 71
1346, 72
1347, 73
1348, 71
1349, 72
1350, 72
1351, 0
1352, 0
1353, 63
1354, 63
1355, 64
1356, 0
1357, 0
1358, 0
1359, 0
1360, 0
1361, 75
1362, 0
1363, 71
1364, 71
1365, 72
1366, 0
1367, 0
1368, 0
1369, 65
1370, 66
1371, 65
1372, 63
1373, 0
1374, 65
1375, 0
1376, 0
1377, 62
1378, 65
1379, 64
1380, 63
1381, 65
1382, 64
1383, 0
1384, 0
1385, 0
1386, 0
1387, 57
1388, 55
1389, 57
1390, 57
1391, 0
1392, 0
1393, 51
1394, 0
1395, 47
1396, 48
1397, 48
1398, 41
1399, 0
1400, 0
1401, 46
1402, 48
1403, 48
1404, 49
1405, 49
1406, 0
1407, 0
1408, 0
1409, 39
1410, 38
1411, 40
1412, 40
1413, 0
1414, 0
1415, 0
1416, 0
1417, 56
1418, 0
1419, 55
1420, 55
1421, 56
1422, 56
1423, 0
1424, 0
1425, 56
1426, 0
1427, 54
1428, 56
1429, 56
1430, 0
1431, 0
1432, 0
1433, 0
1434, 0
1435, 0
1436, 0
1437, 0
1438, 51
1439, 0
1440, 0
1441, 49
1442, 48
1443, 0
1444, 51
1445, 0
1446, 47
1447, 0
1448, 0
1449, 56
1450, 55
1451, 54
1452, 56
1453, 57
1454, 0
1455, 0
1456, 0
1457, 47
1458, 48
1459, 50
1460, 49
1461, 48
1462, 43
1463, 0
1464, 0
1465, 48
1466, 0
1467, 50
1468, 0
1469, 48
1470, 0
1471, 0
1472, 0
1473, 38
1474, 0
1475, 41
1476, 0
1477, 38
1478, 40
1479, 0
1480, 0
1481, 29
1482, 27
1483, 29
1484, 32
1485, 31
1486, 0
1487, 0
1488, 0
1489, 40
1490, 40
1491, 40
1492, 41
1493, 40
1494, 0
1495, 0
1496, 0
1497, 31
1498, 0
1499, 33
1500, 32
1501, 33
1502, 26
1503, 0
1504, 0
1505, 32
1506, 0
1507, 31
1508, 32
1509, 32
1510, 32
1511, 0
1512, 0
1513, 40
1514, 39
1515, 39
1516, 39
1517, 39
1518, 39
1519, 0
1520, 0
1521, 0
1522, 0
1523, 32
1524, 32
1525, 32
1526, 31
1527, 0
1528, 0
1529, 33
1530, 31
1531, 32
1532, 33
1533, 27
1534, 0
1535, 0
1536, 0
1537, 31
1538, 32
1539, 35
1540, 33
1541, 0
1542, 0
1543, 0
1544, 0
1545, 32
1546, 30
1547, 29
1548, 30
1549, 32
1550, 0
1551, 0
1552, 0
1553, 32
1554, 32
1555, 34
1556, 0
1557, 23
1558, 0
1559, 0
1560, 0
1561, 31
1562, 32
1563, 31
1564, 32
1565, 0
1566, 0
1567, 0
1568, 0
1569, 32
1570, 31
1571, 30
1572, 29
1573, 31
1574, 20
1575, 0
1576, 0
1577, 25
1578, 25
1579, 0
1580, 26
1581, 0
1582, 0
1583, 0
1584, 0
1585, 25
1586, 0
1587, 23
1588, 22
1589, 23
1590, 18
1591, 0
1592, 0
1593, 24
1594, 23
1595, 24
1596, 23
1597, 18
1598, 0
1599, 0
1600, 0
1601, 25
1602, 0
1603, 24
1604, 25
1605, 24
1606, 24
1607, 0
1608, 0
1609, 23
1610, 23
1611, 22
1612, 20
1613, 0
1614, 0
1615, 0
1616, 0
1617, 23
1618, 24
1619, 24
1620, 24
1621, 25
1622, 24
1623, 0
1624, 0
1625, 23
1626, 23
1627, 22
1628, 24
1629, 23
1630, 0
1631, 0
1632, 0
1633, 22
1634, 22
1635, 22
1636, 21
1637, 21
1638, 0
1639, 0
1640, 0
1641, 24
1642, 24
1643, 24
1644, 23
1645, 24
1646, 25
1647, 0
1648, 0
1649, 17
1650, 15
1651, 15
1652, 15
1653, 15
1654, 16
1655, 0
1656, 0
1657, 15
1658, 0
1659, 18
1660, 17
1661, 16
1662, 17
1663, 0
1664, 0
1665, 15
1666, 0
1667, 16
1668, 15
1669, 14
1670, 15
1671, 0
1672, 0
1673, 8
1674, 0
1675, 9
1676, 9
1677, 0
1678, 0
1679, 0
1680, 0
1681, 7
1682, 6
1683, 0
1684, 9
1685, 0
1686, 0
1687, 2
1688, 0
1689, 13
1690, 15
1691, 15
1692, 15
1693, 0
1694, 17
1695, 0
1696, 0
1697, 9
1698, 7
1699, 0
1700, 7
1701, 9
1702, 8
1703, 0
1704, 0
1705, 1
1706, 1
1707, 0
1708, 0
1709, 0
1710, 0
1711, 0
1712, 0
1713, 3
1714, 0
1715, -1
1716, 0
1717, 0
1718, 1
1719, 0
1720, 0
1721, 7
1722, 7
1723, 6
1724, 8
1725, 8
1726, 0
1727, 0
1728, 0
1729, 1
1730, -1
1731, -1
1732, -1
1733, 0
1734, 0
1735, 0
1736, 0
1737, 10
1738, 9
1739, 0
1740, 5
1741, 9
1742, 8
1743, 0
1744, 0
1745, 8
1746, 7
1747, 7
1748, 7
1749, 0
1750, 0
1751, 0
1752, 0
1753, 11
1754, 0
1755, 9
1756, 9
1757, 10
1758, 0
1759, 0
1760, 0
1761, 3
1762, 0
1763, -1
1764, 0
1765, 0
1766, 1
1767, 0
1768, 0
1769, 9
1770, 8
1771, 6
1772, 7
1773, 8
1774, 9
1775, 3
1776, 0
1777, 0
1778, -9
1779, -9
1780, -8
1781, -7
1782, -8
1783, 0
1784, 0
1785, 0
1786, -11
1787, -7
1788, -7
1789, 0
1790, -7
1791, 0
1792, 0
1793, 0
1794, 1
1795, 0
1796, 0
1797, 0
1798, 1
1799, 0
1800, 0
1801, 9
1802, 11
1803, 10
1804, 0
1805, 9
1806, 9
1807, 0
1808, 0
1809, 8
1810, 0
1811, 11
1812, 10
1813, 8
1814, 8
1815, 0
1816, 0
1817, 20
1818, 23
1819, 25
1820, 24
1821, 24
1822, 0
1823, 0
1824, 0
1825, 8
1826, 8
1827, 8
1828, 7
1829, 7
1830, 8
1831, 0
1832, 0
1833, -7
1834, -9
1835, 0
1836, -7
1837, 0
1838, -8
1839, 0
1840, 0
1841, -8
1842, -7
1843, -9
1844, -9
1845, -7
1846, -9
1847, 0
1848, 0
1849, -7
1850, -9
1851, -8
1852, 0
1853, 0
1854, 0
1855, 0
1856, 0
1857, -8
1858, -7
1859, -9
1860, -7
1861, -8
1862, -9
1863, 0
1864, 0
1865, -8
1866, 0
1867, 0
1868, 0
1869, 0
1870, -7
1871, -8
1872, -7
1873, -16
1874, 0
1875, -13
1876, -17
1877, -17
1878, -15
1879, 0
1880, 0
1881, -8
1882, 0
1883, -7
1884, 0
1885, -8
1886, -9
1887, 0
1888, 0
1889, -8
1890, -8
1891, -7
1892, -6
1893, -9
1894, -8
1895, -8
1896, -10
1897, -15
1898, -17
1899, -18
1900, -16
1901, -17
1902, -15
1903, 0
1904, 0
1905, -9
1906, -9
1907, -8
1908, -8
1909, -8
1910, -7
1911, 0
1912, -11
1913, 0
1914, 0
1915, -23
1916, -24
1917, -26
1918, -25
1919, 0
1920, 0
1921, -16
1922, -17
1923, -15
1924, -14
1925, -15
1926, 0
1927, 0
1928, 0
1929, -8
1930, -8
1931, -9
1932, 0
1933, -6
1934, -5
1935, 0
1936, -13
1937, -25
1938, -25
1939, -23
1940, -23
1941, -23
1942, -23
1943, 0
1944, 0
1945, -15
1946, -15
1947, -14
1948, -17
1949, -18
1950, -17
1951, 0
1952, -14
1953, 0
1954, 0
1955, -22
1956, -23
1957, -25
1958, -25
1959, 0
1960, 0
1961, -15
1962, -15
1963, -17
1964, -16
1965, -16
1966, -17
1967, 0
1968, 0
1969, -16
1970, -16
1971, -17
1972, -15
1973, -16
1974, -16
1975, 0
1976, -17
1977, -22
1978, -23
1979, -24
1980, -24
1981, 0
1982, 0
1983, 0
1984, 0
1985, -14
1986, -15
1987, -15
1988, -16
1989, -16
1990, -15
1991, 0
1992, 0
1993, -15
1994, -16
1995, -14
1996, -17
1997, -17
1998, -17
1999, 0
2000, 0
2001, 0
2002, 0
2003, -15
2004, -17
2005, -17
2006, -16
2007, 0
2008, 0
2009, -15
2010, -16
2011, -16
2012, -15
2013, -17
2014, 0
2015, 0
2016, 0
2017, -16
2018, -15
2019, -14
2020, -14
2021, 0
2022, -16
2023, 0
2024, -16
2025, -17
2026, -17
2027, -15
2028, -16
2029, -16
2030, -16
2031, 0
2032, 0
2033, 0
2034, 0
2035, -18
2036, -16
2037, -16
2038, -16
2039, 0
2040, 0
2041, -16
2042, -14
2043, -17
2044, -18
2045, -17
2046, -16
2047, 5
2048, 0
2049, 0
2050, 0
2051, -22
2052, -23
2053, -25
2054, -23
2055, 0
2056, 0
2057, -13
2058, -14
2059, -15
2060, -13
2061, 0
2062, -18
2063, 0
2064, 0
2065, -23
2066, -23
2067, -24
2068, -24
2069, -24
2070, -23
2071, 0
2072, 0
2073, -16
2074, 0
2075, -14
2076, -17
2077, -18
2078, -17
2079, 0
2080, 0
2081, -24
2082, -24
2083, -24
2084, -25
2085, 0
2086, -25
2087, 0
2088, 0
2089, 0
2090, -15
2091, 0
2092, -15
2093, 0
2094, 0
2095, 0
2096, 0
2097, -16
2098, -16
2099, -18
2100, -17
2101, 0
2102, 0
2103, 0
2104, 0
2105, -16
2106, -14
2107, -15
2108, -16
2109, -16
2110, -16
2111, 0
2112, 0
2113, -15
2114, -15
2115, -17
2116, -16
2117, -15
2118, -16
2119, 0
2120, 0
2121, -16
2122, -17
2123, -16
2124, -16
2125, -15
2126, -15
2127, -14
2128, 0
2129, -16
2130, -15
2131, -17
2132, -16
2133, -17
2134, -16
2135, -15
2136, 0
2137, -15
2138, -15
2139, -17
2140, -19
2141, -16
2142, -16
2143, -17
2144, -18
2145, -26
2146, -25
2147, -25
2148, -24
2149, -23
2150, -23
2151, 0
2152, 0
2153, 0
2154, 0
2155, -21
2156, -22
2157, -25
2158, -24
2159, 0
2160, 0
2161, -15
2162, -15
2163, -18
2164, -16
2165, -17
2166, 0
2167, 0
2168, 0
2169, -15
2170, -16
2171, 0
2172, -16
2173, -16
2174, -16
2175, 0
2176, 0
2177, 0
2178, -17
2179, -15
2180, -15
2181, -15
2182, -16
2183, -16
2184, -16
2185, -24
2186, 0
2187, -22
2188, 0
2189, -24
2190, 0
2191, 0
2192, 0
2193, 0
2194, -22
2195, 0
2196, -25
2197, -23
2198, -25
2199, 0
2200, 0
2201, -24
2202, -25
2203, -24
2204, -24
2205, -25
2206, -24
2207, 0
2208, 0
2209, -24
2210, -23
2211, -23
2212, -25
2213, -25
2214, -25
2215, 0
2216, 0
2217, 0
2218, -15
2219, -15
2220, -16
2221, -15
2222, -15
2223, -16
2224, -16
2225, -22
2226, -24
2227, -23
2228, -23
2229, 0
2230, -25
2231, 0
2232, 0
2233, -25
2234, -25
2235, -26
2236, -24
2237, -23
2238, -24
2239, 0
2240, 0
2241, -18
2242, -17
2243, -15
2244, -16
2245, -16
2246, -17
2247, -17
2248, 0
2249, -25
2250, -23
2251, -23
2252, -21
2253, 0
2254, -26
2255, 0
2256, 0
2257, -17
2258, -15
2259, -17
2260, -17
2261, -15
2262, 0
2263, 0
2264, 0
2265, -14
2266, -15
2267, -16
2268, -17
2269, -18
2270, -15
2271, -16
2272, -16
2273, -16
2274, -17
2275, -17
2276, -17
2277, 0
2278, -13
2279, 0
2280, 0
2281, -17
2282, -15
2283, -15
2284, -16
2285, -16
2286, 0
2287, 0
2288, 0
2289, 0
2290, -15
2291, -17
2292, -16
2293, -14
2294, -14
2295, -15
2296, -17
2297, 0
2298, -14
2299, -15
2300, -16
2301, 0
2302, -16
2303, 0
2304, 0
2305, -17
2306, -16
2307, -16
2308, 0
2309, -14
2310, -16
2311, -16
2312, -16
2313, -25
2314, 0
2315, -21
2316, -22
2317, -26
2318, -24
2319, 0
2320, 0
2321, -16
2322, -16
2323, -16
2324, -16
2325, -16
2326, -16
2327, 0
2328, -13
2329, 0
2330, 0
2331, -22
2332, -25
2333, -24
2334, -24
2335, 0
2336, 0
2337, -25
2338, -23
2339, -24
2340, 0
2341, -22
2342, 0
2343, 0
2344, 0
2345, -15
2346, -17
2347, -16
2348, -16
2349, -17
2350, -16
2351, -16
2352, -16
2353, -25
2354, -24
2355, -25
2356, -22
2357, 0
2358, -24
2359, 0
2360, 0
2361, -24
2362, -24
2363, -23
2364, -25
2365, -23
2366, -22
2367, -24
2368, -23
2369, -23
2370, 0
2371, -22
2372, -24
2373, -25
2374, -24
2375, 0
2376, 0
2377, 0
2378, -8
2379, -11
2380, -10
2381, -8
2382, -7
2383, -7
2384, -7
2385, -15
2386, -14
2387, -16
2388, -18
2389, -17
2390, -16
2391, 0
2392, 0
2393, -16
2394, -15
2395, -17
2396, 0
2397, -12
2398, 0
2399, -16
2400, -16
2401, 0
2402, -22
2403, 0
2404, -25
2405, -25
2406, -23
2407, 0
2408, 0
2409, -24
2410, -25
2411, -25
2412, -25
2413, 0
2414, -22
2415, -22
2416, -22
2417, 0
2418, -24
2419, -24
2420, -26
2421, -23
2422, 0
2423, 0
2424, 0
2425, -16
2426, -16
2427, -15
2428, -15
2429, -16
2430, -16
2431, -16
2432, -16
2433, -23
2434, -22
2435, -22
2436, 0
2437, -23
2438, -23
2439, 0
2440, 0
2441, -23
2442, -23
2443, -26
2444, -25
2445, -24
2446, -24
2447, -23
2448, -22
2449, -32
2450, -34
2451, -31
2452, 0
2453, 0
2454, -29
2455, -31
2456, -32
2457, 0
2458, -41
2459, -39
2460, -40
2461, -40
2462, -41
2463, 0
2464, 0
2465, -24
2466, -24
2467, -26
2468, -25
2469, -24
2470, -25
2471, 0
2472, -23
2473, 0
2474, -23
2475, -24
2476, -23
2477, -24
2478, -23
2479, -23
2480, -22
2481, 0
2482, -24
2483, -24
2484, -23
2485, -23
2486, -23
2487, -24
2488, -25
2489, -31
2490, -33
2491, -34
2492, -33
2493, -34
2494, 0
2495, -30
2496, -31
2497, 0
2498, -31
2499, -31
2500, -31
2501, -32
2502, -33
2503, 0
2504, 0
2505, -24
2506, -26
2507, -25
2508, -25
2509, -24
2510, -23
2511, 0
2512, 0
2513, -16
2514, -15
2515, -14
2516, -17
2517, -17
2518, -16
2519, -16
2520, -16
2521, -24
2522, -25
2523, -24
2524, -25
2525, -23
2526, -22
2527, -23
2528, -25
2529, -32
2530, -33
2531, -31
2532, -32
2533, -33
2534, 0
2535, -32
2536, -31
2537, -31
2538, -32
2539, 0
2540, -29
2541, -29
2542, 0
2543, 0
2544, 0
2545, -24
2546, -27
2547, -24
2548, -23
2549, -23
2550, -25
2551, 0
2552, -23
2553, 0
2554, 0
2555, 0
2556, -21
2557, 0
2558, -24
2559, 0
2560, -24
2561, -23
2562, -23
2563, -24
2564, -24
2565, -24
2566, -25
2567, -24
2568, 0
2569, -24
2570, -24
2571, 0
2572, -23
2573, -23
2574, -23
2575, -24
2576, -24
2577, -24
2578, -24
2579, -23
2580, -23
2581, -24
2582, -24
2583, -22
2584, 0
2585, -23
2586, -24
2587, -26
2588, 0
2589, -22
2590, 0
2591, -25
2592, -24
2593, -31
2594, -31
2595, -31
2596, -32
2597, -31
2598, -32
2599, -33
2600, -31
2601, -32
2602, -33
2603, 0
2604, -30
2605, -31
2606, -31
2607, -32
2608, -24
2609, -24
2610, -25
2611, -23
2612, -23
2613, -24
2614, -24
2615, 0
2616, -21
2617, 0
2618, -26
2619, -24
2620, -24
2621, -25
2622, -23
2623, -24
2624, -24
2625, -24
2626, -25
2627, -24
2628, -24
2629, -25
2630, -25
2631, 0
2632, -23
2633, 0
2634, -40
2635, -41
2636, -39
2637, -40
2638, -40
2639, -39
2640, -41
2641, -39
2642, -38
2643, -40
2644, -39
2645, -39
2646, -40
2647, -41
2648, -41
2649, -40
2650, -41
2651, -41
2652, -40
2653, -41
2654, -39
2655, 0
2656, 0
2657, -32
2658, -32
2659, -33
2660, -32
2661, -33
2662, -33
2663, -32
2664, -33
2665, -32
2666, -31
2667, -33
2668, -33
2669, -31
2670, -32
2671, 0
2672, 0
2673, -23
2674, -24
2675, -24
2676, -26
2677, 0
2678, -22
2679, -25
2680, -25
2681, -32
2682, 0
2683, -29
2684, -31
2685, -32
2686, -31
2687, 0
2688, 0
2689, -23
2690, -23
2691, -21
2692, 0
2693, -22
2694, 0
2695, -24
2696, -24
2697, 0
2698, -20
2699, -22
2700, 0
2701, -25
2702, -24
2703, -23
2704, -24
2705, 0
2706, -32
2707, -30
2708, -30
2709, -32
2710, -32
2711, -32
2712, -33
2713, -32
2714, -32
2715, 0
2716, -31
2717, -33
2718, -31
2719, -31
2720, -32
2721, -30
2722, 0
2723, 0
2724, -31
2725, 0
2726, -31
2727, -32
2728, 0
2729, 0
2730, -30
2731, 0
2732, -34
2733, -33
2734, -32
2735, 0
2736, 0
2737, -25
2738, -24
2739, -23
2740, -25
2741, -25
2742, -24
2743, 0
2744, -22
2745, 0
2746, -24
2747, -24
2748, -26
2749, 0
2750, -21
2751, -24
2752, 0
2753, -23
2754, 0
2755, -24
2756, -24
2757, -24
2758, -24
2759, 0
2760, -24
2761, -24
2762, -24
2763, -25
2764, -26
2765, -23
2766, -24
2767, 0
2768, -21
2769, 0
2770, -32
2771, -31
2772, -33
2773, -34
2774, -32
2775, 0
2776, 0
2777, 0
2778, 0
2779, -32
2780, -33
2781, -32
2782, -32
2783, -31
2784, -31
2785, -32
2786, -32
2787, -31
2788, -33
2789, -32
2790, -32
2791, 0
2792, -30
2793, 0
2794, -32
2795, -31
2796, -33
2797, -34
2798, -32
2799, 0
2800, 0
2801, 0
2802, 0
2803, -32
2804, -33
2805, -32
2806, -32
2807, -32
2808, -31
2809, -33
2810, -32
2811, -31
2812, -33
2813, -33
2814, -32
2815, 0
2816, -31
2817, 0
2818, -32
2819, -31
2820, -33
2821, -34
2822, -32
2823, 0
2824, 0
2825, 0
2826, 0
2827, -32
2828, -33
2829, -32
2830, -32
2831, -31
2832, -31
2833, -32
2834, -32
2835, -31
2836, -33
2837, -32
2838, -32
2839, 0
2840, -29
2841, 0
2842, -33
2843, -32
2844, -33
2845, -33
2846, -32
2847, 0
2848, 0
2849, 0
2850, 0
2851, -31
2852, -34
2853, -33
2854, -33
2855, -32
2856, -34
2857, -34
2858, -31
2859, -32
2860, -34
2861, -32
2862, -31
2863, 0
2864, -29
2865, -31
2866, 0
2867, 0
2868, -30
2869, 0
2870, -32
2871, -31
2872, -26
2873, -24
2874, -24
2875, -24
2876, -23
2877, -23
2878, -25
2879, -24
2880, -23
2881, -23
2882, -24
2883, -23
2884, -23
2885, -25
2886, -24
2887, 0
2888, -24
2889, -24
2890, 0
2891, 0
2892, -23
2893, 0
2894, -24
2895, -23
2896, 0
2897, 0
2898, -32
2899, -31
2900, -33
2901, -30
2902, 0
2903, -35
2904, -31
2905, -32
2906, -31
2907, -33
2908, -32
2909, -31
2910, -32
2911, -32
2912, -31
2913, -32
2914, 0
2915, -31
2916, 0
2917, -33
2918, -31
2919, -31
2920, -31
2921, -31
2922, -34
2923, -33
2924, -31
2925, -30
2926, -32
2927, -34
2928, -32
2929, -33
2930, -30
2931, -31
2932, -31
2933, -32
2934, -32
2935, -33
2936, -33
2937, -32
2938, -31
2939, -32
2940, -31
2941, -30
2942, -30
2943, 0
2944, -30
2945, -30
2946, -32
2947, -32
2948, -32
2949, -31
2950, -33
2951, -33
2952, -32
2953, -33
2954, -32
2955, -32
2956, -33
2957, -30
2958, -33
2959, -32
2960, -31
2961, -32
2962, -32
2963, -32
2964, -32
2965, -32
2966, -31
2967, -31
2968, 0
2969, 0
2970, -31
2971, -32
2972, -33
2973, -34
2974, -32
2975, -32
2976, 0
2977, 0
2978, -31
2979, -31
2980, -32
2981, -32
2982, -30
2983, -31
2984, -33
2985, -32
2986, -33
2987, -33
2988, -34
2989, -32
2990, -32
2991, -32
2992, -33
2993, -33
2994, -33
2995, -35
2996, -33
2997, -32
2998, -32
2999, -32
3000, -32
3001, -30
3002, -29
3003, -30
3004, -31
3005, -32
3006, -32
3007, -32
3008, -32
3009, -33
3010, -32
3011, -32
3012, -32
3013, -33
3014, -33
3015, -34
3016, -32
3017, -31
3018, -32
3019, 0
3020, -28
3021, 0
3022, -30
3023, -32
3024, -31
3025, -34
3026, 0
3027, -30
3028, -32
3029, -33
3030, -32
3031, -33
3032, -34
3033, -33
3034, -32
3035, -30
3036, -31
3037, -31
3038, -30
3039, -32
3040, -22
3041, -17
3042, -17
3043, -16
3044, -15
3045, -16
3046, -16
3047, -17
3048, 0
3049, 0
3050, 0
3051, 0
3052, -24
3053, -23
3054, -23
3055, -24
3056, 0
3057, 0
3058, -34
3059, -33
3060, -34
3061, -33
3062, -32
3063, -33
3064, 0
3065, -30
3066, -31
3067, -34
3068, -33
3069, -31
3070, 0
3071, -30
3072, 0
3073, -35
3074, -33
3075, -33
3076, -31
3077, -32
3078, -33
3079, -33
3080, -33
3081, -31
3082, -31
3083, -32
3084, -31
3085, -32
3086, -32
3087, -33
3088, -32
3089, -33
3090, -33
3091, -33
3092, 0
3093, -30
3094, 0
3095, -32
3096, -18
3097, -17
3098, -16
3099, -16
3100, -16
3101, -14
3102, 0
3103, -17
3104, 0
3105, 0
3106, -23
3107, -25
3108, -24
3109, -26
3110, 0
3111, -23
3112, 0
3113, 0
3114, -32
3115, -32
3116, -31
3117, -32
3118, -33
3119, -32
3120, -31
3121, -30
3122, -32
3123, -34
3124, -31
3125, -32
3126, -33
3127, -32
3128, -32
3129, -32
3130, -32
3131, -33
3132, -30
3133, -31
3134, -33
3135, -33
3136, -28
3137, -24
3138, -24
3139, -24
3140, -24
3141, -23
3142, -24
3143, -25
3144, -18
3145, -18
3146, -16
3147, -16
3148, -16
3149, -17
3150, -18
3151, -16
3152, 0
3153, 0
3154, -23
3155, 0
3156, -24
3157, -24
3158, -24
3159, -24
3160, 0
3161, -32
3162, -32
3163, -34
3164, -32
3165, -31
3166, -32
3167, -32
3168, -32
3169, -31
3170, -32
3171, -32
3172, -33
3173, -33
3174, -32
3175, -33
3176, -20
3177, -18
3178, -17
3179, -17
3180, -17
3181, -17
3182, -16
3183, -17
3184, 0
3185, 0
3186, -22
3187, -23
3188, -24
3189, -23
3190, 0
3191, -25
3192, 0
3193, 0
3194, -31
3195, -33
3196, -31
3197, -31
3198, -34
3199, 0
3200, -29
3201, -30
3202, 0
3203, -28
3204, 0
3205, -30
3206, 0
3207, -33
3208, -18
3209, -17
3210, -16
3211, -15
3212, -14
3213, -13
3214, 0
3215, -17
3216, -16
3217, -16
3218, -16
3219, -18
3220, -14
3221, -16
3222, -17
3223, -18
3224, 0
3225, 0
3226, 0
3227, -32
3228, 0
3229, -33
3230, -33
3231, -33
3232, -35
3233, -32
3234, -32
3235, -32
3236, -31
3237, -33
3238, -32
3239, -33
3240, 0
3241, 0
3242, -23
3243, -24
3244, -25
3245, -26
3246, -24
3247, -22
3248, -23
3249, -22
3250, 0
3251, -25
3252, 0
3253, -21
3254, 0
3255, -26
3256, 0
3257, 0
3258, -30
3259, -32
3260, -34
3261, -30
3262, -32
3263, 0
3264, -31
3265, -32
3266, -32
3267, -33
3268, -31
3269, -32
3270, -32
3271, -31
3272, 0
3273, 0
3274, -25
3275, -25
3276, -23
3277, -24
3278, -25
3279, -24
3280, -27
3281, -25
3282, -23
3283, -23
3284, -24
3285, -25
3286, -25
3287, -24
3288, 0
3289, 0
3290, -40
3291, 0
3292, -37
3293, -41
3294, -40
3295, 0
3296, 0
3297, 0
3298, -31
3299, 0
3300, -32
3301, -32
3302, -31
3303, -31
3304, -24
3305, -22
3306, -22
3307, -22
3308, 0
3309, 0
3310, 0
3311, 0
3312, 0
3313, 0
3314, -31
3315, -30
3316, -31
3317, -31
3318, -31
3319, -32
3320, -32
3321, -33
3322, -31
3323, -32
3324, -31
3325, -31
3326, -33
3327, -32
3328, -24
3329, -24
3330, -25
3331, -25
3332, -24
3333, -22
3334, -24
3335, -25
3336, 0
3337, 0
3338, -32
3339, -32
3340, -32
3341, -32
3342, -32
3343, -33
3344, 0
3345, 0
3346, 0
3347, -35
3348, -31
3349, -31
3350, -30
3351, -31
3352, -24
3353, -23
3354, -23
3355, -24
3356, -25
3357, -25
3358, -24
3359, -24
3360, -24
3361, -26
3362, 0
3363, -23
3364, 0
3365, -24
3366, -24
3367, -23
3368, 0
3369, 0
3370, 0
3371, -32
3372, -31
3373, -31
3374, -31
3375, -31
3376, -23
3377, -23
3378, -23
3379, -23
3380, -25
3381, -25
3382, -24
3383, -23
3384, -24
3385, -25
3386, -26
3387, -24
3388, -25
3389, -25
3390, -25
3391, -24
3392, 0
3393, -16
3394, -16
3395, -16
3396, -16
3397, -18
3398, -17
3399, -16
3400, 0
3401, -23
3402, -21
3403, -23
3404, -24
3405, -23
3406, -24
3407, 0
3408, 0
3409, 0
3410, 0
3411, 0
3412, -24
3413, -23
3414, -22
3415, 0
3416, -15
3417, 0
3418, 0
3419, -17
3420, 0
3421, -16
3422, -16
3423, -15
3424, -16
3425, -15
3426, -16
3427, -17
3428, -17
3429, -17
3430, -16
3431, -16
3432, 0
3433, 0
3434, 0
3435, -24
3436, -25
3437, 0
3438, -22
3439, 0
3440, 0
3441, -14
3442, -15
3443, -15
3444, -18
3445, -17
3446, -16
3447, -18
3448, 0
3449, 0
3450, -32
3451, -33
3452, -33
3453, -32
3454, -31
3455, -31
3456, 0
3457, -16
3458, 0
3459, -16
3460, -15
3461, -16
3462, -15
3463, -16
3464, 0
3465, 0
3466, -25
3467, -24
3468, -24
3469, -25
3470, -23
3471, -24
3472, 0
3473, 0
3474, -16
3475, 0
3476, -15
3477, -16
3478, -16
3479, -16
3480, -18
3481, -14
3482, -16
3483, -18
3484, -20
3485, -17
3486, -16
3487, -15
3488, 0
3489, 0
3490, -24
3491, -24
3492, -23
3493, -25
3494, -23
3495, -24
3496, -17
3497, -16
3498, -16
3499, -15
3500, 0
3501, -15
3502, -16
3503, -17
3504, 0
3505, 0
3506, -14
3507, -15
3508, -16
3509, -17
3510, -16
3511, -15
3512, 0
3513, 0
3514, -16
3515, -14
3516, 0
3517, -14
3518, 0
3519, -15
3520, -15
3521, -15
3522, 0
3523, -15
3524, -16
3525, -17
3526, -17
3527, -17
3528, 0
3529, 0
3530, -15
3531, 0
3532, -15
3533, 0
3534, -16
3535, -16
3536, 0
3537, 0
3538, -23
3539, -23
3540, -22
3541, -26
3542, -25
3543, -23
3544, 0
3545, 0
3546, -25
3547, -24
3548, -23
3549, -24
3550, -24
3551, -25
3552, 0
3553, 0
3554, 0
3555, -25
3556, -23
3557, 0
3558, -22
3559, 0
3560, 0
3561, 0
3562, -24
3563, -24
3564, -25
3565, -23
3566, -22
3567, -27
3568, 0
3569, 0
3570, -24
3571, -25
3572, -25
3573, -24
3574, 0
3575, -20
3576, 0
3577, 0
3578, -14
3579, -13
3580, 0
3581, -18
3582, 0
3583, -13
3584, 0
3585, 0
3586, -24
3587, 0
3588, -22
3589, 0
3590, -24
3591, 0
3592, 0
3593, -15
3594, -18
3595, 0
3596, 0
3597, -18
3598, -14
3599, -17
3600, 0
3601, 0
3602, -33
3603, -32
3604, -31
3605, 0
3606, 0
3607, 0
3608, 0
3609, 0
3610, -16
3611, -18
3612, 0
3613, -15
3614, -17
3615, -15
3616, 0
3617, 0
3618, 0
3619, -13
3620, 0
3621, -16
3622, -17
3623, -15
3624, 0
3625, -17
3626, -15
3627, -16
3628, -17
3629, -17
3630, -17
3631, -16
3632, 0
3633, 0
3634, 0
3635, -24
3636, -24
3637, -25
3638, 0
3639, -21
3640, 0
3641, 0
3642, -24
3643, -25
3644, -25
3645, 0
3646, -21
3647, -24
3648, 0
3649, 0
3650, 0
3651, 0
3652, -18
3653, -17
3654, -18
3655, -19
3656, 0
3657, 0
3658, 0
3659, -17
3660, -16
3661, -17
3662, -16
3663, -15
3664, 0
3665, 0
3666, 0
3667, 0
3668, 0
3669, -14
3670, 0
3671, -17
3672, 0
3673, 0
3674, -24
3675, -24
3676, -24
3677, -21
3678, 0
3679, -28
3680, -17
3681, -18
3682, -16
3683, -16
3684, -15
3685, -15
3686, -18
3687, -17
3688, 0
3689, 0
3690, -14
3691, -17
3692, -16
3693, -16
3694, 0
3695, -12
3696, -5
3697, 0
3698, -9
3699, 0
3700, -7
3701, 0
3702, -7
3703, -10
3704, 0
3705, 0
3706, -15
3707, -15
3708, 0
3709, -14
3710, 0
3711, -15
3712, 0
3713, 0
3714, -16
3715, 0
3716, -13
3717, -13
3718, -15
3719, -15
3720, 0
3721, 0
3722, -8
3723, -7
3724, -8
3725, -9
3726, -7
3727, -9
3728, 0
3729, 0
3730, 0
3731, -17
3732, -16
3733, -16
3734, -17
3735, -15
3736, -13
3737, -8
3738, -8
3739, -9
3740, -8
3741, -6
3742, -8
3743, -10
3744, 0
3745, 0
3746, 0
3747, -15
3748, -16
3749, 0
3750, 0
3751, 0
3752, 0
3753, 0
3754, -15
3755, 0
3756, 0
3757, 0
3758, -16
3759, -15
3760, -8
3761, 0
3762, 0
3763, 0
3764, 0
3765, 0
3766, -8
3767, -7
3768, 0
3769, 0
3770, 0
3771, 0
3772, -1
3773, -1
3774, 0
3775, -1
3776, 0
3777, 2
3778, 9
3779, 9
3780, 7
3781, 0
3782, 0
3783, 0
3784, 0
3785, 0
3786, 0
3787, 0
3788, 1
3789, 0
3790, 0
3791, 1
3792, 0
3793, 0
3794, -5
3795, 1
3796, -1
3797, 0
3798, 3
3799, 2
3800, 0
3801, 0
3802, 0
3803, 0
3804, 0
3805, 1
3806, 0
3807, 0
3808, 2
3809, 3
3810, 9
3811, 8
3812, 9
3813, 8
3814, 6
3815, 8
3816, 0
3817, 0
3818, 0
3819, 0
3820, 0
3821, 0
3822, 0
3823, 0
3824, 0
3825, 0
3826, 0
3827, -1
3828, 0
3829, 1
3830, -1
3831, 0
3832, 0
3833, 0
3834, 8
3835, 8
3836, 7
3837, 8
3838, 8
3839, 9
3840, 0
3841, 0
3842, 7
3843, 9
3844, 6
3845, 7
3846, 8
3847, 7
3848, 0
3849, 0
3850, -2
3851, 0
3852, 0
3853, 0
3854, -1
3855, 1
3856, 0
3857, 0
3858, 0
3859, 0
3860, 0
3861, 0
3862, -1
3863, 0
3864, 4
3865, 0
3866, 8
3867, 9
3868, 8
3869, 7
3870, 8
3871, 5
3872, 0
3873, 3
3874, 8
3875, 8
3876, 8
3877, 9
3878, 9
3879, 7
3880, 0
3881, 0
3882, -1
3883, 0
3884, 1
3885, 1
3886, -2
3887, -2
3888, 0
3889, 0
3890, 8
3891, 8
3892, 8
3893, 8
3894, 5
3895, 5
3896, 0
3897, 0
3898, 7
3899, 9
3900, 9
3901, 0
3902, 7
3903, 8
3904, 0
3905, 4
3906, 0
3907, 4
3908, 5
3909, 6
3910, 8
3911, 8
3912, 0
3913, 6
3914, 0
3915, 18
3916, 15
3917, 16
3918, 16
3919, 16
3920, 0
3921, 0
3922, 13
3923, 15
3924, 16
3925, 15
3926, 15
3927, 16
3928, 0
3929, 0
3930, 0
3931, 15
3932, 0
3933, 17
3934, 0
3935, 13
3936, 0
3937, 0
3938, 16
3939, 0
3940, 19
3941, 18
3942, 17
3943, 15
3944, 0
3945, 0
3946, 0
3947, 9
3948, 7
3949, 5
3950, 7
3951, 8
3952, 0
3953, 0
3954, 16
3955, 16
3956, 15
3957, 16
3958, 0
3959, 19
3960, 0
3961, 0
3962, 16
3963, 17
3964, 16
3965, 16
3966, 0
3967, 16
3968, 0
3969, 0
3970, 16
3971, 17
3972, 15
3973, 16
3974, 0
3975, 16
3976, 0
3977, 0
3978, 16
3979, 16
3980, 17
3981, 17
3982, 0
3983, 14
3984, 0
3985, 0
3986, 16
3987, 14
3988, 16
3989, 17
3990, 0
3991, 0
3992, 0
3993, 0
3994, 19
3995, 25
3996, 23
3997, 23
3998, 23
3999, 24
4000, 0
4001, 0
4002, 23
4003, 25
4004, 26
4005, 25
4006, 24
4007, 23
4008, 0
4009, 0
4010, 6
4011, 17
4012, 18
4013, 0
4014, 0
4015, 17
4016, 0
4017, 0
4018, 23
4019, 23
4020, 24
4021, 24
4022, 25
4023, 24
4024, 0
4025, 0
4026, 0
4027, 25
4028, 0
4029, 22
4030, 23
4031, 24
4032, 0
4033, 0
4034, 0
4035, 25
4036, 24
4037, 25
4038, 24
4039, 25
4040, 0
4041, 0
4042, 0
4043, 24
4044, 25
4045, 27
4046, 25
4047, 23
4048, 0
4049, 0
4050, 0
4051, 26
4052, 0
4053, 0
4054, 24
4055, 0
4056, 0
4057, 0
4058, 24
4059, 24
4060, 23
4061, 26
4062, 26
4063, 24
4064, 0
4065, 0
4066, 0
4067, 0
4068, 24
4069, 25
4070, 24
4071, 24
4072, 0
4073, 0
4074, 25
4075, 23
4076, 0
4077, 25
4078, 0
4079, 23
4080, 0
4081, 0
4082, 16
4083, 24
4084, 26
4085, 23
4086, 24
4087, 25
4088, 0
4089, 0
4090, 34
4091, 0
4092, 32
4093, 33
4094, 33
4095, 34
4096, 0
4097, 0
4098, 0
4099, 32
4100, 31
4101, 0
4102, 35
4103, 0
4104, 0
4105, 0
4106, 31
4107, 31
4108, 30
4109, 31
4110, 31
4111, 30
4112, 0
4113, 0
4114, 26
4115, 32
4116, 32
4117, 33
4118, 30
4119, 31
4120, 0
4121, 0
4122, 24
4123, 24
4124, 25
4125, 22
4126, 22
4127, 24
4128, 0
4129, 0
4130, 25
4131, 25
4132, 24
4133, 26
4134, 0
4135, 22
4136, 0
4137, 0
4138, 23
4139, 23
4140, 24
4141, 26
4142, 0
4143, 25
4144, 0
4145, 0
4146, 0
4147, 32
4148, 33
4149, 34
4150, 0
4151, 31
4152, 0
4153, 0
4154, 24
4155, 24
4156, 24
4157, 24
4158, 24
4159, 25
4160, 0
4161, 0
4162, 17
4163, 25
4164, 26
4165, 26
4166, 0
4167, 24
4168, 0
4169, 0
4170, 29
4171, 48
4172, 0
4173, 49
4174, 0
4175, 48
4176, 0
4177, 0
4178, 0
4179, 49
4180, 49
4181, 49
4182, 0
4183, 48
4184, 0
4185, 0
4186, 0
4187, 34
4188, 40
4189, 38
4190, 39
4191, 40
4192, 0
4193, 0
4194, 40
4195, 40
4196, 42
4197, 42
4198, 0
4199, 41
4200, 0
4201, 0
4202, 0
4203, 55
4204, 54
4205, 55
4206, 57
4207, 55
4208, 0
4209, 0
4210, 0
4211, 47
4212, 47
4213, 47
4214, 46
4215, 49
4216, 0
4217, 0
4218, 56
4219, 57
4220, 56
4221, 53
4222, 54
4223, 56
4224, 0
4225, 0
4226, 49
4227, 47
4228, 49
4229, 50
4230, 46
4231, 46
4232, 0
4233, 0
4234, 0
4235, 51
4236, 0
4237, 0
4238, 47
4239, 46
4240, 0
4241, 0
4242, 45
4243, 56
4244, 55
4245, 54
4246, 56
4247, 56
4248, 0
4249, 0
4250, 45
4251, 47
4252, 49
4253, 48
4254, 48
4255, 49
4256, 0
4257, 0
4258, 0
4259, 0
4260, 56
4261, 55
4262, 56
4263, 57
4264, 0
4265, 0
4266, 46
4267, 47
4268, 49
4269, 50
4270, 0
4271, 48
4272, 0
4273, 0
4274, 46
4275, 47
4276, 54
4277, 56
4278, 58
4279, 58
4280, 0
4281, 0
4282, 0
4283, 88
4284, 88
4285, 87
4286, 0
4287, 75
4288, 0
4289, 0
4290, 0
4291, 64
4292, 62
4293, 62
4294, 0
4295, 67
4296, 0
4297, 0
4298, 0
4299, 0
4300, 67
4301, 0
4302, 63
4303, 64
4304, 0
4305, 0
4306, 65
4307, 64
4308, 65
4309, 66
4310, 0
4311, 62
4312, 0
4313, 0
4314, 58
4315, 60
4316, 63
4317, 64
4318, 64
4319, 64
4320, 0
4321, 0
4322, 63
4323, 65
4324, 62
4325, 60
4326, 62
4327, 63
4328, 0
4329, 0
4330, 62
4331, 73
4332, 73
4333, 72
4334, 71
4335, 72
4336, 0
4337, 0
4338, 0
4339, 81
4340, 0
4341, 80
4342, 80
4343, 79
4344, 0
4345, 0
4346, 0
4347, 73
4348, 71
4349, 71
4350, 72
4351, 73
4352, 0
4353, 0
4354, 48
4355, 47
4356, 48
4357, 49
4358, 48
4359, 47
4360, 0
4361, 0
4362, 0
4363, 45
4364, 47
4365, 48
4366, 47
4367, 49
4368, 0
4369, 0
4370, 36
4371, 47
4372, 47
4373, 50
4374, 0
4375, 48
4376, 0
4377, 0
4378, 67
4379, 69
4380, 70
4381, 72
4382, 0
4383, 71
4384, 0
4385, 0
4386, 0
4387, 97
4388, 95
4389, 95
4390, 97
4391, 96
4392, 0
4393, 0
4394, 0
4395, 0
4396, 137
4397, 137
4398, 138
4399, 136
4400, 0
4401, 0
4402, 0
4403, 135
4404, 136
4405, 136
4406, 0
4407, 136
4408, 0
4409, 0
4410, 0
4411, 120
4412, 0
4413, 118
4414, 121
4415, 120
4416, 0
4417, 0
4418, 0
4419, 88
4420, 88
4421, 90
4422, 0
4423, 84
4424, 0
4425, 0
4426, 80
4427, 80
4428, 81
4429, 82
4430, 0
4431, 81
4432, 0
4433, 0
4434, 0
4435, 82
4436, 97
4437, 96
4438, 96
4439, 96
4440, 0
4441, 0
4442, 0
4443, 112
4444, 113
4445, 112
4446, 110
4447, 111
4448, 0
4449, 0
4450, 0
4451, 111
4452, 112
4453, 114
4454, 0
4455, 112
4456, 0
4457, 0
4458, 0
4459, 0
4460, 120
4461, 120
4462, 120
4463, 119
4464, 0
4465, 0
4466, 0
4467, 130
4468, 0
4469, 0
4470, 129
4471, 130
4472, 0
4473, 0
4474, 0
4475, 89
4476, 98
4477, 110
4478, 111
4479, 111
4480, 0
4481, 0
4482, 0
4483, 0
4484, 120
4485, 121
4486, 0
4487, 120
4488, 0
4489, 0
4490, 0
4491, 120
4492, 119
4493, 118
4494, 119
4495, 120
4496, 0
4497, 0
4498, 118
4499, 117
4500, 119
4501, 118
4502, 116
4503, 117
4504, 0
4505, 0
4506, 0
4507, 96
4508, 96
4509, 96
4510, 97
4511, 96
4512, 0
4513, 0
4514, 0
4515, 0
4516, 161
4517, 163
4518, 0
4519, 160
4520, 0
4521, 0
4522, 137
4523, 167
4524, 167
4525, 167
4526, 168
4527, 168
4528, 0
4529, 0
4530, 0
4531, 247
4532, 247
4533, 248
4534, 247
4535, 248
4536, 0
4537, 0
4538, 0
4539, 297
4540, 295
4541, 295
4542, 295
4543, 295
4544, 0
4545, 0
4546, 0
4547, 350
4548, 352
4549, 394
4550, 0
4551, 447
4552, 0
4553, 0
4554, 0
