0, 0
1, 0
2, 0
3, 0
4, 0
5, 0
6, 0
7, 0
8, 0
9, 0
10, 0
11, 0
12, 0
13, 0
14, 0
15, 0
16, 0
17, 0
18, 0
19, 0
20, 0
21, 0
22, 0
23, 0
24, 0
25, 0
26, 0
27, 0
28, 0
29, 0
30, 0
31, 0
32, 0
33, 0
34, 0
35, 0
36, 0
37, 0
38, 0
39, 0
40, 0
41, 0
42, 0
43, 0
44, 0
45, 0
46, 0
47, 0
48, 0
49, 0
50, 0
51, 0
52, 0
53, 0
54, 0
55, 0
56, 0
57, 0
58, 0
59, 0
60, 0
61, 0
62, 0
63, 0
64, 0
65, 0
66, 0
67, 0
68, 0
69, 0
70, 0
71, 0
72, 0
73, 0
74, 0
75, 0
76, 0
77, 0
78, 0
79, 0
80, 0
81, 0
82, 0
83, 0
84, 0
85, 0
86, 0
87, 0
88, 0
89, 0
90, 0
91, 0
92, 0
93, 0
94, 0
95, 0
96, 0
97, 0
98, 0
99, 0
100, 0
101, 0
102, 0
103, 0
104, 0
105, 0
106, 0
107, 0
108, 0
109, 0
110, 0
111, 0
112, 0
113, 0
114, 0
115, 0
116, 0
117, 0
118, 0
119, 0
120, 0
121, 0
122, 0
123, 0
124, 0
125, 0
126, 0
127, 0
128, 0
129, 0
130, 0
131, 0
132, 0
133, 0
134, 0
135, 0
136, 0
137, 0
138, 0
139, 0
140, 0
141, 0
142, 0
143, 0
144, 0
145, 0
146, 0
147, 0
148, 0
149, 0
150, 0
151, 0
152, 0
153, 0
154, 0
155, 0
156, 0
157, 0
158, 0
159, 0
160, 0
161, 0
162, 0
163, 0
164, 0
165, 0
166, 0
167, 0
168, 0
169, 0
170, 0
171, 0
172, 0
173, 0
174, 0
175, 0
176, 0
177, 0
178, 0
179, 0
180, 0
181, 0
182, 0
183, 0
184, 0
185, 0
186, 0
187, 0
188, 0
189, 0
190, 0
191, 0
192, 0
193, 0
194, 0
195, 0
196, 0
197, 0
198, 0
199, 0
200, 0
201, 0
202, 0
203, 0
204, 0
205, 0
206, 0
207, 0
208, 0
209, 0
210, 0
211, 0
212, 0
213, 0
214, 0
215, 0
216, 0
217, 0
218, 0
219, 0
220, 0
221, 0
222, 0
223, 0
224, 0
225, 0
226, 0
227, 0
228, 0
229, 0
230, 0
231, 0
232, 0
233, 0
234, 0
235, 0
236, 0
237, 0
238, 0
239, 0
240, 0
241, 0
242, 0
243, 0
244, 0
245, 0
246, 0
247, 0
248, 0
249, 0
250, 0
251, 0
252, 0
253, 0
254, 0
255, 0
256, 0
257, 0
258, 0
259, 0
260, 0
261, 0
262, 0
263, 0
264, 0
265, 0
266, 0
267, 0
268, 0
269, 0
270, 0
271, 0
272, 0
273, 0
274, 0
275, 0
276, 0
277, 0
278, 0
279, 0
280, 0
281, 0
282, 0
283, 0
284, 0
285, 0
286, 0
287, 0
288, 0
289, 0
290, 0
291, 0
292, 0
293, 0
294, 0
295, 0
296, 0
297, 0
298, 0
299, 0
300, 0
301, 0
302, 0
303, 0
304, 0
305, 0
306, 0
307, 0
308, 0
309, 0
310, 0
311, 0
312, 0
313, 0
314, 0
315, 0
316, 0
317, 0
318, 0
319, 0
320, 0
321, 0
322, 0
323, 0
324, 0
325, 0
326, 0
327, 0
328, 0
329, 0
330, 0
331, 0
332, 0
333, 0
334, 0
335, 0
336, 0
337, 0
338, 0
339, 0
340, 0
341, 0
342, 0
343, 0
344, 0
345, 0
346, 0
347, 0
348, 0
349, 0
350, 0
351, 0
352, 0
353, 0
354, 0
355, 0
356, 0
357, 0
358, 0
359, 0
360, 0
361, 0
362, 0
363, 0
364, 0
365, 0
366, 0
367, 0
368, 0
369, 0
370, 0
371, 0
372, 0
373, 0
374, 0
375, 0
376, 0
377, 0
378, 0
379, 0
380, 0
381, 0
382, 0
383, 0
384, 0
385, 0
386, 0
387, 0
388, 0
389, 0
390, 0
391, 0
392, 0
393, 0
394, 0
395, 0
396, 0
397, 0
398, 0
399, 0
400, 0
401, 0
402, 0
403, 0
404, 0
405, 0
406, 0
407, 0
408, 0
409, 0
410, 0
411, 0
412, 0
413, 0
414, 0
415, 0
416, 0
417, 0
418, 0
419, 0
420, 0
421, 0
422, 0
423, 0
424, 0
425, 0
426, 0
427, 0
428, 0
429, 0
430, 0
431, 0
432, 0
433, 0
434, 0
435, 0
436, 0
437, 0
438, 0
439, 0
440, 0
441, 0
442, 0
443, 0
444, 0
445, 0
446, 0
447, 0
448, 0
449, 0
450, 0
451, 0
452, 0
453, 0
454, 0
455, 0
456, 0
457, 0
458, 0
459, 0
460, 0
461, 0
462, 0
463, 0
464, 0
465, 0
466, 0
467, 0
468, 0
469, 0
470, 0
471, 0
472, 0
473, 0
474, 0
475, 0
476, 0
477, 0
478, 0
479, 0
480, 0
481, 0
482, 0
483, 0
484, 0
485, 0
486, 0
487, 0
488, 0
489, 0
490, 0
491, 0
492, 0
493, 0
494, 0
495, 0
496, 0
497, 0
498, 0
499, 0
500, 0
501, 0
502, 0
503, 0
504, 0
505, 0
506, 0
507, 0
508, 0
509, 0
510, 0
511, 0
512, 0
513, 0
514, 0
515, 0
516, 0
517, 0
518, 0
519, 0
520, 0
521, 0
522, 0
523, 0
524, 0
525, 0
526, 0
527, 0
528, 0
529, 0
530, 0
531, 0
532, 0
533, 0
534, 0
535, 0
536, 0
537, 0
538, 0
539, 0
540, 0
541, 0
542, 0
543, 0
544, 0
545, 0
546, 0
547, 0
548, 0
549, 0
550, 0
551, 0
552, 0
553, 0
554, 0
555, 0
556, 0
557, 0
558, 0
559, 0
560, 0
561, 0
562, 0
563, 0
564, 0
565, 0
566, 0
567, 0
568, 0
569, 0
570, 0
571, 0
572, 0
573, 0
574, 0
575, 0
576, 0
577, 0
578, 0
579, 0
580, 0
581, 0
582, 0
583, 0
584, 0
585, 0
586, 0
587, 0
588, 0
589, 0
590, 0
591, 0
592, 0
593, 0
594, 0
595, 0
596, 0
597, 0
598, 0
599, 0
600, 0
601, 0
602, 0
603, 0
604, 0
605, 0
606, 0
607, 0
608, 0
609, 0
610, 0
611, 0
612, 0
613, 0
614, 0
615, 0
616, 0
617, 0
618, 0
619, 0
620, 0
621, 0
622, 0
623, 0
624, 0
625, 0
626, 0
627, 0
628, 0
629, 0
630, 0
631, 0
632, 0
633, 0
634, 0
635, 0
636, 0
637, 0
638, 0
639, 0
640, 0
641, 0
642, 0
643, 0
644, 0
645, 0
646, 0
647, 0
648, 0
649, 0
650, 0
651, 0
652, 0
653, 0
654, 0
655, 0
656, 0
657, 0
658, 0
659, 0
660, 0
661, 0
662, 0
663, 0
664, 0
665, 0
666, 0
667, 0
668, 0
669, 0
670, 0
671, 0
672, 0
673, 0
674, 0
675, 0
676, 0
677, 0
678, 0
679, 0
680, 0
681, 0
682, 0
683, 0
684, 0
685, 0
686, 0
687, 0
688, 0
689, 0
690, 0
691, 0
692, 0
693, 0
694, 0
695, 0
696, 0
697, 0
698, 0
699, 0
700, 0
701, 0
702, 0
703, 0
704, 0
705, 0
706, 0
707, 0
708, 0
709, 0
710, 0
711, 0
712, 0
713, 0
714, 0
715, 0
716, 0
717, 0
718, 0
719, 0
720, 0
721, 0
722, 0
723, 0
724, 0
725, 0
726, 0
727, 0
728, 0
729, 0
730, 0
731, 0
732, 0
733, 0
734, 0
735, 0
736, 0
737, 0
738, 0
739, 0
740, 0
741, 0
742, 0
743, 0
744, 0
745, 0
746, 0
747, 0
748, 0
749, 0
750, 0
751, 0
752, 0
753, 0
754, 0
755, 0
756, 0
757, 0
758, 0
759, 0
760, 0
761, 0
762, 0
763, 0
764, 0
765, 0
766, 0
767, 0
768, 0
769, 0
770, 0
771, 0
772, 0
773, 0
774, 0
775, 0
776, 0
777, 0
778, 0
779, 0
780, 0
781, 0
782, 0
783, 0
784, 0
785, 0
786, 0
787, 0
788, 0
789, 0
790, 0
791, 0
792, 0
793, 0
794, 0
795, 0
796, 0
797, 0
798, 0
799, 0
800, 0
801, 0
802, 0
803, 0
804, 0
805, 0
806, 0
807, 0
808, 0
809, 0
810, 0
811, 0
812, 0
813, 0
814, 0
815, 0
816, 0
817, 0
818, 0
819, 0
820, 0
821, 0
822, 0
823, 0
824, 0
825, 0
826, 0
827, 0
828, 0
829, 0
830, 0
831, 0
832, 0
833, 0
834, 0
835, 0
836, 0
837, 0
838, 0
839, 0
840, 0
841, 0
842, 0
843, 0
844, 0
845, 0
846, 0
847, 0
848, 0
849, 0
850, 0
851, 0
852, 0
853, 0
854, 0
855, 0
856, 0
857, 0
858, 0
859, 0
860, 0
861, 0
862, 0
863, 0
864, 0
865, 0
866, 0
867, 0
868, 0
869, 0
870, 0
871, 0
872, 0
873, 0
874, 0
875, 0
876, 0
877, 0
878, 0
879, 0
880, 0
881, 0
882, 0
883, 0
884, 0
885, 0
886, 0
887, 0
888, 0
889, 0
890, 0
891, 0
892, 0
893, 0
894, 0
895, 0
896, 0
897, 0
898, 0
899, 0
900, 0
901, 0
902, 0
903, 0
904, 0
905, 0
906, 0
907, 0
908, 0
909, 0
910, 0
911, 0
912, 0
913, 0
914, 0
915, 0
916, 0
917, 0
918, 0
919, 0
920, 0
921, 0
922, 0
923, 0
924, 0
925, 0
926, 0
927, 0
928, 0
929, 0
930, 0
931, 0
932, 0
933, 0
934, 0
935, 0
936, 0
937, 0
938, 0
939, 0
940, 0
941, 0
942, 0
943, 0
944, 0
945, 0
946, 0
947, 0
948, 0
949, 0
950, 0
951, 0
952, 0
953, 0
954, 0
955, 0
956, 0
957, 0
958, 0
959, 0
960, 0
961, 0
962, 0
963, 0
964, 0
965, 0
966, 0
967, 0
968, 0
969, 0
970, 0
971, 0
972, 0
973, 0
974, 0
975, 0
976, 0
977, 0
978, 0
979, 0
980, 0
981, 0
982, 0
983, 0
984, 0
985, 0
986, 0
987, 0
988, 0
989, 0
990, 0
991, 0
992, 0
993, 0
994, 0
995, 0
996, 0
997, 0
998, 0
999, 0
1000, 0
1001, 0
1002, 0
1003, 0
1004, 0
1005, 0
1006, 0
1007, 0
1008, 0
1009, 0
1010, 0
1011, 0
1012, 0
1013, 0
1014, 0
1015, 0
1016, 0
1017, 0
1018, 0
1019, 0
1020, 0
1021, 0
1022, 0
1023, 0
1024, 0
1025, 0
1026, 0
1027, 0
1028, 0
1029, 0
1030, 0
1031, 0
1032, 0
1033, 0
1034, 0
1035, 0
1036, 0
1037, 0
1038, 0
1039, 0
1040, 0
1041, 0
1042, 0
1043, 0
1044, 0
1045, 0
1046, 0
1047, 0
1048, 0
1049, 0
1050, 0
1051, 0
1052, 0
1053, 0
1054, 0
1055, 0
1056, 0
1057, 0
1058, 0
1059, 0
1060, 0
1061, 0
1062, 0
1063, 0
1064, 0
1065, 0
1066, 0
1067, 0
1068, 0
1069, 0
1070, 0
1071, 0
1072, 0
1073, 325
1074, 0
1075, 196
1076, 0
1077, 0
1078, 0
1079, 0
1080, 0
1081, 212
1082, 193
1083, 178
1084, 175
1085, 0
1086, 0
1087, 0
1088, 0
1089, 177
1090, 163
1091, 138
1092, 0
1093, 0
1094, 0
1095, 0
1096, 0
1097, 164
1098, 116
1099, 106
1100, 0
1101, 0
1102, 0
1103, 0
1104, 0
1105, 162
1106, 105
1107, 97
1108, 95
1109, 95
1110, 0
1111, 0
1112, 0
1113, 160
1114, 118
1115, 107
1116, 104
1117, 102
1118, 100
1119, 0
1120, 0
1121, 136
1122, 94
1123, 82
1124, 80
1125, 80
1126, 0
1127, 0
1128, 0
1129, 99
1130, 91
1131, 0
1132, 82
1133, 0
1134, 0
1135, 0
1136, 0
1137, 82
1138, 0
1139, 76
1140, 73
1141, 72
1142, 72
1143, 0
1144, 0
1145, 88
1146, 82
1147, 75
1148, 73
1149, 72
1150, 0
1151, 0
1152, 0
1153, 86
1154, 0
1155, 69
1156, 66
1157, 63
1158, 63
1159, 0
1160, 0
1161, 0
1162, 0
1163, 75
1164, 74
1165, 72
1166, 71
1167, 0
1168, 0
1169, 111
1170, 64
1171, 57
1172, 56
1173, 55
1174, 0
1175, 0
1176, 0
1177, 69
1178, 0
1179, 59
1180, 58
1181, 57
1182, 55
1183, 0
1184, 0
1185, 0
1186, 80
1187, 67
1188, 65
1189, 61
1190, 60
1191, 0
1192, 0
1193, 96
1194, 66
1195, 58
1196, 0
1197, 57
1198, 0
1199, 0
1200, 0
1201, 0
1202, 73
1203, 66
1204, 0
1205, 0
1206, 0
1207, 0
1208, 0
1209, 69
1210, 65
1211, 58
1212, 57
1213, 54
1214, 0
1215, 0
1216, 0
1217, 88
1218, 58
1219, 51
1220, 48
1221, 48
1222, 45
1223, 0
1224, 0
1225, 82
1226, 63
1227, 58
1228, 57
1229, 55
1230, 0
1231, 0
1232, 0
1233, 94
1234, 73
1235, 66
1236, 64
1237, 0
1238, 0
1239, 0
1240, 0
1241, 73
1242, 61
1243, 56
1244, 55
1245, 0
1246, 0
1247, 0
1248, 0
1249, 73
1250, 60
1251, 0
1252, 51
1253, 47
1254, 0
1255, 0
1256, 0
1257, 71
1258, 0
1259, 42
1260, 41
1261, 40
1262, 0
1263, 0
1264, 0
1265, 81
1266, 67
1267, 49
1268, 47
1269, 50
1270, 48
1271, 0
1272, 0
1273, 72
1274, 44
1275, 41
1276, 0
1277, 41
1278, 0
1279, 0
1280, 0
1281, 62
1282, 0
1283, 42
1284, 41
1285, 40
1286, 41
1287, 0
1288, 0
1289, 73
1290, 44
1291, 40
1292, 40
1293, 39
1294, 39
1295, 0
1296, 0
1297, 0
1298, 50
1299, 0
1300, 43
1301, 40
1302, 39
1303, 0
1304, 0
1305, 55
1306, 51
1307, 39
1308, 39
1309, 40
1310, 38
1311, 0
1312, 0
1313, 42
1314, 32
1315, 30
1316, 31
1317, 32
1318, 32
1319, 0
1320, 0
1321, 72
1322, 61
1323, 51
1324, 48
1325, 0
1326, 0
1327, 0
1328, 0
1329, 48
1330, 39
1331, 33
1332, 33
1333, 31
1334, 32
1335, 0
1336, 0
1337, 66
1338, 42
1339, 35
1340, 33
1341, 0
1342, 32
1343, 0
1344, 0
1345, 52
1346, 45
1347, 34
1348, 31
1349, 30
1350, 31
1351, 0
1352, 0
1353, 50
1354, 35
1355, 35
1356, 0
1357, 0
1358, 0
1359, 0
1360, 0
1361, 58
1362, 0
1363, 29
1364, 26
1365, 28
1366, 0
1367, 0
1368, 0
1369, 56
1370, 47
1371, 34
1372, 31
1373, 0
1374, 33
1375, 0
1376, 0
1377, 43
1378, 37
1379, 32
1380, 30
1381, 32
1382, 33
1383, 0
1384, 0
1385, 0
1386, 0
1387, 20
1388, 17
1389, 17
1390, 16
1391, 0
1392, 0
1393, 34
1394, 0
1395, 18
1396, 16
1397, 16
1398, 17
1399, 0
1400, 0
1401, 40
1402, 30
1403, 26
1404, 24
1405, 23
1406, 0
1407, 0
1408, 0
1409, 31
1410, 20
1411, 18
1412, 17
1413, 0
1414, 0
1415, 0
1416, 0
1417, 30
1418, 0
1419, 23
1420, 23
1421, 24
1422, 25
1423, 0
1424, 0
1425, 48
1426, 0
1427, 34
1428, 34
1429, 31
1430, 0
1431, 0
1432, 0
1433, 0
1434, 0
1435, 0
1436, 0
1437, 0
1438, 27
1439, 0
1440, 0
1441, 39
1442, 40
1443, 0
1444, 26
1445, 0
1446, 24
1447, 0
1448, 0
1449, 42
1450, 27
1451, 26
1452, 25
1453, 24
1454, 0
1455, 0
1456, 0
1457, 47
1458, 35
1459, 26
1460, 24
1461, 24
1462, 25
1463, 0
1464, 0
1465, 40
1466, 0
1467, 19
1468, 0
1469, 15
1470, 0
1471, 0
1472, 0
1473, 31
1474, 0
1475, 21
1476, 0
1477, 16
1478, 17
1479, 0
1480, 0
1481, 32
1482, 25
1483, 18
1484, 17
1485, 15
1486, 0
1487, 0
1488, 0
1489, 40
1490, 25
1491, 19
1492, 17
1493, 15
1494, 0
1495, 0
1496, 0
1497, 32
1498, 0
1499, 12
1500, 9
1501, 9
1502, 8
1503, 0
1504, 0
1505, 21
1506, 0
1507, 10
1508, 7
1509, 7
1510, 8
1511, 0
1512, 0
1513, 32
1514, 22
1515, 17
1516, 15
1517, 16
1518, 16
1519, 0
1520, 0
1521, 0
1522, 0
1523, 11
1524, 8
1525, 6
1526, 7
1527, 0
1528, 0
1529, 32
1530, 21
1531, 18
1532, 17
1533, 17
1534, 0
1535, 0
1536, 0
1537, 32
1538, 28
1539, 21
1540, 18
1541, 0
1542, 0
1543, 0
1544, 0
1545, 33
1546, 24
1547, 16
1548, 17
1549, 15
1550, 0
1551, 0
1552, 0
1553, 27
1554, 21
1555, 13
1556, 0
1557, 8
1558, 0
1559, 0
1560, 0
1561, 23
1562, 17
1563, 11
1564, 9
1565, 0
1566, 0
1567, 0
1568, 0
1569, 23
1570, 22
1571, 11
1572, 8
1573, 7
1574, 8
1575, 0
1576, 0
1577, 17
1578, 15
1579, 0
1580, 10
1581, 0
1582, 0
1583, 0
1584, 0
1585, 27
1586, 0
1587, 9
1588, 7
1589, 0
1590, 8
1591, 0
1592, 0
1593, 21
1594, 16
1595, 11
1596, 8
1597, 8
1598, 0
1599, 0
1600, 0
1601, 26
1602, 0
1603, 10
1604, 9
1605, 8
1606, 10
1607, 0
1608, 0
1609, 24
1610, 19
1611, 10
1612, 8
1613, 0
1614, 0
1615, 0
1616, 0
1617, 25
1618, 11
1619, 6
1620, 5
1621, 6
1622, 8
1623, 0
1624, 0
1625, 15
1626, 5
1627, 4
1628, 5
1629, 0
1630, 5
1631, 0
1632, 0
1633, 23
1634, 14
1635, 10
1636, 0
1637, 7
1638, 0
1639, 0
1640, 0
1641, 21
1642, 14
1643, 5
1644, 4
1645, 6
1646, 9
1647, 0
1648, 0
1649, 9
1650, 8
1651, 0
1652, -4
1653, 0
1654, 0
1655, 0
1656, 0
1657, 13
1658, 0
1659, 4
1660, 1
1661, 0
1662, 0
1663, 0
1664, 0
1665, 9
1666, 0
1667, 0
1668, -7
1669, -8
1670, -8
1671, 0
1672, 0
1673, 7
1674, 1
1675, 4
1676, 0
1677, 0
1678, 0
1679, 0
1680, 0
1681, 5
1682, 0
1683, -3
1684, 0
1685, 0
1686, -9
1687, 0
1688, 0
1689, 1
1690, 0
1691, 0
1692, 0
1693, 1
1694, 1
1695, 0
1696, 0
1697, 8
1698, 0
1699, 0
1700, -8
1701, -7
1702, -8
1703, 0
1704, 0
1705, 0
1706, -3
1707, 0
1708, -7
1709, -9
1710, 0
1711, 0
1712, 0
1713, 1
1714, 0
1715, 0
1716, -16
1717, -17
1718, -15
1719, 0
1720, 0
1721, 6
1722, 9
1723, 9
1724, 1
1725, -1
1726, 0
1727, 0
1728, 0
1729, 16
1730, 1
1731, 0
1732, -8
1733, 0
1734, 0
1735, 0
1736, 0
1737, 11
1738, 4
1739, 0
1740, -8
1741, -7
1742, -10
1743, 0
1744, 0
1745, 8
1746, 7
1747, 0
1748, 0
1749, 0
1750, 0
1751, 0
1752, 0
1753, 9
1754, 0
1755, 0
1756, -7
1757, -7
1758, 0
1759, 0
1760, 0
1761, 0
1762, 0
1763, 0
1764, -8
1765, -8
1766, -9
1767, 0
1768, 0
1769, 9
1770, 0
1771, 0
1772, -10
1773, -8
1774, -7
1775, 0
1776, 0
1777, 0
1778, -9
1779, -10
1780, -16
1781, -15
1782, -15
1783, 0
1784, 0
1785, -8
1786, -9
1787, 0
1788, -16
1789, 0
1790, -14
1791, 0
1792, 0
1793, 0
1794, 1
1795, -2
1796, -1
1797, 1
1798, -1
1799, 0
1800, 0
1801, 6
1802, 5
1803, 4
1804, 0
1805, 1
1806, 1
1807, 0
1808, 0
1809, 6
1810, 0
1811, 9
1812, 10
1813, 8
1814, 6
1815, 0
1816, 0
1817, 30
1818, 5
1819, 0
1820, -7
1821, -8
1822, 0
1823, 0
1824, 0
1825, 15
1826, 2
1827, 0
1828, -8
1829, -8
1830, -9
1831, -7
1832, -8
1833, -8
1834, -7
1835, 0
1836, -18
1837, 0
1838, -16
1839, 0
1840, 0
1841, -1
1842, 0
1843, 0
1844, -8
1845, -8
1846, -8
1847, 0
1848, 0
1849, 1
1850, -1
1851, 0
1852, -17
1853, -17
1854, -16
1855, 0
1856, 0
1857, -8
1858, -7
1859, -15
1860, -15
1861, -15
1862, -16
1863, 0
1864, 0
1865, 0
1866, 0
1867, -1
1868, 0
1869, 0
1870, -8
1871, -9
1872, -8
1873, -8
1874, 0
1875, -6
1876, -24
1877, -26
1878, -24
1879, 0
1880, 0
1881, -9
1882, 0
1883, -12
1884, 0
1885, -25
1886, -25
1887, 0
1888, 0
1889, -9
1890, -8
1891, -8
1892, -7
1893, -10
1894, -9
1895, -8
1896, -8
1897, -8
1898, -9
1899, -10
1900, -23
1901, -24
1902, -22
1903, 0
1904, 0
1905, -9
1906, -9
1907, -10
1908, -15
1909, -16
1910, -17
1911, -15
1912, -14
1913, 0
1914, 0
1915, -12
1916, -22
1917, -24
1918, -24
1919, 0
1920, 0
1921, -10
1922, -8
1923, -7
1924, -22
1925, -23
1926, 0
1927, 0
1928, 0
1929, -10
1930, -9
1931, -9
1932, 0
1933, -14
1934, -14
1935, 0
1936, -14
1937, -17
1938, -16
1939, -16
1940, -23
1941, -23
1942, -26
1943, 0
1944, 0
1945, -7
1946, -7
1947, -8
1948, -16
1949, -18
1950, -18
1951, 0
1952, -14
1953, 0
1954, 0
1955, -14
1956, -24
1957, -26
1958, -24
1959, 0
1960, 0
1961, -7
1962, -8
1963, -10
1964, -23
1965, -24
1966, -26
1967, 0
1968, 0
1969, -9
1970, -8
1971, -9
1972, -15
1973, -16
1974, -16
1975, 0
1976, -13
1977, -14
1978, -15
1979, -18
1980, -25
1981, 0
1982, 0
1983, 0
1984, 0
1985, -6
1986, -7
1987, -10
1988, -17
1989, -15
1990, -15
1991, 0
1992, -12
1993, 0
1994, -15
1995, -16
1996, -24
1997, -24
1998, -24
1999, 0
2000, 0
2001, 0
2002, 0
2003, -23
2004, -23
2005, -24
2006, -25
2007, 0
2008, 0
2009, -16
2010, -17
2011, -16
2012, -15
2013, -18
2014, 0
2015, 0
2016, 0
2017, 0
2018, 0
2019, 0
2020, -14
2021, 0
2022, -14
2023, -16
2024, -16
2025, -17
2026, -16
2027, -15
2028, -19
2029, -16
2030, -17
2031, 0
2032, 0
2033, 0
2034, 0
2035, 0
2036, -24
2037, -24
2038, -25
2039, 0
2040, 0
2041, -16
2042, -14
2043, -16
2044, -17
2045, -17
2046, -15
2047, 5
2048, 0
2049, 0
2050, 0
2051, 0
2052, -23
2053, -24
2054, -23
2055, 0
2056, 0
2057, -14
2058, -14
2059, -15
2060, -16
2061, 0
2062, -16
2063, 0
2064, 0
2065, -8
2066, -9
2067, -11
2068, -24
2069, -24
2070, -23
2071, 0
2072, 0
2073, -16
2074, 0
2075, -16
2076, -16
2077, -16
2078, -16
2079, 0
2080, 0
2081, -9
2082, -8
2083, -6
2084, -23
2085, 0
2086, -25
2087, 0
2088, 0
2089, 0
2090, 0
2091, 0
2092, -15
2093, 0
2094, 0
2095, 0
2096, 0
2097, -8
2098, -9
2099, -9
2100, -16
2101, 0
2102, 0
2103, 0
2104, 0
2105, -8
2106, -7
2107, -9
2108, -17
2109, -18
2110, -18
2111, 0
2112, 0
2113, -8
2114, -8
2115, -8
2116, -16
2117, -15
2118, -15
2119, 0
2120, 0
2121, -8
2122, -9
2123, -9
2124, -14
2125, -15
2126, -17
2127, -15
2128, 0
2129, -9
2130, -7
2131, -10
2132, -17
2133, -19
2134, -17
2135, -15
2136, 0
2137, -7
2138, -7
2139, -12
2140, -20
2141, -16
2142, -16
2143, -16
2144, -19
2145, -17
2146, -15
2147, -16
2148, -23
2149, -23
2150, -23
2151, 0
2152, 0
2153, 0
2154, 0
2155, -14
2156, -22
2157, -25
2158, -24
2159, 0
2160, 0
2161, -15
2162, -16
2163, -18
2164, -17
2165, -16
2166, 0
2167, 0
2168, 0
2169, 0
2170, 0
2171, 0
2172, -15
2173, -15
2174, -17
2175, 0
2176, 0
2177, 0
2178, -9
2179, -8
2180, -15
2181, -15
2182, -16
2183, -16
2184, -16
2185, -15
2186, -15
2187, -17
2188, 0
2189, -25
2190, 0
2191, 0
2192, 0
2193, 0
2194, -14
2195, 0
2196, -25
2197, -23
2198, -25
2199, 0
2200, 0
2201, -16
2202, -17
2203, -18
2204, -16
2205, -17
2206, -19
2207, 0
2208, 0
2209, -7
2210, -8
2211, -8
2212, -24
2213, -24
2214, -26
2215, 0
2216, 0
2217, 0
2218, -14
2219, -16
2220, -16
2221, -16
2222, -14
2223, -15
2224, -15
2225, -15
2226, -16
2227, -18
2228, -23
2229, 0
2230, -26
2231, 0
2232, 0
2233, -16
2234, -16
2235, -17
2236, -23
2237, -25
2238, -25
2239, 0
2240, 0
2241, -16
2242, -16
2243, -7
2244, -10
2245, -10
2246, -9
2247, -9
2248, 0
2249, -6
2250, -7
2251, -9
2252, -15
2253, 0
2254, -15
2255, 0
2256, 0
2257, -9
2258, -10
2259, 0
2260, -16
2261, -15
2262, 0
2263, 0
2264, 0
2265, -8
2266, -8
2267, -8
2268, -16
2269, -15
2270, -15
2271, -16
2272, -16
2273, -17
2274, -17
2275, -16
2276, -15
2277, 0
2278, -14
2279, 0
2280, 0
2281, -8
2282, -6
2283, 0
2284, -16
2285, -15
2286, 0
2287, 0
2288, 0
2289, 0
2290, -6
2291, -7
2292, -8
2293, -6
2294, -5
2295, -9
2296, -8
2297, 0
2298, -7
2299, -12
2300, -18
2301, 0
2302, -14
2303, 0
2304, 0
2305, -9
2306, -9
2307, -9
2308, 0
2309, -9
2310, 0
2311, -8
2312, -8
2313, -8
2314, 0
2315, 0
2316, -14
2317, -17
2318, -16
2319, 0
2320, 0
2321, -10
2322, -10
2323, -10
2324, -16
2325, -17
2326, -16
2327, 0
2328, -12
2329, 0
2330, 0
2331, -15
2332, -23
2333, -24
2334, -26
2335, 0
2336, 0
2337, -17
2338, -15
2339, -16
2340, 0
2341, -15
2342, 0
2343, 0
2344, 0
2345, -8
2346, -8
2347, -8
2348, -16
2349, -15
2350, -17
2351, -17
2352, -14
2353, -14
2354, -15
2355, -16
2356, -15
2357, 0
2358, -18
2359, 0
2360, 0
2361, -9
2362, 0
2363, 0
2364, -17
2365, -15
2366, -14
2367, -19
2368, -15
2369, -17
2370, 0
2371, -13
2372, -24
2373, -24
2374, -23
2375, 0
2376, 0
2377, 0
2378, -16
2379, -9
2380, -9
2381, -8
2382, -7
2383, -7
2384, -7
2385, -9
2386, -7
2387, -8
2388, -16
2389, -15
2390, -16
2391, 0
2392, 0
2393, -9
2394, -7
2395, -9
2396, 0
2397, -14
2398, 0
2399, -16
2400, -18
2401, 0
2402, -14
2403, 0
2404, -17
2405, -15
2406, -15
2407, 0
2408, 0
2409, -9
2410, -9
2411, -9
2412, -8
2413, 0
2414, -8
2415, -7
2416, -6
2417, 0
2418, -8
2419, -8
2420, -8
2421, -8
2422, 0
2423, 4
2424, 0
2425, 0
2426, 0
2427, 0
2428, -16
2429, -16
2430, -16
2431, -17
2432, -19
2433, -20
2434, -15
2435, -14
2436, 0
2437, -24
2438, -23
2439, 0
2440, 0
2441, -15
2442, -15
2443, -17
2444, -16
2445, -16
2446, -17
2447, -16
2448, -14
2449, -16
2450, -16
2451, -17
2452, 0
2453, 0
2454, -23
2455, -26
2456, -21
2457, 0
2458, -24
2459, -24
2460, -24
2461, -24
2462, -27
2463, 0
2464, 0
2465, -8
2466, -8
2467, -12
2468, -17
2469, -17
2470, -17
2471, 0
2472, -15
2473, 0
2474, -15
2475, -15
2476, -16
2477, -20
2478, -16
2479, -16
2480, -15
2481, 0
2482, -18
2483, -20
2484, -16
2485, -16
2486, -15
2487, -16
2488, -19
2489, -16
2490, -17
2491, -16
2492, -16
2493, -18
2494, 0
2495, -14
2496, -16
2497, 0
2498, -15
2499, -18
2500, -31
2501, -32
2502, -32
2503, 0
2504, 0
2505, -24
2506, -24
2507, -23
2508, -23
2509, -25
2510, -23
2511, 0
2512, 0
2513, -16
2514, -16
2515, -15
2516, -16
2517, -17
2518, -16
2519, -16
2520, -15
2521, -16
2522, -18
2523, -19
2524, -18
2525, -16
2526, -15
2527, -15
2528, -15
2529, -16
2530, -16
2531, -16
2532, -17
2533, -16
2534, 0
2535, -14
2536, -14
2537, -19
2538, -17
2539, 0
2540, -21
2541, -21
2542, 0
2543, 0
2544, 0
2545, -16
2546, -16
2547, -16
2548, -16
2549, -15
2550, -17
2551, 0
2552, -15
2553, 0
2554, 0
2555, 0
2556, -21
2557, 0
2558, -24
2559, 0
2560, -22
2561, -23
2562, -23
2563, -25
2564, -25
2565, -25
2566, -24
2567, -24
2568, 0
2569, -17
2570, -16
2571, 0
2572, -14
2573, -15
2574, -16
2575, -15
2576, -15
2577, -17
2578, -17
2579, -15
2580, -15
2581, -16
2582, -16
2583, -15
2584, 0
2585, -15
2586, -17
2587, -17
2588, 0
2589, -15
2590, 0
2591, -16
2592, -15
2593, -15
2594, -15
2595, -16
2596, -24
2597, -23
2598, -23
2599, -23
2600, -23
2601, -25
2602, -25
2603, 0
2604, -24
2605, -23
2606, -24
2607, -27
2608, -23
2609, -23
2610, -24
2611, -23
2612, -24
2613, -23
2614, -24
2615, 0
2616, -21
2617, 0
2618, -23
2619, -15
2620, -15
2621, -17
2622, -15
2623, -18
2624, -17
2625, -18
2626, -17
2627, -20
2628, -27
2629, -25
2630, -24
2631, 0
2632, -23
2633, 0
2634, -25
2635, -28
2636, -24
2637, -24
2638, -26
2639, -26
2640, -24
2641, -23
2642, -23
2643, -23
2644, -23
2645, -24
2646, -25
2647, -25
2648, -25
2649, -24
2650, -25
2651, -25
2652, -24
2653, -25
2654, -22
2655, 0
2656, 0
2657, -16
2658, -17
2659, -16
2660, -16
2661, -16
2662, -17
2663, -18
2664, -17
2665, -16
2666, -15
2667, -19
2668, -19
2669, -16
2670, -17
2671, 0
2672, 0
2673, -7
2674, -9
2675, -10
2676, -18
2677, 0
2678, -14
2679, -17
2680, -15
2681, -16
2682, 0
2683, -15
2684, -17
2685, -18
2686, -15
2687, 0
2688, 0
2689, -8
2690, -7
2691, -9
2692, 0
2693, -21
2694, 0
2695, -23
2696, -23
2697, 0
2698, -20
2699, -21
2700, 0
2701, -25
2702, -23
2703, -23
2704, -24
2705, 0
2706, -23
2707, -24
2708, -30
2709, -30
2710, -33
2711, -31
2712, -31
2713, -33
2714, -33
2715, 0
2716, -30
2717, -31
2718, -32
2719, -32
2720, -31
2721, -31
2722, 0
2723, 0
2724, -30
2725, 0
2726, -33
2727, -33
2728, -31
2729, 0
2730, -31
2731, 0
2732, -32
2733, -32
2734, -32
2735, 0
2736, 0
2737, -25
2738, -24
2739, -24
2740, -25
2741, -25
2742, -26
2743, 0
2744, -21
2745, 0
2746, -25
2747, -25
2748, -27
2749, 0
2750, -23
2751, -23
2752, 0
2753, -22
2754, 0
2755, -27
2756, -23
2757, -25
2758, -25
2759, 0
2760, -22
2761, -23
2762, -24
2763, -24
2764, -25
2765, -25
2766, -26
2767, 0
2768, -21
2769, 0
2770, -26
2771, -25
2772, -26
2773, -24
2774, -23
2775, 0
2776, 0
2777, 0
2778, 0
2779, -23
2780, -24
2781, -24
2782, -24
2783, -23
2784, -22
2785, -24
2786, -26
2787, -26
2788, -25
2789, -23
2790, -24
2791, 0
2792, -21
2793, 0
2794, -24
2795, -23
2796, -25
2797, -24
2798, -23
2799, 0
2800, 0
2801, 0
2802, 0
2803, -23
2804, -24
2805, -24
2806, -24
2807, -22
2808, -26
2809, -25
2810, -25
2811, -25
2812, -26
2813, -25
2814, -25
2815, 0
2816, -22
2817, 0
2818, -25
2819, -23
2820, -25
2821, -24
2822, -23
2823, 0
2824, 0
2825, 0
2826, 0
2827, -23
2828, -23
2829, -25
2830, -24
2831, -22
2832, -24
2833, -23
2834, -24
2835, -24
2836, -24
2837, -23
2838, -25
2839, 0
2840, -22
2841, 0
2842, -24
2843, -22
2844, -26
2845, -24
2846, -23
2847, 0
2848, 0
2849, 0
2850, 0
2851, -23
2852, -23
2853, -25
2854, -24
2855, -22
2856, -25
2857, -26
2858, -24
2859, -25
2860, -24
2861, -25
2862, -24
2863, 0
2864, -21
2865, -23
2866, 0
2867, 0
2868, -22
2869, 0
2870, -27
2871, -23
2872, -22
2873, -25
2874, -25
2875, -24
2876, -23
2877, -24
2878, -25
2879, -25
2880, -23
2881, -23
2882, -24
2883, -23
2884, -22
2885, -24
2886, -25
2887, 0
2888, -23
2889, -23
2890, 0
2891, 0
2892, -23
2893, 0
2894, -24
2895, -23
2896, 0
2897, 0
2898, -32
2899, -27
2900, -25
2901, -25
2902, 0
2903, -25
2904, -23
2905, -24
2906, -24
2907, -25
2908, -24
2909, -23
2910, -25
2911, -24
2912, -22
2913, -24
2914, 0
2915, -15
2916, 0
2917, -18
2918, -15
2919, -15
2920, -16
2921, -16
2922, -16
2923, -17
2924, -15
2925, -14
2926, -16
2927, -14
2928, -16
2929, -16
2930, -15
2931, -17
2932, -15
2933, -16
2934, -17
2935, -17
2936, -17
2937, -18
2938, -15
2939, -17
2940, -17
2941, -13
2942, -14
2943, 0
2944, -13
2945, -14
2946, -16
2947, -16
2948, -17
2949, -17
2950, -18
2951, -17
2952, -16
2953, -16
2954, -16
2955, -17
2956, -17
2957, -18
2958, -18
2959, -17
2960, -15
2961, -16
2962, -16
2963, -15
2964, -16
2965, -16
2966, -16
2967, -17
2968, 0
2969, 0
2970, -23
2971, -26
2972, -25
2973, -24
2974, -24
2975, -25
2976, 0
2977, 0
2978, -31
2979, -32
2980, -32
2981, -32
2982, -32
2983, -32
2984, -33
2985, -33
2986, -33
2987, -33
2988, -34
2989, -35
2990, -32
2991, -32
2992, -32
2993, -31
2994, -32
2995, -34
2996, -30
2997, -32
2998, -32
2999, -31
3000, -32
3001, -30
3002, -29
3003, -24
3004, -23
3005, -25
3006, -24
3007, -23
3008, -23
3009, -24
3010, -24
3011, -18
3012, -18
3013, -16
3014, -16
3015, -17
3016, -15
3017, -15
3018, -17
3019, 0
3020, -14
3021, 0
3022, -15
3023, -16
3024, -15
3025, -16
3026, 0
3027, -14
3028, -17
3029, -19
3030, -17
3031, -17
3032, -17
3033, -16
3034, -16
3035, -14
3036, -15
3037, -15
3038, -14
3039, -16
3040, -17
3041, -16
3042, -16
3043, -16
3044, -15
3045, -17
3046, -16
3047, -16
3048, 0
3049, 0
3050, 0
3051, 0
3052, -25
3053, -24
3054, -23
3055, -24
3056, 0
3057, 0
3058, -33
3059, -33
3060, -33
3061, -33
3062, -31
3063, -31
3064, 0
3065, -30
3066, -30
3067, -24
3068, -24
3069, -23
3070, 0
3071, -24
3072, 0
3073, -24
3074, -23
3075, -15
3076, -15
3077, -16
3078, -17
3079, -17
3080, -16
3081, -16
3082, -17
3083, -16
3084, -16
3085, -15
3086, -16
3087, -18
3088, -15
3089, -17
3090, -17
3091, -17
3092, 0
3093, -15
3094, 0
3095, -16
3096, -18
3097, -19
3098, -17
3099, -16
3100, -15
3101, -14
3102, 0
3103, -18
3104, 0
3105, 0
3106, -27
3107, -25
3108, -24
3109, -25
3110, 0
3111, -23
3112, 0
3113, 0
3114, -32
3115, -20
3116, -17
3117, -17
3118, -18
3119, -17
3120, -16
3121, -16
3122, -17
3123, -17
3124, -16
3125, -15
3126, -17
3127, -17
3128, -16
3129, -17
3130, -16
3131, -16
3132, -14
3133, -16
3134, -19
3135, -17
3136, -16
3137, -16
3138, -16
3139, -17
3140, -18
3141, -17
3142, -16
3143, -16
3144, -18
3145, -18
3146, -16
3147, -16
3148, -16
3149, -15
3150, -17
3151, -19
3152, 0
3153, 0
3154, -22
3155, 0
3156, -25
3157, -25
3158, -25
3159, -25
3160, 0
3161, -32
3162, -32
3163, -19
3164, -15
3165, -15
3166, -17
3167, -19
3168, -17
3169, -15
3170, -16
3171, -16
3172, -16
3173, -16
3174, -15
3175, -16
3176, -18
3177, -17
3178, -16
3179, -15
3180, -16
3181, -16
3182, -14
3183, -17
3184, 0
3185, 0
3186, -23
3187, -23
3188, -23
3189, -22
3190, 0
3191, -23
3192, 0
3193, 0
3194, -31
3195, -18
3196, -15
3197, -15
3198, -16
3199, 0
3200, -14
3201, -13
3202, 0
3203, -14
3204, 0
3205, -15
3206, 0
3207, -15
3208, -16
3209, -16
3210, -15
3211, -16
3212, -17
3213, -13
3214, 0
3215, -17
3216, -16
3217, -17
3218, -16
3219, -19
3220, -14
3221, -15
3222, -17
3223, -17
3224, 0
3225, 0
3226, 0
3227, -17
3228, 0
3229, -16
3230, -15
3231, -18
3232, -18
3233, -17
3234, -16
3235, -15
3236, -15
3237, -18
3238, -17
3239, -16
3240, 0
3241, 0
3242, -24
3243, -25
3244, -24
3245, -26
3246, -26
3247, -24
3248, -24
3249, -24
3250, 0
3251, -16
3252, 0
3253, -14
3254, 0
3255, -16
3256, 0
3257, 0
3258, -23
3259, -27
3260, -25
3261, -22
3262, -24
3263, 0
3264, -22
3265, -23
3266, -24
3267, -19
3268, -15
3269, -16
3270, -17
3271, -16
3272, 0
3273, 0
3274, -23
3275, -23
3276, -22
3277, -24
3278, -27
3279, -24
3280, -25
3281, -25
3282, -23
3283, -17
3284, -16
3285, -16
3286, -18
3287, -18
3288, 0
3289, 0
3290, -32
3291, 0
3292, -22
3293, -25
3294, -24
3295, 0
3296, 0
3297, 0
3298, -22
3299, 0
3300, -24
3301, -23
3302, -24
3303, -23
3304, -23
3305, -23
3306, -21
3307, -17
3308, 0
3309, 0
3310, 0
3311, 0
3312, 0
3313, 0
3314, -30
3315, -25
3316, -23
3317, -23
3318, -23
3319, -23
3320, -25
3321, -25
3322, -23
3323, -25
3324, -24
3325, -23
3326, -24
3327, -24
3328, -23
3329, -25
3330, -24
3331, -17
3332, -16
3333, -15
3334, -16
3335, -15
3336, 0
3337, 0
3338, -25
3339, -25
3340, -26
3341, -26
3342, -23
3343, -24
3344, 0
3345, 0
3346, 0
3347, -28
3348, -24
3349, -24
3350, -23
3351, -22
3352, -23
3353, -23
3354, -23
3355, -18
3356, -20
3357, -16
3358, -16
3359, -18
3360, -15
3361, -16
3362, 0
3363, -12
3364, 0
3365, -9
3366, -8
3367, -7
3368, 0
3369, 0
3370, 0
3371, -22
3372, -23
3373, -23
3374, -25
3375, -24
3376, -23
3377, -24
3378, -26
3379, -20
3380, -16
3381, -16
3382, -15
3383, -14
3384, -17
3385, -16
3386, -15
3387, -15
3388, -17
3389, -18
3390, -17
3391, -15
3392, 0
3393, -26
3394, -26
3395, -16
3396, -15
3397, -17
3398, -17
3399, -15
3400, 0
3401, -23
3402, -21
3403, -16
3404, -16
3405, -17
3406, -16
3407, 0
3408, 0
3409, 0
3410, 0
3411, 0
3412, -17
3413, -17
3414, -14
3415, 0
3416, -13
3417, 0
3418, 0
3419, -17
3420, 0
3421, -14
3422, -16
3423, -16
3424, -17
3425, -15
3426, -15
3427, 0
3428, 0
3429, 0
3430, 0
3431, -2
3432, 0
3433, 0
3434, 0
3435, -17
3436, -18
3437, 0
3438, -13
3439, 0
3440, 0
3441, -14
3442, -15
3443, 0
3444, -8
3445, -8
3446, -9
3447, -9
3448, 0
3449, 0
3450, -24
3451, -17
3452, -16
3453, -19
3454, -16
3455, -15
3456, 0
3457, -14
3458, 0
3459, -17
3460, -16
3461, -15
3462, -14
3463, -15
3464, 0
3465, 0
3466, -24
3467, -11
3468, -9
3469, -8
3470, -8
3471, -8
3472, 0
3473, 0
3474, -17
3475, 0
3476, -14
3477, -15
3478, -15
3479, -15
3480, -15
3481, -15
3482, -16
3483, 0
3484, -9
3485, -9
3486, -9
3487, -7
3488, 0
3489, 0
3490, -24
3491, -18
3492, -17
3493, -16
3494, -16
3495, -16
3496, -16
3497, -17
3498, -18
3499, 0
3500, 0
3501, -6
3502, -7
3503, -8
3504, 0
3505, 0
3506, -16
3507, -11
3508, -8
3509, -9
3510, -9
3511, -7
3512, 0
3513, 0
3514, -16
3515, -14
3516, 0
3517, -12
3518, 0
3519, -15
3520, -15
3521, -15
3522, 0
3523, 0
3524, 0
3525, -1
3526, -1
3527, -2
3528, 0
3529, 0
3530, -8
3531, 0
3532, -14
3533, 0
3534, -17
3535, -16
3536, 0
3537, 0
3538, -24
3539, -17
3540, -16
3541, -16
3542, -16
3543, -16
3544, 0
3545, 0
3546, -25
3547, -18
3548, -16
3549, -15
3550, -16
3551, -17
3552, 0
3553, 0
3554, 0
3555, -21
3556, -17
3557, 0
3558, -14
3559, 0
3560, 0
3561, 0
3562, -25
3563, -12
3564, -11
3565, -7
3566, -7
3567, -9
3568, 0
3569, 0
3570, -15
3571, -18
3572, -18
3573, -16
3574, 0
3575, -12
3576, 0
3577, 0
3578, -22
3579, -16
3580, 0
3581, -16
3582, 0
3583, -13
3584, 0
3585, 0
3586, -24
3587, 0
3588, -14
3589, 0
3590, -17
3591, 0
3592, 0
3593, -24
3594, -25
3595, -16
3596, 0
3597, -17
3598, -16
3599, -16
3600, 0
3601, 0
3602, -32
3603, -25
3604, -23
3605, 0
3606, 0
3607, 0
3608, 0
3609, 0
3610, -24
3611, -18
3612, 0
3613, -14
3614, -15
3615, -15
3616, 0
3617, 0
3618, 0
3619, 0
3620, 0
3621, -8
3622, -8
3623, -10
3624, 0
3625, -17
3626, -17
3627, -9
3628, -7
3629, -7
3630, -8
3631, -9
3632, 0
3633, 0
3634, 0
3635, -18
3636, -18
3637, -17
3638, 0
3639, -13
3640, 0
3641, 0
3642, -25
3643, -18
3644, -17
3645, 0
3646, -13
3647, -15
3648, 0
3649, 0
3650, 0
3651, 0
3652, -17
3653, -17
3654, -19
3655, -18
3656, 0
3657, 0
3658, 0
3659, -17
3660, -16
3661, -17
3662, -17
3663, -17
3664, 0
3665, 0
3666, 0
3667, -17
3668, 0
3669, -15
3670, 0
3671, -18
3672, 0
3673, 0
3674, -32
3675, -24
3676, -23
3677, -21
3678, 0
3679, -24
3680, -25
3681, -25
3682, -23
3683, -11
3684, -10
3685, -7
3686, -8
3687, -10
3688, 0
3689, 0
3690, -27
3691, -19
3692, -17
3693, -17
3694, 0
3695, -12
3696, -13
3697, 0
3698, -16
3699, 0
3700, 0
3701, 0
3702, -7
3703, -8
3704, 0
3705, 0
3706, -23
3707, -8
3708, 0
3709, -6
3710, 0
3711, -10
3712, 0
3713, 0
3714, -16
3715, 0
3716, -8
3717, -5
3718, -7
3719, -7
3720, 0
3721, 0
3722, -16
3723, -8
3724, -8
3725, 0
3726, -6
3727, -10
3728, 0
3729, 0
3730, 0
3731, -22
3732, -18
3733, -17
3734, -18
3735, -15
3736, -16
3737, -15
3738, -15
3739, -10
3740, -5
3741, 2
3742, -2
3743, -1
3744, 0
3745, 0
3746, 0
3747, -9
3748, -10
3749, 0
3750, -6
3751, 0
3752, 0
3753, 0
3754, -26
3755, 0
3756, 0
3757, 0
3758, -15
3759, -17
3760, -15
3761, 0
3762, -16
3763, 1
3764, 0
3765, 0
3766, 0
3767, 2
3768, 0
3769, 0
3770, -16
3771, 0
3772, 0
3773, 0
3774, 0
3775, 0
3776, 0
3777, 0
3778, -7
3779, -1
3780, 8
3781, 0
3782, 0
3783, 0
3784, 0
3785, 0
3786, 0
3787, 0
3788, 0
3789, 0
3790, 1
3791, 1
3792, 0
3793, 0
3794, -15
3795, 0
3796, 0
3797, 0
3798, 3
3799, 1
3800, 0
3801, 0
3802, -19
3803, 0
3804, 0
3805, 0
3806, 0
3807, 0
3808, 0
3809, -1
3810, 0
3811, 0
3812, 6
3813, 17
3814, 15
3815, 13
3816, 0
3817, 0
3818, 0
3819, 0
3820, 0
3821, 1
3822, 1
3823, -1
3824, 0
3825, 0
3826, 0
3827, 0
3828, 0
3829, 0
3830, 0
3831, -2
3832, 0
3833, 0
3834, -9
3835, 1
3836, 8
3837, 9
3838, 7
3839, 9
3840, 0
3841, 0
3842, 1
3843, 2
3844, 0
3845, 8
3846, 8
3847, 7
3848, 0
3849, 0
3850, -7
3851, 0
3852, 0
3853, 0
3854, -2
3855, -1
3856, 0
3857, 0
3858, -17
3859, 0
3860, 0
3861, 0
3862, 0
3863, 1
3864, 0
3865, 0
3866, -8
3867, 1
3868, 7
3869, 8
3870, 8
3871, 7
3872, 0
3873, 0
3874, 0
3875, 0
3876, 5
3877, 5
3878, 5
3879, 6
3880, 0
3881, 0
3882, -8
3883, 0
3884, -2
3885, -1
3886, -1
3887, -1
3888, 0
3889, 0
3890, -16
3891, -5
3892, 0
3893, 0
3894, 0
3895, 0
3896, 0
3897, 0
3898, -8
3899, 0
3900, 5
3901, 0
3902, 8
3903, 9
3904, 0
3905, 0
3906, 0
3907, -3
3908, 0
3909, 8
3910, 8
3911, 6
3912, 0
3913, 0
3914, 0
3915, 4
3916, 6
3917, 16
3918, 16
3919, 16
3920, 0
3921, 0
3922, -1
3923, 0
3924, 6
3925, 7
3926, 16
3927, 15
3928, 0
3929, 0
3930, 0
3931, 0
3932, 2
3933, 15
3934, 0
3935, 16
3936, 0
3937, 0
3938, 0
3939, 1
3940, 2
3941, 8
3942, 9
3943, 7
3944, 0
3945, 0
3946, 0
3947, 0
3948, 0
3949, 8
3950, 8
3951, 7
3952, 0
3953, 5
3954, 2
3955, 2
3956, 0
3957, 16
3958, 0
3959, 18
3960, 0
3961, 0
3962, -1
3963, 7
3964, 0
3965, 9
3966, 0
3967, 6
3968, 0
3969, 0
3970, -9
3971, 0
3972, 5
3973, 6
3974, 0
3975, 8
3976, 0
3977, 0
3978, -8
3979, 0
3980, 0
3981, 0
3982, 0
3983, 8
3984, 0
3985, 0
3986, -10
3987, 0
3988, 0
3989, 7
3990, 0
3991, 5
3992, 0
3993, 0
3994, 0
3995, 2
3996, 0
3997, 11
3998, 15
3999, 15
4000, 0
4001, 0
4002, -1
4003, 2
4004, 0
4005, 16
4006, 15
4007, 15
4008, 0
4009, 0
4010, 0
4011, 0
4012, 3
4013, 0
4014, 0
4015, 10
4016, 0
4017, 0
4018, 0
4019, 0
4020, 0
4021, 18
4022, 18
4023, 17
4024, 0
4025, 0
4026, 0
4027, 0
4028, 8
4029, 6
4030, 15
4031, 17
4032, 0
4033, 0
4034, 0
4035, 0
4036, 14
4037, 17
4038, 17
4039, 16
4040, 0
4041, 0
4042, -2
4043, 0
4044, 4
4045, 18
4046, 17
4047, 17
4048, 0
4049, 0
4050, 0
4051, 1
4052, 3
4053, 0
4054, 18
4055, 0
4056, 0
4057, 0
4058, 0
4059, 2
4060, 0
4061, 13
4062, 18
4063, 16
4064, 0
4065, 0
4066, 0
4067, 2
4068, 5
4069, 14
4070, 15
4071, 17
4072, 0
4073, 0
4074, -1
4075, 0
4076, 0
4077, 17
4078, 0
4079, 16
4080, 0
4081, 0
4082, -1
4083, 3
4084, 0
4085, 15
4086, 15
4087, 16
4088, 0
4089, 0
4090, 2
4091, 0
4092, 0
4093, 17
4094, 17
4095, 17
4096, 0
4097, 0
4098, 0
4099, 0
4100, 8
4101, 0
4102, 23
4103, 0
4104, 0
4105, 0
4106, 13
4107, 15
4108, 19
4109, 31
4110, 33
4111, 31
4112, 0
4113, 0
4114, 17
4115, 18
4116, 28
4117, 32
4118, 32
4119, 32
4120, 0
4121, 0
4122, 8
4123, 0
4124, 11
4125, 16
4126, 15
4127, 17
4128, 0
4129, 0
4130, 0
4131, 3
4132, 0
4133, 10
4134, 0
4135, 15
4136, 0
4137, 0
4138, 0
4139, 10
4140, 9
4141, 9
4142, 0
4143, 25
4144, 0
4145, 0
4146, 5
4147, 0
4148, 8
4149, 17
4150, 0
4151, 16
4152, 0
4153, 0
4154, 0
4155, 0
4156, 9
4157, 23
4158, 24
4159, 25
4160, 0
4161, 0
4162, 0
4163, 0
4164, 9
4165, 26
4166, 0
4167, 24
4168, 0
4169, 0
4170, 7
4171, 0
4172, 1
4173, 26
4174, 0
4175, 23
4176, 0
4177, 0
4178, 11
4179, 0
4180, 0
4181, 42
4182, 0
4183, 38
4184, 0
4185, 0
4186, 0
4187, 18
4188, 24
4189, 38
4190, 40
4191, 38
4192, 0
4193, 0
4194, 16
4195, 18
4196, 25
4197, 33
4198, 0
4199, 33
4200, 0
4201, 0
4202, 0
4203, 22
4204, 27
4205, 38
4206, 48
4207, 48
4208, 0
4209, 0
4210, 0
4211, 15
4212, 17
4213, 32
4214, 31
4215, 32
4216, 0
4217, 0
4218, 16
4219, 19
4220, 26
4221, 27
4222, 40
4223, 40
4224, 0
4225, 0
4226, 15
4227, 15
4228, 26
4229, 33
4230, 40
4231, 39
4232, 0
4233, 0
4234, 0
4235, 21
4236, 0
4237, 0
4238, 31
4239, 32
4240, 0
4241, 0
4242, 8
4243, 10
4244, 20
4245, 38
4246, 41
4247, 40
4248, 0
4249, 0
4250, 13
4251, 15
4252, 23
4253, 36
4254, 39
4255, 40
4256, 0
4257, 0
4258, 0
4259, 0
4260, 29
4261, 42
4262, 49
4263, 49
4264, 0
4265, 0
4266, 11
4267, 13
4268, 21
4269, 40
4270, 0
4271, 39
4272, 0
4273, 0
4274, 20
4275, 22
4276, 24
4277, 47
4278, 49
4279, 50
4280, 0
4281, 0
4282, 0
4283, 24
4284, 26
4285, 32
4286, 0
4287, 73
4288, 0
4289, 0
4290, 0
4291, 47
4292, 50
4293, 81
4294, 0
4295, 83
4296, 0
4297, 0
4298, 0
4299, 0
4300, 44
4301, 0
4302, 48
4303, 49
4304, 0
4305, 0
4306, 16
4307, 17
4308, 30
4309, 50
4310, 0
4311, 48
4312, 0
4313, 0
4314, 31
4315, 34
4316, 51
4317, 63
4318, 64
4319, 63
4320, 0
4321, 0
4322, 32
4323, 35
4324, 41
4325, 48
4326, 47
4327, 45
4328, 0
4329, 0
4330, 25
4331, 25
4332, 28
4333, 57
4334, 56
4335, 57
4336, 0
4337, 0
4338, 0
4339, 34
4340, 0
4341, 49
4342, 65
4343, 65
4344, 0
4345, 0
4346, 0
4347, 32
4348, 32
4349, 48
4350, 57
4351, 56
4352, 0
4353, 0
4354, 24
4355, 25
4356, 29
4357, 40
4358, 38
4359, 38
4360, 0
4361, 0
4362, 0
4363, 9
4364, 14
4365, 23
4366, 32
4367, 33
4368, 0
4369, 0
4370, 9
4371, 15
4372, 0
4373, 42
4374, 0
4375, 39
4376, 0
4377, 0
4378, 6
4379, 7
4380, 11
4381, 35
4382, 0
4383, 57
4384, 0
4385, 0
4386, 0
4387, 33
4388, 34
4389, 58
4390, 71
4391, 70
4392, 0
4393, 0
4394, 0
4395, 0
4396, 49
4397, 68
4398, 74
4399, 73
4400, 0
4401, 0
4402, 0
4403, 33
4404, 47
4405, 61
4406, 0
4407, 112
4408, 0
4409, 0
4410, 0
4411, 84
4412, 0
4413, 103
4414, 113
4415, 113
4416, 0
4417, 0
4418, 0
4419, 47
4420, 49
4421, 65
4422, 0
4423, 63
4424, 0
4425, 0
4426, 14
4427, 18
4428, 27
4429, 55
4430, 0
4431, 64
4432, 0
4433, 0
4434, 0
4435, 42
4436, 47
4437, 79
4438, 81
4439, 79
4440, 0
4441, 0
4442, 0
4443, 51
4444, 61
4445, 80
4446, 87
4447, 88
4448, 0
4449, 0
4450, 0
4451, 49
4452, 53
4453, 99
4454, 0
4455, 96
4456, 0
4457, 0
4458, 0
4459, 0
4460, 66
4461, 82
4462, 79
4463, 79
4464, 0
4465, 0
4466, 0
4467, 58
4468, 0
4469, 0
4470, 106
4471, 106
4472, 0
4473, 0
4474, 0
4475, 42
4476, 46
4477, 96
4478, 96
4479, 94
4480, 0
4481, 0
4482, 0
4483, 0
4484, 60
4485, 76
4486, 0
4487, 95
4488, 0
4489, 0
4490, 0
4491, 56
4492, 60
4493, 89
4494, 104
4495, 102
4496, 0
4497, 0
4498, 63
4499, 63
4500, 68
4501, 94
4502, 119
4503, 120
4504, 0
4505, 0
4506, 0
4507, 87
4508, 94
4509, 97
4510, 105
4511, 104
4512, 0
4513, 0
4514, 0
4515, 0
4516, 60
4517, 106
4518, 0
4519, 127
4520, 0
4521, 0
4522, 65
4523, 66
4524, 77
4525, 120
4526, 126
4527, 152
4528, 0
4529, 0
4530, 0
4531, 83
4532, 94
4533, 113
4534, 118
4535, 143
4536, 0
4537, 0
4538, 0
4539, 83
4540, 96
4541, 192
4542, 214
4543, 247
4544, 0
4545, 0
4546, 0
4547, 162
4548, 179
4549, 266
4550, 0
4551, 328
4552, 0
4553, 0
4554, 0
4555, 243
4556, 284
4557, 403
4558, 0
