0, 0
1, 0
2, 0
3, 0
4, 0
5, 0
6, 0
7, 0
8, 0
9, 0
10, 0
11, 0
12, 0
13, 0
14, 0
15, 0
16, 0
17, 0
18, 0
19, 0
20, 0
21, 0
22, 0
23, 0
24, 0
25, 0
26, 0
27, 0
28, 0
29, 0
30, 0
31, 0
32, 0
33, 0
34, 0
35, 0
36, 0
37, 0
38, 0
39, 0
40, 0
41, 0
42, 0
43, 0
44, 0
45, 0
46, 0
47, 0
48, 0
49, 0
50, 0
51, 0
52, 0
53, 0
54, 0
55, 0
56, 0
57, 0
58, 0
59, 0
60, 0
61, 0
62, 0
63, 0
64, 0
65, 0
66, 0
67, 0
68, 0
69, 0
70, 0
71, 0
72, 0
73, 0
74, 0
75, 0
76, 0
77, 0
78, 0
79, 0
80, 0
81, 0
82, 0
83, 0
84, 0
85, 0
86, 0
87, 0
88, 0
89, 0
90, 0
91, 0
92, 0
93, 0
94, 0
95, 0
96, 0
97, 0
98, 0
99, 0
100, 0
101, 0
102, 0
103, 0
104, 0
105, 0
106, 0
107, 0
108, 0
109, 0
110, 0
111, 0
112, 0
113, 0
114, 0
115, 0
116, 0
117, 0
118, 0
119, 0
120, 0
121, 0
122, 0
123, 0
124, 0
125, 0
126, 0
127, 0
128, 0
129, 0
130, 0
131, 0
132, 0
133, 0
134, 0
135, 0
136, 0
137, 0
138, 0
139, 0
140, 0
141, 0
142, 0
143, 0
144, 0
145, 0
146, 0
147, 0
148, 0
149, 0
150, 0
151, 0
152, 0
153, 0
154, 0
155, 0
156, 0
157, 0
158, 0
159, 0
160, 0
161, 0
162, 0
163, 0
164, 0
165, 0
166, 0
167, 0
168, 0
169, 0
170, 0
171, 0
172, 0
173, 0
174, 0
175, 0
176, 0
177, 0
178, 0
179, 0
180, 0
181, 0
182, 0
183, 0
184, 0
185, 0
186, 0
187, 0
188, 0
189, 0
190, 0
191, 0
192, 0
193, 0
194, 0
195, 0
196, 0
197, 0
198, 0
199, 0
200, 0
201, 0
202, 0
203, 0
204, 0
205, 0
206, 0
207, 0
208, 0
209, 0
210, 0
211, 0
212, 0
213, 0
214, 0
215, 0
216, 0
217, 0
218, 0
219, 0
220, 0
221, 0
222, 0
223, 0
224, 0
225, 0
226, 0
227, 0
228, 0
229, 0
230, 0
231, 0
232, 0
233, 0
234, 0
235, 0
236, 0
237, 0
238, 0
239, 0
240, 0
241, 0
242, 0
243, 0
244, 0
245, 0
246, 0
247, 0
248, 0
249, 0
250, 0
251, 0
252, 0
253, 0
254, 0
255, 0
256, 0
257, 0
258, 0
259, 0
260, 0
261, 0
262, 0
263, 0
264, 0
265, 0
266, 0
267, 0
268, 0
269, 0
270, 0
271, 0
272, 0
273, 0
274, 0
275, 0
276, 0
277, 0
278, 0
279, 0
280, 0
281, 0
282, 0
283, 0
284, 0
285, 0
286, 0
287, 0
288, 0
289, 0
290, 0
291, 0
292, 0
293, 0
294, 0
295, 0
296, 0
297, 0
298, 0
299, 0
300, 0
301, 0
302, 0
303, 0
304, 0
305, 0
306, 0
307, 0
308, 0
309, 0
310, 0
311, 0
312, 0
313, 0
314, 0
315, 0
316, 0
317, 0
318, 0
319, 0
320, 0
321, 0
322, 0
323, 0
324, 0
325, 0
326, 0
327, 0
328, 0
329, 0
330, 0
331, 0
332, 0
333, 0
334, 0
335, 0
336, 0
337, 0
338, 0
339, 0
340, 0
341, 0
342, 0
343, 0
344, 0
345, 0
346, 0
347, 0
348, 0
349, 0
350, 0
351, 0
352, 0
353, 0
354, 0
355, 0
356, 0
357, 0
358, 0
359, 0
360, 0
361, 0
362, 0
363, 0
364, 0
365, 0
366, 0
367, 0
368, 0
369, 0
370, 0
371, 0
372, 0
373, 0
374, 0
375, 0
376, 0
377, 0
378, 0
379, 0
380, 0
381, 0
382, 0
383, 0
384, 0
385, 0
386, 0
387, 0
388, 0
389, 0
390, 0
391, 0
392, 0
393, 0
394, 0
395, 0
396, 0
397, 0
398, 0
399, 0
400, 0
401, 0
402, 0
403, 0
404, 0
405, 0
406, 0
407, 0
408, 0
409, 0
410, 0
411, 0
412, 0
413, 0
414, 0
415, 0
416, 0
417, 0
418, 0
419, 0
420, 0
421, 0
422, 0
423, 0
424, 0
425, 0
426, 0
427, 0
428, 0
429, 0
430, 0
431, 0
432, 0
433, 0
434, 0
435, 0
436, 0
437, 0
438, 0
439, 0
440, 0
441, 0
442, 0
443, 0
444, 0
445, 0
446, 0
447, 0
448, 0
449, 0
450, 0
451, 0
452, 0
453, 0
454, 0
455, 0
456, 0
457, 0
458, 0
459, 0
460, 0
461, 0
462, 0
463, 0
464, 0
465, 0
466, 0
467, 0
468, 0
469, 0
470, 0
471, 0
472, 0
473, 0
474, 0
475, 0
476, 0
477, 0
478, 0
479, 0
480, 0
481, 0
482, 0
483, 0
484, 0
485, 0
486, 0
487, 0
488, 0
489, 0
490, 0
491, 0
492, 0
493, 0
494, 0
495, 0
496, 0
497, 0
498, 0
499, 0
500, 0
501, 0
502, 0
503, 0
504, 0
505, 0
506, 0
507, 0
508, 0
509, 0
510, 0
511, 0
512, 0
513, 0
514, 0
515, 0
516, 0
517, 0
518, 0
519, 0
520, 0
521, 0
522, 0
523, 0
524, 0
525, 0
526, 0
527, 0
528, 0
529, 0
530, 0
531, 0
532, 0
533, 0
534, 0
535, 0
536, 0
537, 0
538, 0
539, 0
540, 0
541, 0
542, 0
543, 0
544, 0
545, 0
546, 0
547, 0
548, 0
549, 0
550, 0
551, 0
552, 0
553, 0
554, 0
555, 0
556, 0
557, 0
558, 0
559, 0
560, 0
561, 0
562, 0
563, 0
564, 0
565, 0
566, 0
567, 0
568, 0
569, 0
570, 0
571, 0
572, 0
573, 0
574, 0
575, 0
576, 0
577, 0
578, 0
579, 0
580, 0
581, 0
582, 0
583, 0
584, 0
585, 0
586, 0
587, 0
588, 0
589, 0
590, 0
591, 0
592, 0
593, 0
594, 0
595, 0
596, 0
597, 0
598, 0
599, 0
600, 0
601, 0
602, 0
603, 0
604, 0
605, 0
606, 0
607, 0
608, 0
609, 0
610, 0
611, 0
612, 0
613, 0
614, 0
615, 0
616, 0
617, 0
618, 0
619, 0
620, 0
621, 0
622, 0
623, 0
624, 0
625, 0
626, 0
627, 0
628, 0
629, 0
630, 0
631, 0
632, 0
633, 0
634, 0
635, 0
636, 0
637, 0
638, 0
639, 0
640, 0
641, 0
642, 0
643, 0
644, 0
645, 0
646, 0
647, 0
648, 0
649, 0
650, 0
651, 0
652, 0
653, 0
654, 0
655, 0
656, 0
657, 0
658, 0
659, 0
660, 0
661, 0
662, 0
663, 0
664, 0
665, 0
666, 0
667, 0
668, 0
669, 0
670, 0
671, 0
672, 0
673, 0
674, 0
675, 0
676, 0
677, 0
678, 0
679, 0
680, 0
681, 0
682, 0
683, 0
684, 0
685, 0
686, 0
687, 0
688, 0
689, 0
690, 0
691, 0
692, 0
693, 0
694, 0
695, 0
696, 0
697, 0
698, 0
699, 0
700, 0
701, 0
702, 0
703, 0
704, 0
705, 0
706, 0
707, 0
708, 0
709, 0
710, 0
711, 0
712, 0
713, 0
714, 0
715, 0
716, 0
717, 0
718, 0
719, 0
720, 0
721, 0
722, 0
723, 0
724, 0
725, 0
726, 0
727, 0
728, 0
729, 0
730, 0
731, 0
732, 0
733, 0
734, 0
735, 0
736, 0
737, 0
738, 0
739, 0
740, 0
741, 0
742, 0
743, 0
744, 0
745, 0
746, 0
747, 0
748, 0
749, 0
750, 0
751, 0
752, 0
753, 0
754, 0
755, 0
756, 0
757, 0
758, 0
759, 0
760, 0
761, 0
762, 0
763, 0
764, 0
765, 0
766, 0
767, 0
768, 0
769, 0
770, 0
771, 0
772, 0
773, 0
774, 0
775, 0
776, 0
777, 0
778, 0
779, 0
780, 0
781, 0
782, 0
783, 0
784, 0
785, 0
786, 0
787, 0
788, 0
789, 0
790, 0
791, 0
792, 0
793, 0
794, 0
795, 0
796, 0
797, 0
798, 0
799, 0
800, 0
801, 0
802, 0
803, 0
804, 0
805, 0
806, 0
807, 0
808, 0
809, 0
810, 0
811, 0
812, 0
813, 0
814, 0
815, 0
816, 0
817, 0
818, 0
819, 0
820, 0
821, 0
822, 0
823, 0
824, 0
825, 0
826, 0
827, 0
828, 0
829, 0
830, 0
831, 0
832, 0
833, 0
834, 0
835, 0
836, 0
837, 0
838, 0
839, 0
840, 0
841, 0
842, 0
843, 0
844, 0
845, 0
846, 0
847, 0
848, 0
849, 0
850, 0
851, 0
852, 0
853, 0
854, 0
855, 0
856, 0
857, 0
858, 0
859, 0
860, 0
861, 0
862, 0
863, 0
864, 0
865, 0
866, 0
867, 0
868, 0
869, 0
870, 0
871, 0
872, 0
873, 0
874, 0
875, 0
876, 0
877, 0
878, 0
879, 0
880, 0
881, 0
882, 0
883, 0
884, 0
885, 0
886, 0
887, 0
888, 0
889, 0
890, 0
891, 0
892, 0
893, 0
894, 0
895, 0
896, 0
897, 0
898, 0
899, 0
900, 0
901, 0
902, 0
903, 0
904, 0
905, 0
906, 0
907, 0
908, 0
909, 0
910, 0
911, 0
912, 0
913, 0
914, 0
915, 0
916, 0
917, 0
918, 0
919, 0
920, 0
921, 0
922, 0
923, 0
924, 0
925, 0
926, 0
927, 0
928, 0
929, 0
930, 0
931, 0
932, 0
933, 0
934, 0
935, 0
936, 0
937, 0
938, 0
939, 0
940, 0
941, 0
942, 0
943, 0
944, 0
945, 0
946, 0
947, 0
948, 0
949, 0
950, 0
951, 0
952, 0
953, 0
954, 0
955, 0
956, 0
957, 0
958, 0
959, 0
960, 0
961, 0
962, 0
963, 0
964, 0
965, 0
966, 0
967, 0
968, 0
969, 0
970, 0
971, 0
972, 0
973, 0
974, 0
975, 0
976, 0
977, 0
978, 0
979, 0
980, 0
981, 0
982, 0
983, 0
984, 0
985, 0
986, 0
987, 0
988, 0
989, 0
990, 0
991, 0
992, 0
993, 0
994, 0
995, 0
996, 0
997, 0
998, 0
999, 0
1000, 0
1001, 0
1002, 0
1003, 0
1004, 0
1005, 0
1006, 0
1007, 0
1008, 0
1009, 0
1010, 0
1011, 0
1012, 0
1013, 0
1014, 0
1015, 0
1016, 0
1017, 0
1018, 0
1019, 0
1020, 0
1021, 0
1022, 0
1023, 0
1024, 0
1025, 0
1026, 0
1027, 0
1028, 0
1029, 0
1030, 0
1031, 0
1032, 0
1033, 0
1034, 0
1035, 0
1036, 0
1037, 0
1038, 0
1039, 0
1040, 0
1041, 0
1042, 0
1043, 0
1044, 0
1045, 0
1046, 0
1047, 0
1048, 0
1049, 0
1050, 0
1051, 0
1052, 0
1053, 0
1054, 0
1055, 0
1056, 0
1057, 0
1058, 0
1059, 0
1060, 0
1061, 0
1062, 0
1063, 0
1064, 0
1065, 0
1066, 0
1067, 0
1068, 0
1069, 0
1070, 0
1071, 0
1072, 0
1073, 0
1074, 1971
1075, 0
1076, 1952
1077, 1949
1078, 1952
1079, 1952
1080, 0
1081, 0
1082, 0
1083, 1825
1084, 1823
1085, 1821
1086, 1819
1087, 1822
1088, 1808
1089, 1727
1090, 1713
1091, 1690
1092, 0
1093, 1684
1094, 0
1095, 1685
1096, 0
1097, 0
1098, 1617
1099, 1607
1100, 0
1101, 1607
1102, 1606
1103, 1607
1104, 1607
1105, 1593
1106, 1536
1107, 1528
1108, 1525
1109, 1527
1110, 1527
1111, 1528
1112, 0
1113, 0
1114, 1502
1115, 1489
1116, 1488
1117, 1486
1118, 1482
1119, 1483
1120, 0
1121, 0
1122, 0
1123, 1433
1124, 1429
1125, 1430
1126, 0
1127, 1431
1128, 1413
1129, 1385
1130, 1379
1131, 1370
1132, 1368
1133, 1366
1134, 1367
1135, 1368
1136, 0
1137, 0
1138, 0
1139, 1330
1140, 1327
1141, 1327
1142, 1328
1143, 1328
1144, 0
1145, 0
1146, 1295
1147, 1289
1148, 1287
1149, 1285
1150, 0
1151, 1284
1152, 0
1153, 0
1154, 0
1155, 0
1156, 0
1157, 1245
1158, 0
1159, 1246
1160, 0
1161, 0
1162, 1218
1163, 1216
1164, 0
1165, 0
1166, 0
1167, 0
1168, 0
1169, 0
1170, 0
1171, 1177
1172, 1175
1173, 1174
1174, 1174
1175, 0
1176, 0
1177, 0
1178, 1147
1179, 1145
1180, 1144
1181, 1143
1182, 1142
1183, 1141
1184, 0
1185, 0
1186, 1133
1187, 1122
1188, 1119
1189, 1115
1190, 0
1191, 0
1192, 0
1193, 0
1194, 1096
1195, 1089
1196, 1088
1197, 1087
1198, 1086
1199, 1086
1200, 0
1201, 0
1202, 1070
1203, 1063
1204, 1063
1205, 1062
1206, 1062
1207, 1062
1208, 0
1209, 0
1210, 1040
1211, 1033
1212, 1032
1213, 1030
1214, 1032
1215, 1032
1216, 0
1217, 0
1218, 1017
1219, 1010
1220, 1007
1221, 1006
1222, 0
1223, 1004
1224, 0
1225, 0
1226, 990
1227, 984
1228, 983
1229, 982
1230, 982
1231, 982
1232, 0
1233, 0
1234, 973
1235, 969
1236, 967
1237, 966
1238, 965
1239, 964
1240, 0
1241, 0
1242, 0
1243, 0
1244, 0
1245, 940
1246, 0
1247, 942
1248, 0
1249, 0
1250, 930
1251, 922
1252, 920
1253, 917
1254, 0
1255, 914
1256, 0
1257, 0
1258, 916
1259, 904
1260, 903
1261, 901
1262, 0
1263, 902
1264, 0
1265, 0
1266, 896
1267, 880
1268, 877
1269, 877
1270, 0
1271, 0
1272, 0
1273, 0
1274, 860
1275, 857
1276, 855
1277, 853
1278, 854
1279, 0
1280, 0
1281, 0
1282, 0
1283, 847
1284, 847
1285, 847
1286, 846
1287, 847
1288, 0
1289, 0
1290, 834
1291, 831
1292, 831
1293, 830
1294, 831
1295, 832
1296, 0
1297, 0
1298, 823
1299, 818
1300, 815
1301, 814
1302, 814
1303, 815
1304, 0
1305, 0
1306, 0
1307, 806
1308, 0
1309, 804
1310, 0
1311, 805
1312, 0
1313, 805
1314, 0
1315, 798
1316, 798
1317, 800
1318, 800
1319, 798
1320, 0
1321, 0
1322, 0
1323, 792
1324, 789
1325, 790
1326, 789
1327, 790
1328, 0
1329, 0
1330, 0
1331, 776
1332, 775
1333, 774
1334, 775
1335, 774
1336, 0
1337, 0
1338, 0
1339, 759
1340, 0
1341, 758
1342, 0
1343, 760
1344, 0
1345, 0
1346, 765
1347, 753
1348, 750
1349, 750
1350, 751
1351, 749
1352, 0
1353, 0
1354, 0
1355, 744
1356, 742
1357, 740
1358, 742
1359, 741
1360, 0
1361, 0
1362, 0
1363, 729
1364, 729
1365, 731
1366, 734
1367, 734
1368, 0
1369, 0
1370, 749
1371, 736
1372, 734
1373, 733
1374, 0
1375, 735
1376, 0
1377, 0
1378, 723
1379, 719
1380, 718
1381, 718
1382, 720
1383, 719
1384, 0
1385, 0
1386, 717
1387, 706
1388, 703
1389, 704
1390, 703
1391, 702
1392, 0
1393, 0
1394, 721
1395, 714
1396, 711
1397, 710
1398, 0
1399, 712
1400, 0
1401, 0
1402, 0
1403, 713
1404, 710
1405, 710
1406, 709
1407, 710
1408, 0
1409, 0
1410, 706
1411, 704
1412, 0
1413, 701
1414, 702
1415, 703
1416, 0
1417, 0
1418, 712
1419, 711
1420, 710
1421, 710
1422, 0
1423, 0
1424, 0
1425, 0
1426, 707
1427, 703
1428, 703
1429, 703
1430, 702
1431, 703
1432, 0
1433, 0
1434, 0
1435, 0
1436, 684
1437, 0
1438, 687
1439, 687
1440, 0
1441, 0
1442, 712
1443, 697
1444, 693
1445, 692
1446, 0
1447, 0
1448, 0
1449, 0
1450, 0
1451, 679
1452, 0
1453, 677
1454, 0
1455, 678
1456, 0
1457, 0
1458, 683
1459, 672
1460, 670
1461, 670
1462, 0
1463, 670
1464, 0
1465, 680
1466, 672
1467, 654
1468, 653
1469, 654
1470, 654
1471, 654
1472, 0
1473, 0
1474, 0
1475, 657
1476, 654
1477, 654
1478, 655
1479, 656
1480, 0
1481, 0
1482, 663
1483, 657
1484, 656
1485, 654
1486, 653
1487, 653
1488, 0
1489, 0
1490, 0
1491, 650
1492, 0
1493, 644
1494, 0
1495, 645
1496, 0
1497, 0
1498, 0
1499, 641
1500, 0
1501, 638
1502, 0
1503, 638
1504, 0
1505, 0
1506, 0
1507, 0
1508, 0
1509, 637
1510, 0
1511, 637
1512, 0
1513, 0
1514, 646
1515, 0
1516, 636
1517, 638
1518, 639
1519, 637
1520, 0
1521, 0
1522, 0
1523, 640
1524, 639
1525, 638
1526, 639
1527, 639
1528, 0
1529, 0
1530, 645
1531, 642
1532, 638
1533, 638
1534, 0
1535, 0
1536, 0
1537, 0
1538, 643
1539, 634
1540, 631
1541, 630
1542, 0
1543, 631
1544, 0
1545, 0
1546, 639
1547, 632
1548, 631
1549, 629
1550, 0
1551, 631
1552, 0
1553, 0
1554, 0
1555, 617
1556, 616
1557, 616
1558, 615
1559, 614
1560, 0
1561, 0
1562, 621
1563, 616
1564, 615
1565, 614
1566, 616
1567, 616
1568, 0
1569, 0
1570, 629
1571, 618
1572, 616
1573, 614
1574, 615
1575, 613
1576, 0
1577, 0
1578, 614
1579, 606
1580, 604
1581, 608
1582, 607
1583, 606
1584, 0
1585, 0
1586, 611
1587, 609
1588, 607
1589, 605
1590, 606
1591, 608
1592, 0
1593, 0
1594, 0
1595, 598
1596, 0
1597, 599
1598, 0
1599, 596
1600, 0
1601, 0
1602, 0
1603, 0
1604, 597
1605, 0
1606, 0
1607, 597
1608, 0
1609, 0
1610, 0
1611, 593
1612, 591
1613, 591
1614, 0
1615, 590
1616, 0
1617, 0
1618, 595
1619, 590
1620, 588
1621, 588
1622, 590
1623, 591
1624, 0
1625, 0
1626, 588
1627, 588
1628, 587
1629, 585
1630, 0
1631, 591
1632, 0
1633, 0
1634, 588
1635, 585
1636, 581
1637, 580
1638, 581
1639, 582
1640, 0
1641, 0
1642, 581
1643, 573
1644, 0
1645, 571
1646, 0
1647, 576
1648, 0
1649, 0
1650, 598
1651, 589
1652, 588
1653, 590
1654, 591
1655, 591
1656, 0
1657, 0
1658, 0
1659, 594
1660, 590
1661, 592
1662, 591
1663, 592
1664, 0
1665, 0
1666, 589
1667, 585
1668, 583
1669, 584
1670, 584
1671, 584
1672, 0
1673, 597
1674, 0
1675, 588
1676, 589
1677, 592
1678, 590
1679, 591
1680, 0
1681, 0
1682, 578
1683, 576
1684, 576
1685, 575
1686, 575
1687, 576
1688, 0
1689, 0
1690, 582
1691, 581
1692, 581
1693, 582
1694, 582
1695, 583
1696, 0
1697, 0
1698, 583
1699, 578
1700, 575
1701, 573
1702, 574
1703, 576
1704, 0
1705, 0
1706, 0
1707, 583
1708, 581
1709, 580
1710, 583
1711, 0
1712, 0
1713, 0
1714, 582
1715, 577
1716, 575
1717, 575
1718, 576
1719, 575
1720, 0
1721, 0
1722, 584
1723, 584
1724, 582
1725, 580
1726, 0
1727, 582
1728, 0
1729, 0
1730, 575
1731, 569
1732, 568
1733, 566
1734, 567
1735, 568
1736, 0
1737, 0
1738, 0
1739, 577
1740, 575
1741, 575
1742, 574
1743, 574
1744, 0
1745, 0
1746, 582
1747, 576
1748, 575
1749, 574
1750, 0
1751, 0
1752, 0
1753, 0
1754, 570
1755, 568
1756, 566
1757, 566
1758, 568
1759, 567
1760, 0
1761, 0
1762, 0
1763, 575
1764, 575
1765, 574
1766, 574
1767, 575
1768, 574
1769, 576
1770, 566
1771, 0
1772, 557
1773, 559
1774, 559
1775, 559
1776, 0
1777, 0
1778, 568
1779, 0
1780, 566
1781, 567
1782, 567
1783, 565
1784, 0
1785, 0
1786, 564
1787, 0
1788, 558
1789, 559
1790, 560
1791, 558
1792, 0
1793, 568
1794, 0
1795, 564
1796, 0
1797, 568
1798, 566
1799, 565
1800, 566
1801, 564
1802, 0
1803, 0
1804, 0
1805, 560
1806, 560
1807, 560
1808, 0
1809, 0
1810, 572
1811, 573
1812, 574
1813, 575
1814, 573
1815, 571
1816, 0
1817, 0
1818, 546
1819, 0
1820, 536
1821, 536
1822, 0
1823, 532
1824, 532
1825, 0
1826, 521
1827, 517
1828, 511
1829, 512
1830, 511
1831, 512
1832, 0
1833, 0
1834, 510
1835, 511
1836, 508
1837, 511
1838, 510
1839, 0
1840, 509
1841, 0
1842, 509
1843, 509
1844, 502
1845, 503
1846, 504
1847, 502
1848, 0
1849, 0
1850, 0
1851, 0
1852, 0
1853, 0
1854, 0
1855, 0
1856, 0
1857, 0
1858, 0
1859, 0
1860, 0
1861, 0
1862, 0
1863, 0
1864, 0
1865, 0
1866, 524
1867, 0
1868, 518
1869, 518
1870, 519
1871, 518
1872, 0
1873, 0
1874, 0
1875, 528
1876, 518
1877, 517
1878, 519
1879, 519
1880, 518
1881, 0
1882, 510
1883, 0
1884, 0
1885, 502
1886, 503
1887, 503
1888, 0
1889, 0
1890, 0
1891, 510
1892, 510
1893, 507
1894, 509
1895, 0
1896, 0
1897, 0
1898, 0
1899, 497
1900, 486
1901, 485
1902, 0
1903, 488
1904, 0
1905, 0
1906, 0
1907, 0
1908, 504
1909, 503
1910, 502
1911, 0
1912, 0
1913, 0
1914, 510
1915, 512
1916, 503
1917, 504
1918, 503
1919, 501
1920, 0
1921, 0
1922, 517
1923, 512
1924, 502
1925, 504
1926, 503
1927, 504
1928, 501
1929, 497
1930, 496
1931, 494
1932, 493
1933, 494
1934, 494
1935, 496
1936, 0
1937, 0
1938, 504
1939, 503
1940, 495
1941, 495
1942, 491
1943, 495
1944, 0
1945, 0
1946, 498
1947, 0
1948, 493
1949, 0
1950, 491
1951, 494
1952, 0
1953, 0
1954, 0
1955, 503
1956, 494
1957, 493
1958, 496
1959, 0
1960, 492
1961, 495
1962, 489
1963, 487
1964, 480
1965, 480
1966, 478
1967, 478
1968, 0
1969, 0
1970, 480
1971, 0
1972, 478
1973, 477
1974, 478
1975, 477
1976, 0
1977, 0
1978, 487
1979, 486
1980, 478
1981, 479
1982, 479
1983, 480
1984, 0
1985, 0
1986, 484
1987, 480
1988, 0
1989, 478
1990, 0
1991, 0
1992, 477
1993, 0
1994, 480
1995, 478
1996, 472
1997, 472
1998, 471
1999, 470
2000, 0
2001, 0
2002, 0
2003, 478
2004, 479
2005, 478
2006, 478
2007, 477
2008, 475
2009, 479
2010, 479
2011, 478
2012, 478
2013, 477
2014, 479
2015, 480
2016, 0
2017, 0
2018, 490
2019, 487
2020, 479
2021, 478
2022, 0
2023, 0
2024, 477
2025, 476
2026, 477
2027, 0
2028, 477
2029, 478
2030, 478
2031, 477
2032, 477
2033, 479
2034, 475
2035, 471
2036, 462
2037, 463
2038, 463
2039, 463
2040, 0
2041, 0
2042, 478
2043, 479
2044, 479
2045, 478
2046, 479
2047, 478
2048, 475
2049, 478
2050, 474
2051, 469
2052, 0
2053, 464
2054, 463
2055, 463
2056, 0
2057, 0
2058, 479
2059, 477
2060, 475
2061, 474
2062, 479
2063, 479
2064, 476
2065, 477
2066, 476
2067, 472
2068, 463
2069, 463
2070, 464
2071, 464
2072, 0
2073, 0
2074, 472
2075, 470
2076, 470
2077, 472
2078, 472
2079, 0
2080, 0
2081, 0
2082, 0
2083, 468
2084, 0
2085, 463
2086, 463
2087, 463
2088, 462
2089, 464
2090, 0
2091, 457
2092, 0
2093, 464
2094, 462
2095, 461
2096, 0
2097, 0
2098, 0
2099, 469
2100, 471
2101, 470
2102, 470
2103, 471
2104, 471
2105, 470
2106, 471
2107, 470
2108, 462
2109, 462
2110, 462
2111, 463
2112, 462
2113, 463
2114, 462
2115, 456
2116, 456
2117, 454
2118, 455
2119, 456
2120, 0
2121, 0
2122, 0
2123, 469
2124, 464
2125, 462
2126, 461
2127, 462
2128, 462
2129, 461
2130, 457
2131, 457
2132, 455
2133, 451
2134, 454
2135, 455
2136, 0
2137, 0
2138, 463
2139, 459
2140, 451
2141, 452
2142, 0
2143, 454
2144, 0
2145, 0
2146, 463
2147, 0
2148, 454
2149, 0
2150, 456
2151, 454
2152, 454
2153, 454
2154, 454
2155, 454
2156, 447
2157, 447
2158, 448
2159, 447
2160, 0
2161, 0
2162, 0
2163, 462
2164, 461
2165, 461
2166, 0
2167, 464
2168, 462
2169, 463
2170, 457
2171, 453
2172, 456
2173, 456
2174, 454
2175, 454
2176, 454
2177, 454
2178, 453
2179, 454
2180, 448
2181, 448
2182, 445
2183, 448
2184, 0
2185, 0
2186, 455
2187, 447
2188, 445
2189, 446
2190, 446
2191, 448
2192, 0
2193, 0
2194, 456
2195, 452
2196, 446
2197, 446
2198, 445
2199, 444
2200, 445
2201, 448
2202, 447
2203, 444
2204, 446
2205, 445
2206, 445
2207, 0
2208, 0
2209, 0
2210, 449
2211, 447
2212, 440
2213, 439
2214, 436
2215, 439
2216, 0
2217, 0
2218, 447
2219, 447
2220, 445
2221, 444
2222, 445
2223, 448
2224, 0
2225, 445
2226, 438
2227, 437
2228, 437
2229, 439
2230, 438
2231, 0
2232, 0
2233, 0
2234, 0
2235, 444
2236, 438
2237, 438
2238, 438
2239, 0
2240, 0
2241, 0
2242, 448
2243, 455
2244, 454
2245, 453
2246, 453
2247, 454
2248, 454
2249, 456
2250, 0
2251, 442
2252, 445
2253, 446
2254, 446
2255, 446
2256, 0
2257, 0
2258, 455
2259, 452
2260, 447
2261, 447
2262, 446
2263, 446
2264, 446
2265, 446
2266, 446
2267, 441
2268, 440
2269, 439
2270, 440
2271, 440
2272, 0
2273, 0
2274, 447
2275, 446
2276, 447
2277, 0
2278, 0
2279, 447
2280, 0
2281, 0
2282, 0
2283, 0
2284, 448
2285, 447
2286, 446
2287, 447
2288, 447
2289, 447
2290, 448
2291, 448
2292, 0
2293, 446
2294, 0
2295, 445
2296, 0
2297, 453
2298, 447
2299, 446
2300, 0
2301, 446
2302, 0
2303, 447
2304, 446
2305, 0
2306, 445
2307, 0
2308, 447
2309, 445
2310, 444
2311, 446
2312, 0
2313, 0
2314, 0
2315, 456
2316, 447
2317, 446
2318, 446
2319, 448
2320, 447
2321, 445
2322, 441
2323, 440
2324, 437
2325, 437
2326, 439
2327, 439
2328, 0
2329, 448
2330, 448
2331, 447
2332, 439
2333, 439
2334, 438
2335, 437
2336, 436
2337, 0
2338, 0
2339, 437
2340, 0
2341, 437
2342, 439
2343, 439
2344, 0
2345, 0
2346, 0
2347, 441
2348, 440
2349, 438
2350, 438
2351, 438
2352, 439
2353, 440
2354, 440
2355, 438
2356, 438
2357, 438
2358, 438
2359, 438
2360, 438
2361, 438
2362, 439
2363, 437
2364, 429
2365, 428
2366, 427
2367, 427
2368, 0
2369, 0
2370, 437
2371, 432
2372, 430
2373, 431
2374, 431
2375, 431
2376, 431
2377, 431
2378, 431
2379, 431
2380, 429
2381, 430
2382, 431
2383, 440
2384, 0
2385, 0
2386, 447
2387, 447
2388, 440
2389, 439
2390, 438
2391, 438
2392, 437
2393, 0
2394, 428
2395, 0
2396, 431
2397, 429
2398, 431
2399, 430
2400, 0
2401, 0
2402, 0
2403, 439
2404, 439
2405, 440
2406, 438
2407, 437
2408, 0
2409, 437
2410, 0
2411, 439
2412, 440
2413, 440
2414, 438
2415, 0
2416, 0
2417, 0
2418, 447
2419, 447
2420, 447
2421, 447
2422, 448
2423, 448
2424, 447
2425, 445
2426, 439
2427, 0
2428, 429
2429, 0
2430, 432
2431, 431
2432, 427
2433, 427
2434, 429
2435, 424
2436, 423
2437, 422
2438, 423
2439, 424
2440, 424
2441, 423
2442, 424
2443, 422
2444, 424
2445, 424
2446, 423
2447, 423
2448, 0
2449, 0
2450, 440
2451, 438
2452, 430
2453, 430
2454, 428
2455, 425
2456, 431
2457, 432
2458, 432
2459, 430
2460, 0
2461, 430
2462, 0
2463, 431
2464, 431
2465, 429
2466, 0
2467, 422
2468, 0
2469, 421
2470, 421
2471, 423
2472, 422
2473, 424
2474, 424
2475, 423
2476, 421
2477, 420
2478, 422
2479, 0
2480, 420
2481, 0
2482, 422
2483, 418
2484, 423
2485, 423
2486, 423
2487, 424
2488, 0
2489, 0
2490, 431
2491, 431
2492, 431
2493, 430
2494, 430
2495, 431
2496, 0
2497, 0
2498, 440
2499, 431
2500, 423
2501, 423
2502, 424
2503, 0
2504, 421
2505, 0
2506, 424
2507, 422
2508, 424
2509, 423
2510, 424
2511, 423
2512, 423
2513, 424
2514, 422
2515, 422
2516, 424
2517, 423
2518, 424
2519, 423
2520, 422
2521, 422
2522, 421
2523, 421
2524, 422
2525, 421
2526, 422
2527, 424
2528, 423
2529, 423
2530, 0
2531, 420
2532, 0
2533, 424
2534, 423
2535, 424
2536, 423
2537, 419
2538, 422
2539, 422
2540, 416
2541, 416
2542, 416
2543, 416
2544, 0
2545, 0
2546, 423
2547, 423
2548, 422
2549, 423
2550, 422
2551, 421
2552, 0
2553, 0
2554, 0
2555, 421
2556, 423
2557, 423
2558, 423
2559, 421
2560, 423
2561, 423
2562, 423
2563, 422
2564, 422
2565, 422
2566, 423
2567, 422
2568, 421
2569, 0
2570, 421
2571, 0
2572, 0
2573, 423
2574, 422
2575, 424
2576, 424
2577, 0
2578, 421
2579, 421
2580, 0
2581, 423
2582, 423
2583, 422
2584, 423
2585, 423
2586, 421
2587, 422
2588, 421
2589, 0
2590, 423
2591, 423
2592, 424
2593, 423
2594, 423
2595, 422
2596, 414
2597, 416
2598, 416
2599, 415
2600, 415
2601, 414
2602, 415
2603, 414
2604, 414
2605, 415
2606, 413
2607, 413
2608, 415
2609, 416
2610, 414
2611, 415
2612, 415
2613, 416
2614, 415
2615, 414
2616, 414
2617, 415
2618, 416
2619, 417
2620, 420
2621, 423
2622, 424
2623, 422
2624, 0
2625, 0
2626, 423
2627, 422
2628, 421
2629, 421
2630, 423
2631, 422
2632, 0
2633, 0
2634, 0
2635, 428
2636, 429
2637, 432
2638, 0
2639, 0
2640, 0
2641, 0
2642, 431
2643, 431
2644, 430
2645, 430
2646, 431
2647, 431
2648, 430
2649, 431
2650, 430
2651, 430
2652, 431
2653, 429
2654, 430
2655, 430
2656, 430
2657, 431
2658, 0
2659, 430
2660, 431
2661, 431
2662, 429
2663, 428
2664, 431
2665, 432
2666, 432
2667, 429
2668, 428
2669, 430
2670, 431
2671, 428
2672, 427
2673, 429
2674, 426
2675, 424
2676, 421
2677, 424
2678, 423
2679, 421
2680, 421
2681, 423
2682, 422
2683, 420
2684, 422
2685, 422
2686, 424
2687, 424
2688, 422
2689, 423
2690, 416
2691, 416
2692, 408
2693, 407
2694, 408
2695, 408
2696, 0
2697, 404
2698, 0
2699, 407
2700, 408
2701, 407
2702, 406
2703, 406
2704, 406
2705, 407
2706, 402
2707, 401
2708, 0
2709, 397
2710, 0
2711, 0
2712, 398
2713, 398
2714, 0
2715, 396
2716, 398
2717, 400
2718, 399
2719, 399
2720, 398
2721, 399
2722, 400
2723, 398
2724, 400
2725, 399
2726, 398
2727, 397
2728, 398
2729, 397
2730, 395
2731, 0
2732, 400
2733, 398
2734, 398
2735, 399
2736, 396
2737, 396
2738, 399
2739, 399
2740, 399
2741, 399
2742, 398
2743, 400
2744, 399
2745, 399
2746, 399
2747, 397
2748, 397
2749, 398
2750, 398
2751, 399
2752, 399
2753, 399
2754, 398
2755, 395
2756, 399
2757, 398
2758, 399
2759, 399
2760, 0
2761, 0
2762, 408
2763, 0
2764, 405
2765, 405
2766, 406
2767, 408
2768, 407
2769, 406
2770, 406
2771, 404
2772, 406
2773, 408
2774, 407
2775, 408
2776, 0
2777, 405
2778, 0
2779, 408
2780, 406
2781, 408
2782, 408
2783, 0
2784, 405
2785, 0
2786, 406
2787, 405
2788, 406
2789, 408
2790, 408
2791, 408
2792, 0
2793, 405
2794, 0
2795, 0
2796, 405
2797, 0
2798, 408
2799, 407
2800, 406
2801, 406
2802, 406
2803, 407
2804, 406
2805, 408
2806, 408
2807, 407
2808, 0
2809, 404
2810, 406
2811, 405
2812, 406
2813, 407
2814, 407
2815, 407
2816, 408
2817, 407
2818, 406
2819, 407
2820, 407
2821, 408
2822, 407
2823, 407
2824, 407
2825, 407
2826, 408
2827, 408
2828, 407
2829, 406
2830, 408
2831, 408
2832, 405
2833, 407
2834, 406
2835, 405
2836, 407
2837, 408
2838, 407
2839, 408
2840, 407
2841, 406
2842, 406
2843, 407
2844, 406
2845, 407
2846, 407
2847, 407
2848, 406
2849, 406
2850, 407
2851, 408
2852, 407
2853, 406
2854, 408
2855, 408
2856, 405
2857, 405
2858, 405
2859, 405
2860, 407
2861, 407
2862, 407
2863, 408
2864, 408
2865, 407
2866, 406
2867, 0
2868, 405
2869, 405
2870, 404
2871, 407
2872, 406
2873, 0
2874, 407
2875, 407
2876, 407
2877, 407
2878, 407
2879, 406
2880, 407
2881, 407
2882, 407
2883, 408
2884, 408
2885, 406
2886, 407
2887, 407
2888, 407
2889, 407
2890, 407
2891, 408
2892, 407
2893, 407
2894, 408
2895, 407
2896, 407
2897, 407
2898, 408
2899, 409
2900, 411
2901, 412
2902, 414
2903, 415
2904, 414
2905, 414
2906, 413
2907, 413
2908, 415
2909, 416
2910, 415
2911, 416
2912, 415
2913, 416
2914, 415
2915, 421
2916, 423
2917, 422
2918, 422
2919, 424
2920, 423
2921, 422
2922, 424
2923, 422
2924, 422
2925, 423
2926, 421
2927, 0
2928, 422
2929, 423
2930, 422
2931, 421
2932, 423
2933, 423
2934, 422
2935, 423
2936, 422
2937, 0
2938, 421
2939, 0
2940, 420
2941, 421
2942, 423
2943, 0
2944, 421
2945, 422
2946, 0
2947, 423
2948, 421
2949, 421
2950, 421
2951, 422
2952, 423
2953, 424
2954, 424
2955, 422
2956, 423
2957, 419
2958, 422
2959, 423
2960, 423
2961, 424
2962, 423
2963, 423
2964, 424
2965, 423
2966, 422
2967, 0
2968, 0
2969, 415
2970, 414
2971, 414
2972, 413
2973, 415
2974, 416
2975, 0
2976, 413
2977, 415
2978, 413
2979, 413
2980, 414
2981, 415
2982, 413
2983, 415
2984, 415
2985, 415
2986, 415
2987, 415
2988, 414
2989, 412
2990, 414
2991, 0
2992, 412
2993, 414
2994, 0
2995, 413
2996, 415
2997, 0
2998, 413
2999, 0
3000, 0
3001, 408
3002, 407
3003, 412
3004, 414
3005, 414
3006, 416
3007, 415
3008, 414
3009, 415
3010, 0
3011, 413
3012, 0
3013, 420
3014, 0
3015, 422
3016, 421
3017, 422
3018, 423
3019, 423
3020, 421
3021, 422
3022, 423
3023, 423
3024, 424
3025, 422
3026, 0
3027, 420
3028, 0
3029, 420
3030, 422
3031, 423
3032, 421
3033, 422
3034, 422
3035, 424
3036, 424
3037, 424
3038, 0
3039, 422
3040, 0
3041, 422
3042, 0
3043, 423
3044, 423
3045, 423
3046, 424
3047, 0
3048, 0
3049, 414
3050, 414
3051, 412
3052, 0
3053, 415
3054, 416
3055, 416
3056, 415
3057, 415
3058, 415
3059, 415
3060, 414
3061, 0
3062, 0
3063, 0
3064, 0
3065, 408
3066, 408
3067, 416
3068, 415
3069, 416
3070, 416
3071, 414
3072, 414
3073, 415
3074, 416
3075, 416
3076, 418
3077, 0
3078, 416
3079, 0
3080, 0
3081, 419
3082, 0
3083, 422
3084, 421
3085, 424
3086, 423
3087, 422
3088, 423
3089, 422
3090, 421
3091, 0
3092, 423
3093, 422
3094, 423
3095, 423
3096, 420
3097, 420
3098, 422
3099, 423
3100, 423
3101, 423
3102, 422
3103, 422
3104, 421
3105, 420
3106, 419
3107, 421
3108, 423
3109, 423
3110, 424
3111, 422
3112, 421
3113, 422
3114, 423
3115, 430
3116, 433
3117, 438
3118, 438
3119, 0
3120, 0
3121, 422
3122, 423
3123, 423
3124, 423
3125, 424
3126, 422
3127, 0
3128, 422
3129, 0
3130, 424
3131, 423
3132, 422
3133, 421
3134, 0
3135, 423
3136, 422
3137, 421
3138, 423
3139, 422
3140, 421
3141, 422
3142, 424
3143, 422
3144, 420
3145, 421
3146, 421
3147, 423
3148, 424
3149, 423
3150, 423
3151, 421
3152, 422
3153, 424
3154, 423
3155, 424
3156, 422
3157, 422
3158, 423
3159, 0
3160, 0
3161, 416
3162, 0
3163, 423
3164, 429
3165, 431
3166, 430
3167, 0
3168, 0
3169, 422
3170, 422
3171, 422
3172, 423
3173, 423
3174, 423
3175, 422
3176, 420
3177, 0
3178, 0
3179, 0
3180, 423
3181, 422
3182, 424
3183, 0
3184, 420
3185, 0
3186, 423
3187, 424
3188, 424
3189, 424
3190, 422
3191, 424
3192, 424
3193, 424
3194, 424
3195, 430
3196, 433
3197, 440
3198, 440
3199, 439
3200, 438
3201, 438
3202, 437
3203, 0
3204, 436
3205, 0
3206, 0
3207, 0
3208, 0
3209, 423
3210, 424
3211, 420
3212, 420
3213, 420
3214, 422
3215, 0
3216, 421
3217, 420
3218, 0
3219, 421
3220, 419
3221, 421
3222, 423
3223, 423
3224, 422
3225, 424
3226, 424
3227, 431
3228, 432
3229, 439
3230, 439
3231, 438
3232, 438
3233, 438
3234, 438
3235, 440
3236, 440
3237, 437
3238, 438
3239, 0
3240, 0
3241, 431
3242, 430
3243, 431
3244, 431
3245, 428
3246, 428
3247, 0
3248, 0
3249, 422
3250, 423
3251, 430
3252, 431
3253, 431
3254, 430
3255, 430
3256, 429
3257, 431
3258, 430
3259, 429
3260, 430
3261, 431
3262, 431
3263, 431
3264, 431
3265, 431
3266, 431
3267, 432
3268, 437
3269, 439
3270, 438
3271, 439
3272, 439
3273, 0
3274, 438
3275, 437
3276, 439
3277, 437
3278, 0
3279, 0
3280, 0
3281, 423
3282, 424
3283, 430
3284, 430
3285, 432
3286, 429
3287, 430
3288, 429
3289, 430
3290, 431
3291, 432
3292, 437
3293, 437
3294, 438
3295, 0
3296, 438
3297, 0
3298, 440
3299, 439
3300, 439
3301, 440
3302, 438
3303, 438
3304, 440
3305, 439
3306, 439
3307, 444
3308, 0
3309, 445
3310, 0
3311, 0
3312, 0
3313, 429
3314, 432
3315, 432
3316, 434
3317, 435
3318, 437
3319, 439
3320, 437
3321, 437
3322, 439
3323, 439
3324, 438
3325, 440
3326, 440
3327, 439
3328, 439
3329, 437
3330, 440
3331, 446
3332, 447
3333, 446
3334, 446
3335, 0
3336, 0
3337, 438
3338, 439
3339, 439
3340, 438
3341, 438
3342, 439
3343, 0
3344, 0
3345, 431
3346, 432
3347, 432
3348, 436
3349, 436
3350, 436
3351, 0
3352, 440
3353, 0
3354, 0
3355, 0
3356, 442
3357, 0
3358, 448
3359, 445
3360, 446
3361, 447
3362, 447
3363, 443
3364, 446
3365, 452
3366, 453
3367, 0
3368, 0
3369, 439
3370, 439
3371, 439
3372, 440
3373, 440
3374, 438
3375, 439
3376, 439
3377, 438
3378, 437
3379, 443
3380, 446
3381, 445
3382, 0
3383, 448
3384, 445
3385, 446
3386, 446
3387, 0
3388, 447
3389, 445
3390, 446
3391, 0
3392, 0
3393, 438
3394, 437
3395, 440
3396, 448
3397, 446
3398, 446
3399, 0
3400, 0
3401, 439
3402, 439
3403, 447
3404, 0
3405, 444
3406, 0
3407, 447
3408, 445
3409, 444
3410, 447
3411, 447
3412, 452
3413, 0
3414, 455
3415, 0
3416, 0
3417, 437
3418, 438
3419, 439
3420, 440
3421, 438
3422, 438
3423, 438
3424, 437
3425, 440
3426, 440
3427, 448
3428, 449
3429, 454
3430, 454
3431, 453
3432, 454
3433, 455
3434, 453
3435, 454
3436, 454
3437, 453
3438, 0
3439, 0
3440, 0
3441, 440
3442, 440
3443, 447
3444, 448
3445, 446
3446, 445
3447, 444
3448, 445
3449, 448
3450, 447
3451, 447
3452, 449
3453, 452
3454, 452
3455, 455
3456, 454
3457, 453
3458, 453
3459, 454
3460, 455
3461, 0
3462, 0
3463, 0
3464, 0
3465, 440
3466, 439
3467, 448
3468, 450
3469, 456
3470, 454
3471, 454
3472, 454
3473, 453
3474, 0
3475, 453
3476, 0
3477, 456
3478, 454
3479, 0
3480, 0
3481, 446
3482, 447
3483, 0
3484, 453
3485, 454
3486, 454
3487, 0
3488, 0
3489, 446
3490, 448
3491, 447
3492, 447
3493, 455
3494, 454
3495, 456
3496, 455
3497, 455
3498, 454
3499, 460
3500, 463
3501, 464
3502, 464
3503, 0
3504, 0
3505, 455
3506, 454
3507, 453
3508, 454
3509, 455
3510, 461
3511, 0
3512, 0
3513, 453
3514, 455
3515, 455
3516, 455
3517, 456
3518, 456
3519, 0
3520, 452
3521, 0
3522, 456
3523, 465
3524, 465
3525, 470
3526, 0
3527, 0
3528, 0
3529, 455
3530, 455
3531, 454
3532, 448
3533, 444
3534, 446
3535, 0
3536, 446
3537, 0
3538, 447
3539, 453
3540, 453
3541, 455
3542, 456
3543, 454
3544, 456
3545, 456
3546, 454
3547, 454
3548, 456
3549, 460
3550, 462
3551, 0
3552, 0
3553, 447
3554, 448
3555, 451
3556, 454
3557, 454
3558, 456
3559, 456
3560, 456
3561, 455
3562, 453
3563, 462
3564, 469
3565, 470
3566, 471
3567, 0
3568, 0
3569, 464
3570, 0
3571, 460
3572, 461
3573, 463
3574, 464
3575, 0
3576, 0
3577, 456
3578, 455
3579, 456
3580, 459
3581, 461
3582, 461
3583, 461
3584, 459
3585, 0
3586, 0
3587, 470
3588, 471
3589, 471
3590, 0
3591, 0
3592, 0
3593, 455
3594, 454
3595, 456
3596, 462
3597, 460
3598, 461
3599, 462
3600, 462
3601, 461
3602, 463
3603, 471
3604, 471
3605, 471
3606, 472
3607, 0
3608, 0
3609, 455
3610, 455
3611, 457
3612, 0
3613, 461
3614, 462
3615, 0
3616, 461
3617, 459
3618, 460
3619, 469
3620, 475
3621, 479
3622, 478
3623, 0
3624, 0
3625, 470
3626, 470
3627, 478
3628, 478
3629, 480
3630, 478
3631, 0
3632, 0
3633, 472
3634, 0
3635, 469
3636, 0
3637, 476
3638, 477
3639, 0
3640, 0
3641, 471
3642, 471
3643, 476
3644, 479
3645, 479
3646, 479
3647, 480
3648, 0
3649, 0
3650, 470
3651, 0
3652, 474
3653, 477
3654, 476
3655, 476
3656, 0
3657, 474
3658, 475
3659, 483
3660, 485
3661, 486
3662, 0
3663, 0
3664, 0
3665, 471
3666, 471
3667, 470
3668, 474
3669, 479
3670, 479
3671, 478
3672, 479
3673, 0
3674, 478
3675, 486
3676, 0
3677, 488
3678, 486
3679, 0
3680, 0
3681, 470
3682, 471
3683, 476
3684, 0
3685, 487
3686, 487
3687, 486
3688, 486
3689, 485
3690, 0
3691, 484
3692, 487
3693, 494
3694, 0
3695, 0
3696, 0
3697, 480
3698, 478
3699, 485
3700, 486
3701, 488
3702, 488
3703, 488
3704, 487
3705, 487
3706, 488
3707, 496
3708, 501
3709, 503
3710, 502
3711, 0
3712, 0
3713, 487
3714, 487
3715, 489
3716, 493
3717, 493
3718, 493
3719, 0
3720, 495
3721, 496
3722, 496
3723, 502
3724, 503
3725, 503
3726, 504
3727, 0
3728, 0
3729, 487
3730, 486
3731, 484
3732, 486
3733, 495
3734, 494
3735, 496
3736, 495
3737, 496
3738, 495
3739, 501
3740, 505
3741, 511
3742, 509
3743, 0
3744, 0
3745, 494
3746, 495
3747, 501
3748, 501
3749, 502
3750, 502
3751, 504
3752, 503
3753, 504
3754, 0
3755, 500
3756, 510
3757, 512
3758, 512
3759, 0
3760, 0
3761, 495
3762, 494
3763, 509
3764, 510
3765, 511
3766, 510
3767, 0
3768, 0
3769, 501
3770, 504
3771, 513
3772, 516
3773, 520
3774, 520
3775, 0
3776, 0
3777, 510
3778, 510
3779, 0
3780, 523
3781, 528
3782, 0
3783, 0
3784, 0
3785, 512
3786, 511
3787, 510
3788, 512
3789, 512
3790, 511
3791, 512
3792, 511
3793, 511
3794, 0
3795, 514
3796, 0
3797, 528
3798, 527
3799, 0
3800, 0
3801, 512
3802, 508
3803, 509
3804, 0
3805, 0
3806, 0
3807, 0
3808, 0
3809, 514
3810, 0
3811, 0
3812, 525
3813, 536
3814, 534
3815, 0
3816, 0
3817, 0
3818, 525
3819, 523
3820, 526
3821, 0
3822, 0
3823, 0
3824, 0
3825, 512
3826, 511
3827, 0
3828, 517
3829, 525
3830, 526
3831, 525
3832, 526
3833, 526
3834, 527
3835, 529
3836, 544
3837, 0
3838, 0
3839, 0
3840, 0
3841, 525
3842, 527
3843, 528
3844, 530
3845, 0
3846, 534
3847, 534
3848, 0
3849, 531
3850, 0
3851, 534
3852, 539
3853, 0
3854, 0
3855, 0
3856, 0
3857, 527
3858, 527
3859, 528
3860, 530
3861, 537
3862, 543
3863, 0
3864, 0
3865, 528
3866, 527
3867, 527
3868, 534
3869, 542
3870, 0
3871, 0
3872, 541
3873, 0
3874, 543
3875, 545
3876, 547
3877, 547
3878, 0
3879, 0
3880, 0
3881, 534
3882, 535
3883, 537
3884, 541
3885, 541
3886, 543
3887, 0
3888, 0
3889, 535
3890, 535
3891, 0
3892, 538
3893, 0
3894, 0
3895, 0
3896, 0
3897, 543
3898, 543
3899, 545
3900, 551
3901, 559
3902, 560
3903, 0
3904, 0
3905, 543
3906, 542
3907, 543
3908, 0
3909, 556
3910, 0
3911, 0
3912, 0
3913, 552
3914, 551
3915, 552
3916, 556
3917, 0
3918, 0
3919, 0
3920, 0
3921, 558
3922, 558
3923, 559
3924, 563
3925, 566
3926, 0
3927, 0
3928, 0
3929, 557
3930, 0
3931, 555
3932, 0
3933, 573
3934, 573
3935, 0
3936, 0
3937, 567
3938, 567
3939, 0
3940, 565
3941, 572
3942, 575
3943, 0
3944, 0
3945, 567
3946, 568
3947, 568
3948, 574
3949, 584
3950, 583
3951, 0
3952, 0
3953, 567
3954, 567
3955, 0
3956, 574
3957, 0
3958, 584
3959, 0
3960, 0
3961, 563
3962, 565
3963, 565
3964, 566
3965, 575
3966, 574
3967, 574
3968, 575
3969, 574
3970, 573
3971, 576
3972, 588
3973, 0
3974, 0
3975, 0
3976, 0
3977, 573
3978, 572
3979, 575
3980, 578
3981, 587
3982, 0
3983, 0
3984, 0
3985, 573
3986, 574
3987, 576
3988, 584
3989, 589
3990, 588
3991, 588
3992, 0
3993, 575
3994, 576
3995, 576
3996, 583
3997, 583
3998, 589
3999, 589
4000, 590
4001, 590
4002, 590
4003, 591
4004, 594
4005, 607
4006, 607
4007, 0
4008, 0
4009, 589
4010, 589
4011, 591
4012, 594
4013, 598
4014, 607
4015, 0
4016, 0
4017, 590
4018, 591
4019, 593
4020, 598
4021, 607
4022, 607
4023, 0
4024, 0
4025, 590
4026, 590
4027, 590
4028, 597
4029, 598
4030, 606
4031, 0
4032, 603
4033, 602
4034, 0
4035, 610
4036, 621
4037, 624
4038, 622
4039, 0
4040, 0
4041, 606
4042, 604
4043, 606
4044, 610
4045, 622
4046, 623
4047, 0
4048, 0
4049, 606
4050, 605
4051, 606
4052, 609
4053, 622
4054, 0
4055, 0
4056, 0
4057, 607
4058, 0
4059, 606
4060, 0
4061, 619
4062, 622
4063, 0
4064, 0
4065, 608
4066, 608
4067, 609
4068, 611
4069, 621
4070, 623
4071, 0
4072, 0
4073, 605
4074, 603
4075, 605
4076, 615
4077, 623
4078, 621
4079, 0
4080, 0
4081, 614
4082, 614
4083, 614
4084, 616
4085, 631
4086, 631
4087, 0
4088, 0
4089, 614
4090, 614
4091, 615
4092, 616
4093, 0
4094, 632
4095, 0
4096, 0
4097, 615
4098, 0
4099, 616
4100, 0
4101, 0
4102, 633
4103, 0
4104, 0
4105, 628
4106, 628
4107, 628
4108, 633
4109, 646
4110, 0
4111, 0
4112, 0
4113, 631
4114, 632
4115, 0
4116, 642
4117, 645
4118, 647
4119, 0
4120, 0
4121, 630
4122, 0
4123, 621
4124, 0
4125, 632
4126, 630
4127, 0
4128, 0
4129, 615
4130, 614
4131, 615
4132, 616
4133, 622
4134, 632
4135, 0
4136, 0
4137, 623
4138, 622
4139, 622
4140, 628
4141, 0
4142, 0
4143, 0
4144, 0
4145, 629
4146, 629
4147, 630
4148, 639
4149, 646
4150, 647
4151, 0
4152, 0
4153, 632
4154, 631
4155, 633
4156, 641
4157, 654
4158, 655
4159, 0
4160, 0
4161, 644
4162, 0
4163, 648
4164, 655
4165, 671
4166, 671
4167, 0
4168, 0
4169, 654
4170, 0
4171, 652
4172, 654
4173, 671
4174, 671
4175, 0
4176, 0
4177, 653
4178, 653
4179, 654
4180, 658
4181, 696
4182, 695
4183, 0
4184, 0
4185, 679
4186, 679
4187, 680
4188, 686
4189, 702
4190, 704
4191, 0
4192, 0
4193, 0
4194, 0
4195, 696
4196, 702
4197, 711
4198, 712
4199, 0
4200, 0
4201, 694
4202, 0
4203, 692
4204, 698
4205, 708
4206, 0
4207, 0
4208, 0
4209, 696
4210, 694
4211, 694
4212, 696
4213, 711
4214, 0
4215, 0
4216, 0
4217, 704
4218, 0
4219, 703
4220, 711
4221, 715
4222, 0
4223, 0
4224, 0
4225, 709
4226, 0
4227, 709
4228, 720
4229, 727
4230, 0
4231, 0
4232, 0
4233, 720
4234, 0
4235, 720
4236, 724
4237, 732
4238, 734
4239, 0
4240, 0
4241, 720
4242, 718
4243, 719
4244, 730
4245, 0
4246, 751
4247, 0
4248, 0
4249, 731
4250, 732
4251, 734
4252, 740
4253, 0
4254, 757
4255, 0
4256, 0
4257, 740
4258, 0
4259, 743
4260, 746
4261, 0
4262, 766
4263, 0
4264, 0
4265, 745
4266, 0
4267, 748
4268, 756
4269, 774
4270, 0
4271, 0
4272, 0
4273, 755
4274, 756
4275, 758
4276, 760
4277, 0
4278, 0
4279, 0
4280, 0
4281, 0
4282, 0
4283, 766
4284, 769
4285, 776
4286, 0
4287, 0
4288, 0
4289, 798
4290, 0
4291, 797
4292, 801
4293, 832
4294, 832
4295, 0
4296, 0
4297, 800
4298, 788
4299, 785
4300, 784
4301, 790
4302, 790
4303, 790
4304, 0
4305, 0
4306, 0
4307, 792
4308, 804
4309, 824
4310, 0
4311, 0
4312, 0
4313, 807
4314, 0
4315, 807
4316, 825
4317, 838
4318, 840
4319, 0
4320, 0
4321, 808
4322, 808
4323, 810
4324, 817
4325, 0
4326, 0
4327, 0
4328, 0
4329, 815
4330, 0
4331, 814
4332, 818
4333, 848
4334, 0
4335, 0
4336, 0
4337, 822
4338, 822
4339, 824
4340, 825
4341, 840
4342, 856
4343, 0
4344, 0
4345, 840
4346, 838
4347, 837
4348, 837
4349, 855
4350, 864
4351, 0
4352, 0
4353, 0
4354, 0
4355, 855
4356, 859
4357, 0
4358, 0
4359, 0
4360, 0
4361, 855
4362, 0
4363, 855
4364, 860
4365, 869
4366, 879
4367, 0
4368, 0
4369, 870
4370, 0
4371, 871
4372, 877
4373, 903
4374, 904
4375, 0
4376, 0
4377, 885
4378, 886
4379, 887
4380, 890
4381, 0
4382, 0
4383, 0
4384, 0
4385, 926
4386, 0
4387, 926
4388, 929
4389, 953
4390, 966
4391, 0
4392, 0
4393, 949
4394, 951
4395, 0
4396, 957
4397, 0
4398, 983
4399, 0
4400, 0
4401, 968
4402, 967
4403, 968
4404, 979
4405, 994
4406, 1048
4407, 1047
4408, 0
4409, 1046
4410, 0
4411, 1048
4412, 1056
4413, 1071
4414, 1079
4415, 0
4416, 0
4417, 1063
4418, 1039
4419, 1037
4420, 1038
4421, 0
4422, 1054
4423, 0
4424, 0
4425, 1042
4426, 1044
4427, 1048
4428, 1056
4429, 0
4430, 1095
4431, 0
4432, 0
4433, 1085
4434, 0
4435, 1088
4436, 1094
4437, 1126
4438, 1126
4439, 0
4440, 0
4441, 1112
4442, 1112
4443, 1114
4444, 1123
4445, 1143
4446, 1150
4447, 0
4448, 0
4449, 1135
4450, 1135
4451, 1137
4452, 1139
4453, 1184
4454, 0
4455, 0
4456, 0
4457, 1165
4458, 1168
4459, 1168
4460, 1183
4461, 1199
4462, 1198
4463, 0
4464, 0
4465, 1198
4466, 1197
4467, 1197
4468, 0
4469, 1219
4470, 1247
4471, 0
4472, 0
4473, 1231
4474, 1232
4475, 1234
4476, 1236
4477, 1287
4478, 1288
4479, 0
4480, 0
4481, 1279
4482, 1279
4483, 1280
4484, 1289
4485, 0
4486, 1327
4487, 0
4488, 0
4489, 1317
4490, 0
4491, 1318
4492, 0
4493, 1352
4494, 1367
4495, 0
4496, 0
4497, 1351
4498, 1351
4499, 1351
4500, 1355
4501, 1381
4502, 1407
4503, 1406
4504, 1406
4505, 1408
4506, 1406
4507, 1406
4508, 1413
4509, 1417
4510, 1424
4511, 0
4512, 0
4513, 1407
4514, 0
4515, 1405
4516, 0
4517, 1454
4518, 0
4519, 1477
4520, 1476
4521, 1479
4522, 0
4523, 1479
4524, 1491
4525, 1536
4526, 1541
4527, 0
4528, 0
4529, 1551
4530, 1552
4531, 1554
4532, 1564
4533, 1583
4534, 1590
4535, 0
4536, 0
4537, 1598
4538, 1600
4539, 1602
4540, 1615
4541, 1710
4542, 1732
4543, 1765
4544, 1766
4545, 1766
4546, 0
4547, 1766
4548, 1784
4549, 1872
4550, 1936
4551, 0
4552, 0
4553, 1920
4554, 1920
4555, 1921
4556, 1962
4557, 2081
4558, 0
