0, 0
1, 0
2, 0
3, 0
4, 0
5, 0
6, 0
7, 0
8, 0
9, 0
10, 0
11, 0
12, 0
13, 0
14, 0
15, 0
16, 0
17, 0
18, 0
19, 0
20, 0
21, 0
22, 0
23, 0
24, 0
25, 0
26, 0
27, 0
28, 0
29, 0
30, 0
31, 0
32, 0
33, 0
34, 0
35, 0
36, 0
37, 0
38, 0
39, 0
40, 0
41, 0
42, 0
43, 0
44, 0
45, 0
46, 0
47, 0
48, 0
49, 0
50, 0
51, 0
52, 0
53, 0
54, 0
55, 0
56, 0
57, 0
58, 0
59, 0
60, 0
61, 0
62, 0
63, 0
64, 0
65, 0
66, 0
67, 0
68, 0
69, 0
70, 0
71, 0
72, 0
73, 0
74, 0
75, 0
76, 0
77, 0
78, 0
79, 0
80, 0
81, 0
82, 0
83, 0
84, 0
85, 0
86, 0
87, 0
88, 0
89, 0
90, 0
91, 0
92, 0
93, 0
94, 0
95, 0
96, 0
97, 0
98, 0
99, 0
100, 0
101, 0
102, 0
103, 0
104, 0
105, 0
106, 0
107, 0
108, 0
109, 0
110, 0
111, 0
112, 0
113, 0
114, 0
115, 0
116, 0
117, 0
118, 0
119, 0
120, 0
121, 0
122, 0
123, 0
124, 0
125, 0
126, 0
127, 0
128, 0
129, 0
130, 0
131, 0
132, 0
133, 0
134, 0
135, 0
136, 0
137, 0
138, 0
139, 0
140, 0
141, 0
142, 0
143, 0
144, 0
145, 0
146, 0
147, 0
148, 0
149, 0
150, 0
151, 0
152, 0
153, 0
154, 0
155, 0
156, 0
157, 0
158, 0
159, 0
160, 0
161, 0
162, 0
163, 0
164, 0
165, 0
166, 0
167, 0
168, 0
169, 0
170, 0
171, 0
172, 0
173, 0
174, 0
175, 0
176, 0
177, 0
178, 0
179, 0
180, 0
181, 0
182, 0
183, 0
184, 0
185, 0
186, 0
187, 0
188, 0
189, 0
190, 0
191, 0
192, 0
193, 0
194, 0
195, 0
196, 0
197, 0
198, 0
199, 0
200, 0
201, 0
202, 0
203, 0
204, 0
205, 0
206, 0
207, 0
208, 0
209, 0
210, 0
211, 0
212, 0
213, 0
214, 0
215, 0
216, 0
217, 0
218, 0
219, 0
220, 0
221, 0
222, 0
223, 0
224, 0
225, 0
226, 0
227, 0
228, 0
229, 0
230, 0
231, 0
232, 0
233, 0
234, 0
235, 0
236, 0
237, 0
238, 0
239, 0
240, 0
241, 0
242, 0
243, 0
244, 0
245, 0
246, 0
247, 0
248, 0
249, 0
250, 0
251, 0
252, 0
253, 0
254, 0
255, 0
256, 0
257, 0
258, 0
259, 0
260, 0
261, 0
262, 0
263, 0
264, 0
265, 0
266, 0
267, 0
268, 0
269, 0
270, 0
271, 0
272, 0
273, 0
274, 0
275, 0
276, 0
277, 0
278, 0
279, 0
280, 0
281, 0
282, 0
283, 0
284, 0
285, 0
286, 0
287, 0
288, 0
289, 0
290, 0
291, 0
292, 0
293, 0
294, 0
295, 0
296, 0
297, 0
298, 0
299, 0
300, 0
301, 0
302, 0
303, 0
304, 0
305, 0
306, 0
307, 0
308, 0
309, 0
310, 0
311, 0
312, 0
313, 0
314, 0
315, 0
316, 0
317, 0
318, 0
319, 0
320, 0
321, 0
322, 0
323, 0
324, 0
325, 0
326, 0
327, 0
328, 0
329, 0
330, 0
331, 0
332, 0
333, 0
334, 0
335, 0
336, 0
337, 0
338, 0
339, 0
340, 0
341, 0
342, 0
343, 0
344, 0
345, 0
346, 0
347, 0
348, 0
349, 0
350, 0
351, 0
352, 0
353, 0
354, 0
355, 0
356, 0
357, 0
358, 0
359, 0
360, 0
361, 0
362, 0
363, 0
364, 0
365, 0
366, 0
367, 0
368, 0
369, 0
370, 0
371, 0
372, 0
373, 0
374, 0
375, 0
376, 0
377, 0
378, 0
379, 0
380, 0
381, 0
382, 0
383, 0
384, 0
385, 0
386, 0
387, 0
388, 0
389, 0
390, 0
391, 0
392, 0
393, 0
394, 0
395, 0
396, 0
397, 0
398, 0
399, 0
400, 0
401, 0
402, 0
403, 0
404, 0
405, 0
406, 0
407, 0
408, 0
409, 0
410, 0
411, 0
412, 0
413, 0
414, 0
415, 0
416, 0
417, 0
418, 0
419, 0
420, 0
421, 0
422, 0
423, 0
424, 0
425, 0
426, 0
427, 0
428, 0
429, 0
430, 0
431, 0
432, 0
433, 0
434, 0
435, 0
436, 0
437, 0
438, 0
439, 0
440, 0
441, 0
442, 0
443, 0
444, 0
445, 0
446, 0
447, 0
448, 0
449, 0
450, 0
451, 0
452, 0
453, 0
454, 0
455, 0
456, 0
457, 0
458, 0
459, 0
460, 0
461, 0
462, 0
463, 0
464, 0
465, 0
466, 0
467, 0
468, 0
469, 0
470, 0
471, 0
472, 0
473, 0
474, 0
475, 0
476, 0
477, 0
478, 0
479, 0
480, 0
481, 0
482, 0
483, 0
484, 0
485, 0
486, 0
487, 0
488, 0
489, 0
490, 0
491, 0
492, 0
493, 0
494, 0
495, 0
496, 0
497, 0
498, 0
499, 0
500, 0
501, 0
502, 0
503, 0
504, 0
505, 0
506, 0
507, 0
508, 0
509, 0
510, 0
511, 0
512, 0
513, 0
514, 0
515, 0
516, 0
517, 0
518, 0
519, 0
520, 0
521, 0
522, 0
523, 0
524, 0
525, 0
526, 0
527, 0
528, 0
529, 0
530, 0
531, 0
532, 0
533, 0
534, 0
535, 0
536, 0
537, 0
538, 0
539, 0
540, 0
541, 0
542, 0
543, 0
544, 0
545, 0
546, 0
547, 0
548, 0
549, 0
550, 0
551, 0
552, 0
553, 0
554, 0
555, 0
556, 0
557, 0
558, 0
559, 0
560, 0
561, 0
562, 0
563, 0
564, 0
565, 0
566, 0
567, 0
568, 0
569, 0
570, 0
571, 0
572, 0
573, 0
574, 0
575, 0
576, 0
577, 0
578, 0
579, 0
580, 0
581, 0
582, 0
583, 0
584, 0
585, 0
586, 0
587, 0
588, 0
589, 0
590, 0
591, 0
592, 0
593, 0
594, 0
595, 0
596, 0
597, 0
598, 0
599, 0
600, 0
601, 0
602, 0
603, 0
604, 0
605, 0
606, 0
607, 0
608, 0
609, 0
610, 0
611, 0
612, 0
613, 0
614, 0
615, 0
616, 0
617, 0
618, 0
619, 0
620, 0
621, 0
622, 0
623, 0
624, 0
625, 0
626, 0
627, 0
628, 0
629, 0
630, 0
631, 0
632, 0
633, 0
634, 0
635, 0
636, 0
637, 0
638, 0
639, 0
640, 1785
641, 0
642, 1748
643, 0
644, 1748
645, 1749
646, 1725
647, 0
648, 1597
649, 0
650, 1592
651, 1591
652, 1590
653, 1588
654, 1543
655, 1541
656, 1480
657, 1458
658, 1456
659, 1454
660, 1454
661, 1455
662, 1453
663, 0
664, 1360
665, 1352
666, 0
667, 1350
668, 1350
669, 1349
670, 1350
671, 1338
672, 0
673, 0
674, 0
675, 0
676, 1271
677, 0
678, 1270
679, 0
680, 1226
681, 1216
682, 1216
683, 1214
684, 1212
685, 1214
686, 1201
687, 1158
688, 1150
689, 1138
690, 1136
691, 1135
692, 1135
693, 1133
694, 1135
695, 1128
696, 1093
697, 1089
698, 1088
699, 1088
700, 1088
701, 1088
702, 1085
703, 1083
704, 0
705, 0
706, 1039
707, 1038
708, 1035
709, 1036
710, 1038
711, 1029
712, 988
713, 984
714, 983
715, 981
716, 979
717, 981
718, 984
719, 0
720, 933
721, 0
722, 925
723, 926
724, 927
725, 928
726, 926
727, 927
728, 896
729, 890
730, 887
731, 887
732, 888
733, 888
734, 888
735, 852
736, 842
737, 832
738, 829
739, 829
740, 829
741, 830
742, 828
743, 809
744, 794
745, 785
746, 783
747, 784
748, 783
749, 783
750, 782
751, 767
752, 0
753, 0
754, 767
755, 767
756, 764
757, 764
758, 0
759, 749
760, 730
761, 728
762, 726
763, 726
764, 726
765, 727
766, 727
767, 727
768, 693
769, 688
770, 688
771, 688
772, 686
773, 686
774, 688
775, 684
776, 654
777, 649
778, 647
779, 646
780, 648
781, 648
782, 634
783, 632
784, 0
785, 609
786, 608
787, 607
788, 607
789, 607
790, 0
791, 597
792, 584
793, 582
794, 581
795, 582
796, 581
797, 582
798, 584
799, 583
800, 553
801, 544
802, 542
803, 542
804, 542
805, 542
806, 529
807, 528
808, 0
809, 0
810, 510
811, 510
812, 511
813, 512
814, 503
815, 490
816, 0
817, 0
818, 0
819, 0
820, 486
821, 487
822, 486
823, 0
824, 463
825, 448
826, 0
827, 447
828, 0
829, 445
830, 0
831, 435
832, 419
833, 417
834, 414
835, 413
836, 414
837, 414
838, 414
839, 414
840, 0
841, 0
842, 398
843, 395
844, 395
845, 396
846, 398
847, 386
848, 0
849, 0
850, 0
851, 374
852, 0
853, 371
854, 0
855, 373
856, 352
857, 346
858, 344
859, 344
860, 342
861, 341
862, 342
863, 332
864, 0
865, 0
866, 326
867, 324
868, 326
869, 327
870, 326
871, 319
872, 0
873, 0
874, 301
875, 0
876, 302
877, 303
878, 0
879, 292
880, 281
881, 280
882, 279
883, 278
884, 278
885, 277
886, 279
887, 280
888, 0
889, 0
890, 0
891, 0
892, 262
893, 261
894, 261
895, 262
896, 0
897, 0
898, 231
899, 231
900, 232
901, 232
902, 231
903, 230
904, 218
905, 216
906, 214
907, 216
908, 215
909, 214
910, 216
911, 215
912, 198
913, 0
914, 183
915, 183
916, 182
917, 183
918, 184
919, 180
920, 0
921, 0
922, 0
923, 0
924, 172
925, 0
926, 176
927, 0
928, 143
929, 0
930, 144
931, 144
932, 143
933, 141
934, 142
935, 143
936, 0
937, 0
938, 134
939, 135
940, 135
941, 133
942, 0
943, 135
944, 116
945, 112
946, 111
947, 111
948, 110
949, 108
950, 111
951, 112
952, 87
953, 85
954, 87
955, 88
956, 87
957, 88
958, 88
959, 79
960, 0
961, 0
962, 78
963, 79
964, 79
965, 79
966, 79
967, 72
968, 62
969, 57
970, 55
971, 0
972, 52
973, 51
974, 0
975, 54
976, 0
977, 0
978, 52
979, 53
980, 55
981, 54
982, 56
983, 55
984, 0
985, 0
986, 38
987, 38
988, 36
989, 37
990, 39
991, 40
992, 0
993, 0
994, 22
995, 24
996, 23
997, 22
998, 21
999, 15
1000, 0
1001, 0
1002, 6
1003, 7
1004, 7
1005, 7
1006, 7
1007, 7
1008, 0
1009, 0
1010, 0
1011, -1
1012, -3
1013, -1
1014, 0
1015, -2
1016, 0
1017, 0
1018, -25
1019, -25
1020, -25
1021, -25
1022, -24
1023, -26
1024, 0
1025, 0
1026, 0
1027, 0
1028, -34
1029, -34
1030, -33
1031, -32
1032, 0
1033, 0
1034, -51
1035, -50
1036, -51
1037, -51
1038, -51
1039, -49
1040, 0
1041, 0
1042, -65
1043, -71
1044, -66
1045, -66
1046, -67
1047, -67
1048, 0
1049, 0
1050, -73
1051, -73
1052, -74
1053, -72
1054, -72
1055, -73
1056, 0
1057, 0
1058, -89
1059, -89
1060, -89
1061, -89
1062, -90
1063, -89
1064, 0
1065, 0
1066, -97
1067, -96
1068, -100
1069, -98
1070, 0
1071, -99
1072, 0
1073, 0
1074, -106
1075, 0
1076, -106
1077, -108
1078, -106
1079, -105
1080, 0
1081, 0
1082, 0
1083, -104
1084, -106
1085, -106
1086, -106
1087, -105
1088, -104
1089, -106
1090, -129
1091, -129
1092, 0
1093, -131
1094, 0
1095, -131
1096, 0
1097, 0
1098, -132
1099, -131
1100, 0
1101, -129
1102, -129
1103, -129
1104, -129
1105, -130
1106, -145
1107, -146
1108, -149
1109, -146
1110, -144
1111, -144
1112, 0
1113, 0
1114, -144
1115, -146
1116, -145
1117, -145
1118, -146
1119, -147
1120, 0
1121, 0
1122, 0
1123, -144
1124, -148
1125, -147
1126, 0
1127, -145
1128, -145
1129, -145
1130, -160
1131, -160
1132, -162
1133, -165
1134, -161
1135, -160
1136, 0
1137, 0
1138, 0
1139, -168
1140, -170
1141, -171
1142, -169
1143, -169
1144, 0
1145, 0
1146, -180
1147, -178
1148, -177
1149, -179
1150, 0
1151, -179
1152, 0
1153, 0
1154, 0
1155, 0
1156, 0
1157, -179
1158, 0
1159, -179
1160, 0
1161, 0
1162, -187
1163, -187
1164, 0
1165, 0
1166, 0
1167, 0
1168, 0
1169, 0
1170, 0
1171, -185
1172, -185
1173, -187
1174, -189
1175, 0
1176, 0
1177, 0
1178, -194
1179, -192
1180, -192
1181, -194
1182, -193
1183, -194
1184, 0
1185, 0
1186, -194
1187, -192
1188, -195
1189, -194
1190, 0
1191, 0
1192, 0
1193, 0
1194, -203
1195, -202
1196, -200
1197, -200
1198, -203
1199, -202
1200, 0
1201, 0
1202, -201
1203, -200
1204, -200
1205, -201
1206, -200
1207, -201
1208, 0
1209, 0
1210, -208
1211, -209
1212, -209
1213, -209
1214, -209
1215, -208
1216, 0
1217, 0
1218, -210
1219, -208
1220, -209
1221, -210
1222, 0
1223, -208
1224, 0
1225, 0
1226, -210
1227, -209
1228, -211
1229, -210
1230, -210
1231, -209
1232, 0
1233, 0
1234, -218
1235, -217
1236, -218
1237, -218
1238, -218
1239, -218
1240, 0
1241, 0
1242, 0
1243, 0
1244, 0
1245, -219
1246, 0
1247, -219
1248, 0
1249, 0
1250, -211
1251, -208
1252, -210
1253, -210
1254, 0
1255, -211
1256, 0
1257, 0
1258, -209
1259, -208
1260, -211
1261, -211
1262, 0
1263, -209
1264, 0
1265, 0
1266, -218
1267, -217
1268, -218
1269, -219
1270, 0
1271, 0
1272, 0
1273, 0
1274, -216
1275, -216
1276, -218
1277, -217
1278, -218
1279, 0
1280, 0
1281, 0
1282, 0
1283, -218
1284, -220
1285, -217
1286, -218
1287, -217
1288, 0
1289, 0
1290, -225
1291, -226
1292, -225
1293, -226
1294, -227
1295, -225
1296, 0
1297, 0
1298, -217
1299, -216
1300, -220
1301, -220
1302, -217
1303, -216
1304, 0
1305, 0
1306, 0
1307, -218
1308, 0
1309, -219
1310, 0
1311, -218
1312, 0
1313, -205
1314, 0
1315, -208
1316, -209
1317, -208
1318, -208
1319, -210
1320, 0
1321, 0
1322, 0
1323, -210
1324, -211
1325, -210
1326, -211
1327, -210
1328, 0
1329, 0
1330, 0
1331, -201
1332, -203
1333, -202
1334, -201
1335, -201
1336, 0
1337, 0
1338, 0
1339, -203
1340, 0
1341, -202
1342, 0
1343, -201
1344, 0
1345, 0
1346, -195
1347, -194
1348, -193
1349, -192
1350, -193
1351, -194
1352, 0
1353, 0
1354, 0
1355, -185
1356, -186
1357, -186
1358, -187
1359, -186
1360, 0
1361, 0
1362, 0
1363, -171
1364, -170
1365, -170
1366, -169
1367, -168
1368, 0
1369, 0
1370, -152
1371, -153
1372, -153
1373, -154
1374, 0
1375, -153
1376, 0
1377, 0
1378, -156
1379, -153
1380, -153
1381, -154
1382, -152
1383, -154
1384, 0
1385, 0
1386, -177
1387, -177
1388, -177
1389, -177
1390, -177
1391, -176
1392, 0
1393, 0
1394, -168
1395, -170
1396, -170
1397, -171
1398, 0
1399, -168
1400, 0
1401, 0
1402, 0
1403, -168
1404, -170
1405, -170
1406, -168
1407, -169
1408, 0
1409, 0
1410, -162
1411, -161
1412, 0
1413, -162
1414, -165
1415, -160
1416, 0
1417, 0
1418, -144
1419, -144
1420, -147
1421, -146
1422, 0
1423, 0
1424, 0
1425, 0
1426, -152
1427, -154
1428, -153
1429, -153
1430, -152
1431, -152
1432, 0
1433, 0
1434, 0
1435, 0
1436, -148
1437, 0
1438, -146
1439, -145
1440, 0
1441, 0
1442, -128
1443, -129
1444, -132
1445, -132
1446, 0
1447, 0
1448, 0
1449, 0
1450, 0
1451, -138
1452, 0
1453, -138
1454, 0
1455, -137
1456, 0
1457, 0
1458, -128
1459, -129
1460, -131
1461, -131
1462, 0
1463, -129
1464, 0
1465, -125
1466, -129
1467, -131
1468, -131
1469, -130
1470, -128
1471, -128
1472, 0
1473, 0
1474, 0
1475, -130
1476, -133
1477, -132
1478, -131
1479, -129
1480, 0
1481, 0
1482, -122
1483, -122
1484, -120
1485, -121
1486, -121
1487, -122
1488, 0
1489, 0
1490, 0
1491, -112
1492, 0
1493, -115
1494, 0
1495, -113
1496, 0
1497, 0
1498, 0
1499, -114
1500, 0
1501, -114
1502, 0
1503, -114
1504, 0
1505, 0
1506, 0
1507, 0
1508, 0
1509, -107
1510, 0
1511, -106
1512, 0
1513, 0
1514, -96
1515, 0
1516, -98
1517, -97
1518, -98
1519, -99
1520, 0
1521, 0
1522, 0
1523, -89
1524, -90
1525, -89
1526, -88
1527, -90
1528, 0
1529, 0
1530, -88
1531, -88
1532, -91
1533, -90
1534, 0
1535, 0
1536, 0
1537, 0
1538, -89
1539, -88
1540, -89
1541, -91
1542, 0
1543, -89
1544, 0
1545, 0
1546, -81
1547, -80
1548, -81
1549, -82
1550, 0
1551, -81
1552, 0
1553, 0
1554, 0
1555, -74
1556, -72
1557, -73
1558, -74
1559, -74
1560, 0
1561, 0
1562, -70
1563, -68
1564, -66
1565, -68
1566, -65
1567, -64
1568, 0
1569, 0
1570, -57
1571, -56
1572, -57
1573, -58
1574, -58
1575, -58
1576, 0
1577, 0
1578, -64
1579, -64
1580, -66
1581, -64
1582, -65
1583, -68
1584, 0
1585, 0
1586, -49
1587, -49
1588, -48
1589, -49
1590, -50
1591, -48
1592, 0
1593, 0
1594, 0
1595, -52
1596, 0
1597, -50
1598, 0
1599, -51
1600, 0
1601, 0
1602, 0
1603, 0
1604, -44
1605, 0
1606, 0
1607, -44
1608, 0
1609, 0
1610, 0
1611, -48
1612, -48
1613, -49
1614, 0
1615, -50
1616, 0
1617, 0
1618, -32
1619, -32
1620, -33
1621, -33
1622, -33
1623, -35
1624, 0
1625, 0
1626, -33
1627, -32
1628, -33
1629, -35
1630, 0
1631, -32
1632, 0
1633, 0
1634, -26
1635, -25
1636, -25
1637, -27
1638, -26
1639, -25
1640, 0
1641, 0
1642, -33
1643, -32
1644, 0
1645, -38
1646, 0
1647, -33
1648, 0
1649, 0
1650, -1
1651, -3
1652, -5
1653, -3
1654, -4
1655, -5
1656, 0
1657, 0
1658, 0
1659, 0
1660, 4
1661, 0
1662, 8
1663, 8
1664, 0
1665, 5
1666, 4
1667, 7
1668, 7
1669, 8
1670, 8
1671, 8
1672, 0
1673, 14
1674, 0
1675, 0
1676, 0
1677, 16
1678, 0
1679, 0
1680, 0
1681, 0
1682, 14
1683, 0
1684, 0
1685, 13
1686, 15
1687, 16
1688, 0
1689, 0
1690, 24
1691, 24
1692, 23
1693, 24
1694, 22
1695, 23
1696, 0
1697, 0
1698, 24
1699, 24
1700, 21
1701, 18
1702, 20
1703, 24
1704, 0
1705, 0
1706, 0
1707, 29
1708, 29
1709, 30
1710, 32
1711, 0
1712, 0
1713, 0
1714, 31
1715, 31
1716, 31
1717, 32
1718, 31
1719, 31
1720, 0
1721, 0
1722, 46
1723, 46
1724, 44
1725, 44
1726, 0
1727, 47
1728, 0
1729, 0
1730, 47
1731, 45
1732, 46
1733, 46
1734, 46
1735, 47
1736, 0
1737, 0
1738, 0
1739, 63
1740, 63
1741, 63
1742, 61
1743, 59
1744, 0
1745, 0
1746, 62
1747, 63
1748, 62
1749, 62
1750, 0
1751, 0
1752, 0
1753, 0
1754, 62
1755, 62
1756, 60
1757, 61
1758, 63
1759, 62
1760, 0
1761, 0
1762, 0
1763, 70
1764, 70
1765, 70
1766, 71
1767, 72
1768, 69
1769, 64
1770, 62
1771, 62
1772, 63
1773, 63
1774, 61
1775, 63
1776, 0
1777, 0
1778, 78
1779, 0
1780, 78
1781, 78
1782, 78
1783, 77
1784, 0
1785, 0
1786, 69
1787, 0
1788, 71
1789, 71
1790, 71
1791, 70
1792, 0
1793, 70
1794, 0
1795, 68
1796, 0
1797, 70
1798, 72
1799, 72
1800, 71
1801, 71
1802, 0
1803, 69
1804, 0
1805, 72
1806, 72
1807, 70
1808, 0
1809, 0
1810, 76
1811, 78
1812, 78
1813, 80
1814, 78
1815, 75
1816, 0
1817, 0
1818, 78
1819, 80
1820, 79
1821, 79
1822, 0
1823, 76
1824, 70
1825, 0
1826, 70
1827, 71
1828, 71
1829, 71
1830, 69
1831, 71
1832, 0
1833, 0
1834, 79
1835, 78
1836, 77
1837, 77
1838, 78
1839, 0
1840, 71
1841, 0
1842, 70
1843, 70
1844, 71
1845, 72
1846, 71
1847, 71
1848, 0
1849, 0
1850, 0
1851, 0
1852, 0
1853, 0
1854, 0
1855, 0
1856, 0
1857, 0
1858, 0
1859, 0
1860, 0
1861, 0
1862, 0
1863, 0
1864, 0
1865, 0
1866, 100
1867, 0
1868, 104
1869, 102
1870, 104
1871, 103
1872, 0
1873, 0
1874, 0
1875, 111
1876, 111
1877, 111
1878, 110
1879, 112
1880, 110
1881, 0
1882, 108
1883, 0
1884, 0
1885, 110
1886, 111
1887, 111
1888, 0
1889, 0
1890, 0
1891, 111
1892, 111
1893, 107
1894, 110
1895, 0
1896, 0
1897, 0
1898, 0
1899, 96
1900, 93
1901, 92
1902, 0
1903, 95
1904, 0
1905, 0
1906, 0
1907, 0
1908, 120
1909, 118
1910, 117
1911, 0
1912, 0
1913, 0
1914, 116
1915, 118
1916, 117
1917, 120
1918, 120
1919, 120
1920, 0
1921, 0
1922, 127
1923, 127
1924, 126
1925, 127
1926, 128
1927, 128
1928, 126
1929, 128
1930, 128
1931, 127
1932, 124
1933, 125
1934, 126
1935, 127
1936, 0
1937, 0
1938, 138
1939, 143
1940, 140
1941, 141
1942, 142
1943, 143
1944, 0
1945, 0
1946, 144
1947, 0
1948, 141
1949, 0
1950, 140
1951, 142
1952, 0
1953, 0
1954, 0
1955, 143
1956, 142
1957, 143
1958, 144
1959, 0
1960, 136
1961, 136
1962, 134
1963, 134
1964, 135
1965, 135
1966, 134
1967, 134
1968, 0
1969, 0
1970, 135
1971, 0
1972, 133
1973, 133
1974, 134
1975, 133
1976, 0
1977, 0
1978, 143
1979, 144
1980, 143
1981, 141
1982, 143
1983, 144
1984, 0
1985, 0
1986, 150
1987, 150
1988, 0
1989, 150
1990, 0
1991, 0
1992, 145
1993, 0
1994, 144
1995, 144
1996, 143
1997, 142
1998, 143
1999, 142
2000, 0
2001, 0
2002, 0
2003, 150
2004, 148
2005, 149
2006, 151
2007, 151
2008, 145
2009, 145
2010, 144
2011, 141
2012, 143
2013, 143
2014, 143
2015, 144
2016, 0
2017, 0
2018, 151
2019, 151
2020, 151
2021, 150
2022, 0
2023, 0
2024, 148
2025, 147
2026, 148
2027, 0
2028, 150
2029, 150
2030, 150
2031, 151
2032, 150
2033, 149
2034, 152
2035, 150
2036, 149
2037, 150
2038, 152
2039, 152
2040, 0
2041, 0
2042, 166
2043, 167
2044, 168
2045, 167
2046, 167
2047, 166
2048, 162
2049, 160
2050, 159
2051, 156
2052, 0
2053, 157
2054, 157
2055, 158
2056, 0
2057, 0
2058, 175
2059, 175
2060, 174
2061, 173
2062, 175
2063, 174
2064, 174
2065, 174
2066, 175
2067, 174
2068, 173
2069, 173
2070, 176
2071, 176
2072, 0
2073, 0
2074, 184
2075, 183
2076, 183
2077, 183
2078, 183
2079, 0
2080, 0
2081, 0
2082, 0
2083, 181
2084, 0
2085, 183
2086, 184
2087, 184
2088, 177
2089, 176
2090, 0
2091, 170
2092, 0
2093, 176
2094, 174
2095, 174
2096, 0
2097, 0
2098, 0
2099, 190
2100, 191
2101, 192
2102, 191
2103, 190
2104, 191
2105, 191
2106, 190
2107, 189
2108, 190
2109, 192
2110, 192
2111, 191
2112, 189
2113, 191
2114, 192
2115, 191
2116, 192
2117, 190
2118, 191
2119, 192
2120, 0
2121, 0
2122, 0
2123, 206
2124, 208
2125, 207
2126, 206
2127, 206
2128, 205
2129, 199
2130, 198
2131, 200
2132, 200
2133, 197
2134, 199
2135, 199
2136, 0
2137, 0
2138, 208
2139, 207
2140, 206
2141, 206
2142, 0
2143, 207
2144, 0
2145, 0
2146, 214
2147, 0
2148, 212
2149, 0
2150, 216
2151, 215
2152, 208
2153, 208
2154, 208
2155, 208
2156, 206
2157, 207
2158, 208
2159, 207
2160, 0
2161, 0
2162, 0
2163, 223
2164, 223
2165, 221
2166, 0
2167, 224
2168, 222
2169, 221
2170, 221
2171, 221
2172, 231
2173, 232
2174, 231
2175, 231
2176, 231
2177, 230
2178, 228
2179, 228
2180, 229
2181, 231
2182, 229
2183, 232
2184, 0
2185, 0
2186, 240
2187, 239
2188, 238
2189, 239
2190, 239
2191, 239
2192, 0
2193, 0
2194, 232
2195, 232
2196, 230
2197, 231
2198, 231
2199, 231
2200, 231
2201, 231
2202, 232
2203, 231
2204, 231
2205, 231
2206, 232
2207, 0
2208, 0
2209, 0
2210, 239
2211, 238
2212, 239
2213, 240
2214, 237
2215, 239
2216, 0
2217, 0
2218, 247
2219, 248
2220, 246
2221, 246
2222, 245
2223, 247
2224, 0
2225, 245
2226, 246
2227, 246
2228, 245
2229, 247
2230, 248
2231, 0
2232, 0
2233, 0
2234, 0
2235, 254
2236, 253
2237, 254
2238, 255
2239, 0
2240, 0
2241, 0
2242, 255
2243, 254
2244, 255
2245, 255
2246, 252
2247, 252
2248, 251
2249, 252
2250, 0
2251, 252
2252, 255
2253, 255
2254, 253
2255, 251
2256, 0
2257, 0
2258, 262
2259, 262
2260, 261
2261, 260
2262, 262
2263, 262
2264, 257
2265, 257
2266, 255
2267, 254
2268, 256
2269, 254
2270, 254
2271, 254
2272, 0
2273, 0
2274, 263
2275, 264
2276, 262
2277, 0
2278, 0
2279, 263
2280, 0
2281, 0
2282, 0
2283, 0
2284, 271
2285, 270
2286, 271
2287, 271
2288, 271
2289, 0
2290, 270
2291, 270
2292, 0
2293, 268
2294, 0
2295, 272
2296, 0
2297, 275
2298, 277
2299, 280
2300, 0
2301, 277
2302, 0
2303, 279
2304, 279
2305, 0
2306, 277
2307, 0
2308, 279
2309, 277
2310, 278
2311, 278
2312, 0
2313, 0
2314, 0
2315, 286
2316, 286
2317, 285
2318, 284
2319, 288
2320, 286
2321, 285
2322, 286
2323, 287
2324, 284
2325, 285
2326, 288
2327, 287
2328, 0
2329, 289
2330, 288
2331, 288
2332, 286
2333, 286
2334, 286
2335, 286
2336, 283
2337, 0
2338, 0
2339, 284
2340, 0
2341, 286
2342, 287
2343, 287
2344, 0
2345, 0
2346, 0
2347, 296
2348, 296
2349, 294
2350, 294
2351, 295
2352, 295
2353, 295
2354, 296
2355, 295
2356, 294
2357, 294
2358, 294
2359, 294
2360, 292
2361, 292
2362, 294
2363, 295
2364, 294
2365, 294
2366, 294
2367, 295
2368, 0
2369, 0
2370, 303
2371, 303
2372, 303
2373, 302
2374, 302
2375, 303
2376, 303
2377, 303
2378, 303
2379, 304
2380, 303
2381, 303
2382, 302
2383, 303
2384, 0
2385, 0
2386, 310
2387, 311
2388, 310
2389, 309
2390, 310
2391, 312
2392, 311
2393, 0
2394, 308
2395, 0
2396, 312
2397, 310
2398, 310
2399, 311
2400, 0
2401, 0
2402, 0
2403, 319
2404, 318
2405, 319
2406, 318
2407, 316
2408, 0
2409, 315
2410, 0
2411, 319
2412, 319
2413, 317
2414, 318
2415, 0
2416, 0
2417, 0
2418, 325
2419, 327
2420, 328
2421, 326
2422, 328
2423, 328
2424, 328
2425, 326
2426, 326
2427, 0
2428, 324
2429, 0
2430, 327
2431, 328
2432, 327
2433, 328
2434, 333
2435, 336
2436, 335
2437, 334
2438, 335
2439, 335
2440, 336
2441, 335
2442, 336
2443, 336
2444, 336
2445, 335
2446, 334
2447, 336
2448, 0
2449, 0
2450, 350
2451, 350
2452, 349
2453, 350
2454, 350
2455, 350
2456, 351
2457, 352
2458, 351
2459, 351
2460, 0
2461, 348
2462, 0
2463, 351
2464, 348
2465, 351
2466, 0
2467, 349
2468, 0
2469, 351
2470, 350
2471, 352
2472, 352
2473, 351
2474, 352
2475, 352
2476, 350
2477, 349
2478, 351
2479, 0
2480, 349
2481, 0
2482, 351
2483, 348
2484, 350
2485, 352
2486, 348
2487, 347
2488, 0
2489, 0
2490, 358
2491, 359
2492, 360
2493, 360
2494, 360
2495, 359
2496, 0
2497, 0
2498, 368
2499, 368
2500, 366
2501, 366
2502, 367
2503, 0
2504, 365
2505, 0
2506, 368
2507, 365
2508, 367
2509, 368
2510, 368
2511, 366
2512, 366
2513, 368
2514, 367
2515, 367
2516, 368
2517, 367
2518, 368
2519, 366
2520, 366
2521, 366
2522, 367
2523, 368
2524, 367
2525, 366
2526, 367
2527, 368
2528, 367
2529, 369
2530, 0
2531, 373
2532, 0
2533, 375
2534, 373
2535, 375
2536, 374
2537, 374
2538, 378
2539, 383
2540, 383
2541, 383
2542, 383
2543, 384
2544, 0
2545, 0
2546, 391
2547, 391
2548, 390
2549, 389
2550, 390
2551, 389
2552, 0
2553, 0
2554, 0
2555, 397
2556, 397
2557, 396
2558, 396
2559, 396
2560, 398
2561, 399
2562, 400
2563, 399
2564, 398
2565, 399
2566, 400
2567, 399
2568, 398
2569, 0
2570, 396
2571, 0
2572, 0
2573, 399
2574, 398
2575, 398
2576, 398
2577, 0
2578, 398
2579, 398
2580, 0
2581, 400
2582, 400
2583, 399
2584, 398
2585, 398
2586, 396
2587, 397
2588, 397
2589, 0
2590, 399
2591, 398
2592, 399
2593, 397
2594, 398
2595, 400
2596, 399
2597, 400
2598, 400
2599, 399
2600, 399
2601, 401
2602, 407
2603, 409
2604, 411
2605, 416
2606, 415
2607, 416
2608, 415
2609, 415
2610, 414
2611, 415
2612, 414
2613, 416
2614, 415
2615, 415
2616, 415
2617, 415
2618, 415
2619, 414
2620, 414
2621, 414
2622, 414
2623, 415
2624, 0
2625, 0
2626, 424
2627, 422
2628, 422
2629, 422
2630, 424
2631, 424
2632, 0
2633, 0
2634, 0
2635, 430
2636, 427
2637, 431
2638, 0
2639, 0
2640, 0
2641, 0
2642, 432
2643, 430
2644, 428
2645, 430
2646, 431
2647, 432
2648, 430
2649, 431
2650, 430
2651, 430
2652, 430
2653, 430
2654, 430
2655, 429
2656, 430
2657, 433
2658, 0
2659, 446
2660, 446
2661, 446
2662, 444
2663, 443
2664, 446
2665, 447
2666, 448
2667, 447
2668, 445
2669, 446
2670, 446
2671, 445
2672, 444
2673, 444
2674, 447
2675, 448
2676, 446
2677, 448
2678, 448
2679, 447
2680, 446
2681, 447
2682, 447
2683, 445
2684, 446
2685, 447
2686, 447
2687, 446
2688, 448
2689, 448
2690, 447
2691, 448
2692, 447
2693, 447
2694, 448
2695, 447
2696, 0
2697, 444
2698, 0
2699, 454
2700, 456
2701, 456
2702, 454
2703, 454
2704, 453
2705, 455
2706, 460
2707, 463
2708, 0
2709, 460
2710, 0
2711, 0
2712, 462
2713, 463
2714, 0
2715, 461
2716, 463
2717, 464
2718, 464
2719, 464
2720, 462
2721, 463
2722, 464
2723, 462
2724, 462
2725, 463
2726, 464
2727, 462
2728, 463
2729, 461
2730, 460
2731, 0
2732, 463
2733, 461
2734, 461
2735, 462
2736, 462
2737, 462
2738, 469
2739, 478
2740, 477
2741, 479
2742, 479
2743, 478
2744, 478
2745, 480
2746, 479
2747, 479
2748, 480
2749, 479
2750, 479
2751, 478
2752, 478
2753, 477
2754, 476
2755, 477
2756, 479
2757, 480
2758, 480
2759, 478
2760, 0
2761, 0
2762, 487
2763, 0
2764, 486
2765, 487
2766, 487
2767, 486
2768, 485
2769, 487
2770, 490
2771, 502
2772, 504
2773, 504
2774, 503
2775, 503
2776, 0
2777, 501
2778, 0
2779, 503
2780, 501
2781, 503
2782, 503
2783, 0
2784, 499
2785, 0
2786, 502
2787, 502
2788, 501
2789, 502
2790, 502
2791, 501
2792, 0
2793, 499
2794, 0
2795, 0
2796, 501
2797, 0
2798, 503
2799, 502
2800, 502
2801, 504
2802, 508
2803, 520
2804, 519
2805, 518
2806, 517
2807, 518
2808, 0
2809, 517
2810, 519
2811, 518
2812, 519
2813, 517
2814, 519
2815, 519
2816, 517
2817, 519
2818, 519
2819, 520
2820, 520
2821, 518
2822, 519
2823, 519
2824, 520
2825, 519
2826, 519
2827, 520
2828, 518
2829, 519
2830, 520
2831, 519
2832, 519
2833, 521
2834, 526
2835, 532
2836, 532
2837, 535
2838, 535
2839, 535
2840, 534
2841, 533
2842, 534
2843, 536
2844, 536
2845, 535
2846, 534
2847, 534
2848, 536
2849, 536
2850, 536
2851, 536
2852, 535
2853, 534
2854, 534
2855, 535
2856, 534
2857, 533
2858, 534
2859, 541
2860, 542
2861, 544
2862, 543
2863, 544
2864, 544
2865, 545
2866, 549
2867, 0
2868, 550
2869, 550
2870, 549
2871, 550
2872, 549
2873, 0
2874, 551
2875, 559
2876, 560
2877, 560
2878, 559
2879, 559
2880, 558
2881, 558
2882, 558
2883, 560
2884, 560
2885, 559
2886, 560
2887, 559
2888, 560
2889, 561
2890, 566
2891, 567
2892, 567
2893, 567
2894, 568
2895, 566
2896, 566
2897, 568
2898, 568
2899, 568
2900, 567
2901, 567
2902, 568
2903, 567
2904, 565
2905, 564
2906, 566
2907, 568
2908, 572
2909, 575
2910, 576
2911, 576
2912, 574
2913, 576
2914, 579
2915, 583
2916, 583
2917, 583
2918, 582
2919, 584
2920, 583
2921, 580
2922, 581
2923, 582
2924, 581
2925, 583
2926, 582
2927, 0
2928, 584
2929, 584
2930, 584
2931, 589
2932, 589
2933, 591
2934, 592
2935, 592
2936, 591
2937, 0
2938, 594
2939, 0
2940, 599
2941, 597
2942, 599
2943, 0
2944, 597
2945, 597
2946, 0
2947, 597
2948, 596
2949, 598
2950, 598
2951, 598
2952, 598
2953, 600
2954, 603
2955, 615
2956, 616
2957, 614
2958, 614
2959, 614
2960, 614
2961, 615
2962, 615
2963, 615
2964, 616
2965, 614
2966, 615
2967, 0
2968, 0
2969, 606
2970, 607
2971, 613
2972, 615
2973, 615
2974, 616
2975, 0
2976, 613
2977, 615
2978, 617
2979, 622
2980, 623
2981, 623
2982, 621
2983, 623
2984, 624
2985, 624
2986, 624
2987, 623
2988, 623
2989, 622
2990, 623
2991, 0
2992, 620
2993, 621
2994, 0
2995, 631
2996, 630
2997, 0
2998, 628
2999, 0
3000, 0
3001, 625
3002, 629
3003, 632
3004, 630
3005, 629
3006, 630
3007, 630
3008, 628
3009, 629
3010, 0
3011, 630
3012, 0
3013, 627
3014, 0
3015, 630
3016, 629
3017, 630
3018, 633
3019, 638
3020, 645
3021, 648
3022, 647
3023, 647
3024, 647
3025, 647
3026, 0
3027, 645
3028, 0
3029, 647
3030, 647
3031, 648
3032, 646
3033, 648
3034, 653
3035, 662
3036, 664
3037, 663
3038, 0
3039, 661
3040, 0
3041, 659
3042, 0
3043, 663
3044, 660
3045, 660
3046, 662
3047, 0
3048, 0
3049, 655
3050, 656
3051, 661
3052, 0
3053, 664
3054, 663
3055, 664
3056, 664
3057, 664
3058, 666
3059, 672
3060, 669
3061, 0
3062, 0
3063, 0
3064, 0
3065, 663
3066, 664
3067, 665
3068, 671
3069, 671
3070, 671
3071, 672
3072, 671
3073, 670
3074, 672
3075, 677
3076, 680
3077, 0
3078, 675
3079, 0
3080, 0
3081, 675
3082, 0
3083, 680
3084, 678
3085, 679
3086, 679
3087, 679
3088, 679
3089, 679
3090, 681
3091, 0
3092, 687
3093, 686
3094, 687
3095, 687
3096, 687
3097, 687
3098, 687
3099, 688
3100, 687
3101, 686
3102, 685
3103, 686
3104, 687
3105, 687
3106, 688
3107, 694
3108, 696
3109, 696
3110, 695
3111, 694
3112, 694
3113, 696
3114, 699
3115, 702
3116, 702
3117, 703
3118, 704
3119, 0
3120, 0
3121, 688
3122, 696
3123, 696
3124, 695
3125, 695
3126, 696
3127, 0
3128, 691
3129, 0
3130, 697
3131, 696
3132, 695
3133, 701
3134, 0
3135, 704
3136, 703
3137, 705
3138, 708
3139, 719
3140, 718
3141, 717
3142, 717
3143, 717
3144, 718
3145, 717
3146, 717
3147, 720
3148, 719
3149, 719
3150, 719
3151, 720
3152, 719
3153, 722
3154, 728
3155, 733
3156, 734
3157, 734
3158, 734
3159, 0
3160, 0
3161, 727
3162, 0
3163, 725
3164, 727
3165, 728
3166, 727
3167, 0
3168, 0
3169, 721
3170, 722
3171, 729
3172, 732
3173, 732
3174, 734
3175, 733
3176, 734
3177, 0
3178, 0
3179, 0
3180, 743
3181, 742
3182, 744
3183, 0
3184, 741
3185, 0
3186, 744
3187, 752
3188, 751
3189, 750
3190, 750
3191, 750
3192, 751
3193, 753
3194, 755
3195, 758
3196, 758
3197, 759
3198, 759
3199, 760
3200, 759
3201, 758
3202, 764
3203, 0
3204, 763
3205, 0
3206, 0
3207, 0
3208, 0
3209, 752
3210, 758
3211, 767
3212, 765
3213, 765
3214, 767
3215, 0
3216, 762
3217, 762
3218, 0
3219, 776
3220, 773
3221, 774
3222, 774
3223, 775
3224, 775
3225, 777
3226, 784
3227, 782
3228, 782
3229, 784
3230, 783
3231, 782
3232, 782
3233, 783
3234, 782
3235, 791
3236, 792
3237, 790
3238, 792
3239, 0
3240, 0
3241, 780
3242, 785
3243, 791
3244, 792
3245, 791
3246, 790
3247, 0
3248, 0
3249, 785
3250, 787
3251, 792
3252, 799
3253, 800
3254, 798
3255, 798
3256, 799
3257, 801
3258, 802
3259, 807
3260, 807
3261, 806
3262, 807
3263, 808
3264, 805
3265, 805
3266, 807
3267, 814
3268, 815
3269, 816
3270, 816
3271, 815
3272, 816
3273, 0
3274, 817
3275, 820
3276, 822
3277, 823
3278, 0
3279, 0
3280, 0
3281, 809
3282, 818
3283, 824
3284, 823
3285, 822
3286, 820
3287, 822
3288, 822
3289, 822
3290, 822
3291, 822
3292, 831
3293, 831
3294, 831
3295, 0
3296, 830
3297, 0
3298, 832
3299, 833
3300, 838
3301, 839
3302, 839
3303, 837
3304, 838
3305, 840
3306, 841
3307, 842
3308, 0
3309, 846
3310, 0
3311, 0
3312, 0
3313, 832
3314, 839
3315, 847
3316, 846
3317, 845
3318, 844
3319, 845
3320, 847
3321, 847
3322, 851
3323, 852
3324, 852
3325, 854
3326, 855
3327, 854
3328, 854
3329, 856
3330, 863
3331, 879
3332, 879
3333, 878
3334, 878
3335, 0
3336, 0
3337, 872
3338, 876
3339, 887
3340, 888
3341, 887
3342, 884
3343, 0
3344, 0
3345, 874
3346, 877
3347, 878
3348, 877
3349, 877
3350, 875
3351, 0
3352, 880
3353, 0
3354, 0
3355, 0
3356, 893
3357, 0
3358, 894
3359, 895
3360, 895
3361, 897
3362, 903
3363, 912
3364, 912
3365, 912
3366, 911
3367, 0
3368, 0
3369, 896
3370, 897
3371, 903
3372, 904
3373, 904
3374, 903
3375, 902
3376, 903
3377, 905
3378, 906
3379, 912
3380, 911
3381, 908
3382, 0
3383, 911
3384, 911
3385, 913
3386, 920
3387, 0
3388, 927
3389, 927
3390, 927
3391, 0
3392, 0
3393, 922
3394, 933
3395, 934
3396, 936
3397, 934
3398, 934
3399, 0
3400, 0
3401, 928
3402, 932
3403, 934
3404, 0
3405, 932
3406, 0
3407, 935
3408, 933
3409, 932
3410, 935
3411, 939
3412, 940
3413, 0
3414, 944
3415, 0
3416, 0
3417, 927
3418, 932
3419, 944
3420, 944
3421, 941
3422, 941
3423, 942
3424, 941
3425, 944
3426, 946
3427, 953
3428, 959
3429, 958
3430, 957
3431, 958
3432, 957
3433, 956
3434, 956
3435, 967
3436, 968
3437, 966
3438, 0
3439, 0
3440, 0
3441, 953
3442, 956
3443, 958
3444, 960
3445, 959
3446, 959
3447, 956
3448, 956
3449, 957
3450, 957
3451, 966
3452, 983
3453, 983
3454, 984
3455, 980
3456, 979
3457, 981
3458, 984
3459, 990
3460, 992
3461, 0
3462, 0
3463, 0
3464, 0
3465, 976
3466, 979
3467, 990
3468, 988
3469, 988
3470, 988
3471, 990
3472, 990
3473, 993
3474, 0
3475, 1006
3476, 0
3477, 1006
3478, 1006
3479, 0
3480, 0
3481, 998
3482, 1004
3483, 0
3484, 1012
3485, 1014
3486, 1015
3487, 0
3488, 0
3489, 1010
3490, 1015
3491, 1021
3492, 1023
3493, 1021
3494, 1022
3495, 1021
3496, 1020
3497, 1023
3498, 1032
3499, 1039
3500, 1040
3501, 1040
3502, 1039
3503, 0
3504, 0
3505, 1032
3506, 1039
3507, 1037
3508, 1040
3509, 1039
3510, 1037
3511, 0
3512, 0
3513, 1033
3514, 1041
3515, 1045
3516, 1047
3517, 1047
3518, 1047
3519, 0
3520, 1045
3521, 0
3522, 1058
3523, 1064
3524, 1063
3525, 1062
3526, 0
3527, 0
3528, 0
3529, 1050
3530, 1052
3531, 1064
3532, 1064
3533, 1060
3534, 1061
3535, 0
3536, 1062
3537, 0
3538, 1072
3539, 1078
3540, 1078
3541, 1080
3542, 1079
3543, 1077
3544, 1078
3545, 1079
3546, 1082
3547, 1096
3548, 1094
3549, 1094
3550, 1094
3551, 0
3552, 0
3553, 1080
3554, 1084
3555, 1091
3556, 1096
3557, 1093
3558, 1093
3559, 1095
3560, 1096
3561, 1097
3562, 1103
3563, 1110
3564, 1112
3565, 1112
3566, 1112
3567, 0
3568, 0
3569, 1105
3570, 0
3571, 1115
3572, 1119
3573, 1119
3574, 1118
3575, 0
3576, 0
3577, 1112
3578, 1113
3579, 1126
3580, 1127
3581, 1126
3582, 1125
3583, 1125
3584, 1124
3585, 0
3586, 0
3587, 1141
3588, 1142
3589, 1141
3590, 0
3591, 0
3592, 0
3593, 1129
3594, 1134
3595, 1144
3596, 1143
3597, 1140
3598, 1143
3599, 1142
3600, 1143
3601, 1145
3602, 1152
3603, 1158
3604, 1158
3605, 1158
3606, 1160
3607, 0
3608, 0
3609, 1142
3610, 1143
3611, 1159
3612, 0
3613, 1157
3614, 1157
3615, 0
3616, 1156
3617, 1157
3618, 1159
3619, 1175
3620, 1176
3621, 1174
3622, 1176
3623, 0
3624, 0
3625, 1166
3626, 1169
3627, 1184
3628, 1182
3629, 1183
3630, 1183
3631, 0
3632, 0
3633, 1177
3634, 0
3635, 1189
3636, 0
3637, 1191
3638, 1189
3639, 0
3640, 0
3641, 1184
3642, 1191
3643, 1191
3644, 1199
3645, 1199
3646, 1198
3647, 1200
3648, 0
3649, 0
3650, 1210
3651, 0
3652, 1216
3653, 1215
3654, 1215
3655, 1215
3656, 0
3657, 1214
3658, 1218
3659, 1231
3660, 1232
3661, 1231
3662, 0
3663, 0
3664, 0
3665, 1217
3666, 1224
3667, 1229
3668, 1229
3669, 1230
3670, 1230
3671, 1230
3672, 1229
3673, 0
3674, 1229
3675, 1239
3676, 0
3677, 1248
3678, 1246
3679, 0
3680, 0
3681, 1229
3682, 1230
3683, 1237
3684, 0
3685, 1239
3686, 1238
3687, 1238
3688, 1238
3689, 1239
3690, 0
3691, 1256
3692, 1255
3693, 1254
3694, 0
3695, 0
3696, 0
3697, 1240
3698, 1242
3699, 1254
3700, 1253
3701, 1255
3702, 1256
3703, 1255
3704, 1255
3705, 1258
3706, 1273
3707, 1286
3708, 1288
3709, 1287
3710, 1286
3711, 0
3712, 0
3713, 1269
3714, 1271
3715, 1279
3716, 1280
3717, 1279
3718, 1277
3719, 0
3720, 1280
3721, 1282
3722, 1290
3723, 1295
3724, 1303
3725, 1303
3726, 1303
3727, 0
3728, 0
3729, 1289
3730, 1291
3731, 1308
3732, 1328
3733, 1328
3734, 1327
3735, 1328
3736, 1327
3737, 1330
3738, 1341
3739, 1349
3740, 1351
3741, 1351
3742, 1350
3743, 0
3744, 0
3745, 1338
3746, 1339
3747, 1338
3748, 1344
3749, 1350
3750, 1349
3751, 1351
3752, 1351
3753, 1353
3754, 0
3755, 1374
3756, 1375
3757, 1376
3758, 1376
3759, 0
3760, 0
3761, 1360
3762, 1363
3763, 1373
3764, 1381
3765, 1381
3766, 1381
3767, 0
3768, 0
3769, 1371
3770, 1374
3771, 1391
3772, 1398
3773, 1399
3774, 1398
3775, 0
3776, 0
3777, 1393
3778, 1399
3779, 1415
3780, 1416
3781, 1414
3782, 0
3783, 0
3784, 0
3785, 1401
3786, 1408
3787, 1415
3788, 1415
3789, 1416
3790, 1415
3791, 1414
3792, 1414
3793, 1414
3794, 0
3795, 1424
3796, 1439
3797, 1439
3798, 1438
3799, 0
3800, 0
3801, 1423
3802, 1426
3803, 1443
3804, 1454
3805, 0
3806, 0
3807, 0
3808, 0
3809, 1445
3810, 0
3811, 1461
3812, 1463
3813, 1464
3814, 1461
3815, 0
3816, 0
3817, 0
3818, 1460
3819, 1474
3820, 1480
3821, 0
3822, 0
3823, 0
3824, 0
3825, 1466
3826, 1471
3827, 1485
3828, 1486
3829, 1488
3830, 1488
3831, 1487
3832, 1487
3833, 1489
3834, 1498
3835, 1502
3836, 1503
3837, 0
3838, 0
3839, 0
3840, 0
3841, 1495
3842, 1499
3843, 1539
3844, 1551
3845, 0
3846, 1549
3847, 1550
3848, 0
3849, 1534
3850, 0
3851, 1542
3852, 1552
3853, 0
3854, 0
3855, 0
3856, 0
3857, 1537
3858, 1544
3859, 1559
3860, 1558
3861, 1560
3862, 1559
3863, 0
3864, 0
3865, 1543
3866, 1545
3867, 1575
3868, 1575
3869, 1574
3870, 0
3871, 0
3872, 1570
3873, 0
3874, 1576
3875, 1586
3876, 1586
3877, 1589
3878, 0
3879, 0
3880, 0
3881, 1577
3882, 1589
3883, 1607
3884, 1608
3885, 1605
3886, 1604
3887, 0
3888, 0
3889, 1600
3890, 1604
3891, 1620
3892, 0
3893, 1630
3894, 0
3895, 0
3896, 0
3897, 1624
3898, 1639
3899, 1655
3900, 1655
3901, 1656
3902, 1656
3903, 0
3904, 0
3905, 1638
3906, 1652
3907, 1664
3908, 0
3909, 1659
3910, 0
3911, 0
3912, 0
3913, 1655
3914, 1655
3915, 1662
3916, 1662
3917, 0
3918, 0
3919, 0
3920, 0
3921, 1656
3922, 1662
3923, 1686
3924, 1685
3925, 1685
3926, 0
3927, 0
3928, 0
3929, 1673
3930, 0
3931, 1680
3932, 0
3933, 1694
3934, 1693
3935, 0
3936, 0
3937, 1689
3938, 1696
3939, 0
3940, 1739
3941, 1740
3942, 1741
3943, 0
3944, 0
3945, 1736
3946, 1746
3947, 1780
3948, 1784
3949, 1783
3950, 1782
3951, 0
3952, 0
3953, 1770
3954, 1780
3955, 0
3956, 1837
3957, 0
3958, 1840
3959, 0
3960, 0
3961, 1824
3962, 1838
3963, 1863
3964, 1862
3965, 1862
3966, 1860
3967, 1862
3968, 1864
3969, 1863
3970, 1864
3971, 1877
3972, 1877
3973, 0
3974, 0
3975, 0
3976, 0
3977, 1854
3978, 1853
3979, 1858
3980, 1872
3981, 1870
3982, 0
3983, 0
3984, 0
3985, 1850
3986, 1861
3987, 1896
3988, 1896
3989, 1896
3990, 1896
3991, 1894
3992, 0
3993, 1881
3994, 1885
3995, 1901
3996, 1902
3997, 1918
3998, 1917
3999, 1917
4000, 1918
4001, 1921
4002, 1929
4003, 1964
4004, 1966
4005, 1968
4006, 1968
4007, 0
4008, 0
4009, 1951
4010, 1956
4011, 1991
4012, 1990
4013, 1991
4014, 1991
4015, 0
4016, 0
4017, 1976
4018, 1984
4019, 2031
4020, 2030
4021, 2029
4022, 2029
4023, 0
4024, 0
4025, 2017
4026, 2022
4027, 2047
4028, 2063
4029, 2063
4030, 2061
4031, 0
4032, 2059
4033, 2059
4034, 0
4035, 2081
4036, 2089
4037, 2097
4038, 2108
4039, 0
4040, 0
4041, 2095
4042, 2100
4043, 2136
4044, 2150
4045, 2150
4046, 2151
4047, 0
4048, 0
4049, 2134
4050, 2137
4051, 2146
4052, 2175
4053, 2174
4054, 0
4055, 0
4056, 0
4057, 2159
4058, 0
4059, 2195
4060, 0
4061, 2199
4062, 2196
4063, 0
4064, 0
4065, 2181
4066, 2182
4067, 2192
4068, 2191
4069, 2192
4070, 2192
4071, 0
4072, 0
4073, 2177
4074, 2186
4075, 2212
4076, 2288
4077, 2288
4078, 2286
4079, 0
4080, 0
4081, 2281
4082, 2286
4083, 2319
4084, 2350
4085, 2351
4086, 2351
4087, 0
4088, 0
4089, 2335
4090, 2348
4091, 2395
4092, 2484
4093, 0
4094, 2487
4095, 0
4096, 0
4097, 2473
4098, 0
4099, 2535
4100, 0
4101, 0
4102, 2580
4103, 0
4104, 0
4105, 2568
4106, 2576
4107, 2622
4108, 2708
4109, 2711
4110, 0
4111, 0
4112, 0
4113, 2792
4114, 2847
4115, 0
