0, 0
1, 0
2, 0
3, 0
4, 0
5, 0
6, 0
7, 0
8, 0
9, 0
10, 0
11, 0
12, 0
13, 0
14, 0
15, 0
16, 0
17, 0
18, 0
19, 0
20, 0
21, 0
22, 0
23, 0
24, 0
25, 0
26, 0
27, 0
28, 0
29, 1
30, 0
31, 0
32, 0
33, 0
34, 0
35, 0
36, 0
37, 0
38, 0
39, 0
40, 0
41, 0
42, 0
43, 0
44, 0
45, 0
46, 0
47, 0
48, 0
49, 0
50, 0
51, 0
52, 0
53, 0
54, 0
55, 0
56, 0
57, 0
58, 0
59, 0
60, 0
61, 0
62, 0
63, 0
64, 0
65, 0
66, 0
67, 0
68, 0
69, 0
70, 0
71, 0
72, 0
73, 0
74, 0
75, 0
76, 0
77, 0
78, 0
79, 0
80, 0
81, 0
82, 0
83, 0
84, 0
85, 0
86, 0
87, 0
88, 0
89, 0
90, 0
91, 0
92, 0
93, 0
94, 0
95, 0
96, 0
97, 0
98, 0
99, 0
100, 0
101, 0
102, 0
103, 0
104, 0
105, 0
106, 0
107, 0
108, 0
109, 0
110, 0
111, 0
112, 0
113, 0
114, 0
115, 0
116, 0
117, 0
118, 0
119, 0
120, 0
121, 0
122, 0
123, 0
124, 0
125, 0
126, 0
127, 0
128, 0
129, 0
130, 0
131, 0
132, 0
133, 0
134, 0
135, 0
136, 0
137, 0
138, 0
139, 0
140, 0
141, 0
142, 0
143, 0
144, 0
145, 0
146, 0
147, 0
148, 0
149, 0
150, 0
151, 0
152, 0
153, 0
154, 0
155, 0
156, 0
157, 0
158, 0
159, 0
160, 0
161, 0
162, 0
163, 0
164, 0
165, 0
166, 0
167, 0
168, 0
169, 0
170, 0
171, 0
172, 0
173, 0
174, 1
175, 0
176, 0
177, 1
178, 0
179, 0
180, 0
181, 0
182, 0
183, 0
184, 0
185, 0
186, 0
187, 0
188, 0
189, 0
190, 0
191, 0
192, 0
193, 0
194, 0
195, 0
196, 0
197, 0
198, 0
199, 0
200, 0
201, 0
202, 0
203, 0
204, 0
205, 0
206, 0
207, 0
208, 0
209, 0
210, 0
211, 0
212, 0
213, 0
214, 0
215, 0
216, 0
217, 0
218, 0
219, 0
220, 0
221, 0
222, 0
223, 0
224, 0
225, 0
226, 0
227, 0
228, 0
229, 0
230, 0
231, 0
232, 0
233, 0
234, 0
235, 0
236, 0
237, 0
238, 0
239, 0
240, 0
241, 0
242, 0
243, 0
244, 0
245, 0
246, 0
247, 0
248, 0
249, 0
250, 0
251, 0
252, 0
253, 0
254, 0
255, 0
256, 0
257, 0
258, 0
259, 0
260, 0
261, 0
262, 0
263, 0
264, 0
265, 0
266, 0
267, 0
268, 0
269, 0
270, 0
271, 0
272, 0
273, 0
274, 0
275, 0
276, 0
277, 0
278, 0
279, 0
280, 0
281, 0
282, 0
283, 0
284, 0
285, 0
286, 0
287, 0
288, 0
289, 0
290, 0
291, 0
292, 0
293, 0
294, 0
295, 0
296, 0
297, 0
298, 0
299, 0
300, 0
301, 0
302, 0
303, 0
304, 0
305, 0
306, 0
307, 0
308, 0
309, 0
310, 0
311, 0
312, 0
313, 0
314, 0
315, 0
316, 0
317, 0
318, 0
319, 0
320, 0
321, 0
322, 0
323, 0
324, 0
325, 0
326, 0
327, 0
328, 0
329, 0
330, 0
331, 0
332, 0
333, 0
334, 0
335, 0
336, 0
337, 0
338, 0
339, 33
340, 32
341, 33
342, 33
343, 33
344, 0
345, -13
346, -24
347, -82
348, 0
349, -80
350, -82
351, -78
352, 0
353, 0
354, 0
355, 0
356, 0
357, -32
358, -31
359, -31
360, -33
361, -36
362, 0
363, 0
364, -64
365, -65
366, -66
367, -64
368, -64
369, -68
370, -72
371, -72
372, -70
373, -71
374, -73
375, -57
376, 0
377, 0
378, -49
379, -48
380, -46
381, -47
382, -48
383, -46
384, -47
385, -51
386, -53
387, -55
388, -57
389, -54
390, -55
391, -55
392, 0
393, 0
394, 0
395, -47
396, -47
397, -49
398, -49
399, 0
400, -51
401, -55
402, -52
403, 0
404, -57
405, 0
406, 0
407, -58
408, -57
409, -56
410, -55
411, -55
412, -54
413, -56
414, -56
415, -56
416, -57
417, -58
418, 0
419, -56
420, -56
421, -55
422, -55
423, -48
424, -48
425, -47
426, -47
427, -46
428, -47
429, -48
430, -47
431, -48
432, -48
433, -47
434, -48
435, -47
436, -47
437, -47
438, -48
439, -48
440, -49
441, -49
442, 0
443, -50
444, -49
445, -43
446, -42
447, 0
448, 0
449, -47
450, -47
451, -46
452, -45
453, -48
454, -47
455, -46
456, -48
457, -48
458, -48
459, -47
460, -47
461, -46
462, -47
463, -49
464, -48
465, -49
466, -50
467, -49
468, -48
469, -48
470, -49
471, -47
472, -47
473, -49
474, 0
475, -48
476, -49
477, -48
478, -46
479, -47
480, -49
481, -49
482, -46
483, -49
484, -48
485, 0
486, -50
487, 0
488, -45
489, -46
490, -47
491, -48
492, -49
493, -47
494, -47
495, -48
496, -48
497, -47
498, -47
499, -48
500, -48
501, -50
502, -48
503, 0
504, -46
505, -46
506, -47
507, -47
508, -48
509, -48
510, -47
511, -41
512, -39
513, -39
514, -39
515, -40
516, -40
517, -39
518, -40
519, -40
520, -39
521, -39
522, -41
523, 0
524, -38
525, -41
526, -41
527, -40
528, -40
529, -41
530, -41
531, -39
532, -39
533, -39
534, -39
535, -39
536, -40
537, -38
538, -39
539, -39
540, -40
541, -38
542, -40
543, -39
544, -39
545, -40
546, -43
547, 0
548, -39
549, -41
550, -41
551, -41
552, -43
553, -45
554, -48
555, -47
556, -48
557, -47
558, -46
559, -45
560, -44
561, -45
562, -47
563, -47
564, -49
565, -46
566, -46
567, -47
568, -47
569, -47
570, -50
571, 0
572, -46
573, -49
574, -48
575, -47
576, -48
577, -48
578, -47
579, -48
580, -48
581, -46
582, -48
583, -46
584, 0
585, 0
586, -39
587, -39
588, -39
589, -40
590, -40
591, -39
592, -39
593, -39
594, -40
595, 0
596, -42
597, -42
598, 0
599, -37
600, -37
601, -40
602, -40
603, 0
604, -42
605, 0
606, 0
607, 0
608, -39
609, 0
610, -40
611, 0
612, -41
613, -40
614, -40
615, -39
616, -40
617, -42
618, 0
619, -39
620, -40
621, -40
622, -39
623, -40
624, -39
625, -40
626, 0
627, -42
628, 0
629, 0
630, -42
631, 0
632, -39
633, -39
634, -38
635, 0
636, -38
637, -38
638, -40
639, -40
640, -40
641, 0
642, -42
643, 0
644, -41
645, -42
646, -40
647, 0
648, -42
649, 0
650, -40
651, -41
652, -40
653, -40
654, -39
655, -40
656, -42
657, -40
658, -40
659, -41
660, -41
661, -40
662, -41
663, 0
664, -41
665, -41
666, 0
667, -40
668, -40
669, -41
670, -39
671, -37
672, 0
673, 0
674, 0
675, 0
676, -32
677, 0
678, -34
679, 0
680, -31
681, -33
682, -31
683, -32
684, -32
685, -31
686, -31
687, -33
688, -33
689, -32
690, -32
691, -32
692, -32
693, -32
694, -31
695, -33
696, -35
697, -34
698, -40
699, -39
700, -39
701, -40
702, -40
703, -39
704, 0
705, 0
706, -31
707, -31
708, -33
709, -34
710, -34
711, -32
712, -33
713, -33
714, -32
715, -33
716, -33
717, -33
718, -32
719, 0
720, -35
721, 0
722, -40
723, -39
724, -39
725, -39
726, -40
727, -40
728, -41
729, -40
730, -41
731, -41
732, -39
733, -38
734, -39
735, -38
736, -39
737, -41
738, -43
739, -42
740, -40
741, -39
742, -39
743, -40
744, -41
745, -42
746, -47
747, -46
748, -47
749, -47
750, -47
751, -45
752, 0
753, 0
754, -29
755, -29
756, -33
757, -32
758, 0
759, -32
760, -33
761, -32
762, -34
763, -33
764, -31
765, -32
766, -32
767, -32
768, -32
769, -33
770, -30
771, -32
772, -33
773, -32
774, -32
775, -33
776, -33
777, -38
778, -40
779, -39
780, -38
781, -38
782, -38
783, -41
784, 0
785, -32
786, -32
787, -32
788, -31
789, -31
790, 0
791, -33
792, -34
793, -38
794, -40
795, -39
796, -41
797, -40
798, -40
799, -40
800, -41
801, -40
802, -39
803, -39
804, -39
805, -41
806, -40
807, -38
808, 0
809, 0
810, -33
811, -32
812, -32
813, -32
814, -31
815, -30
816, 0
817, 0
818, 0
819, 0
820, -24
821, -25
822, -26
823, 0
824, -26
825, -31
826, 0
827, -40
828, 0
829, -43
830, 0
831, -41
832, -41
833, -40
834, -39
835, -41
836, -41
837, -41
838, -40
839, -40
840, 0
841, 0
842, -33
843, -34
844, -33
845, -33
846, -33
847, -33
848, 0
849, 0
850, 0
851, -32
852, 0
853, -36
854, 0
855, -32
856, -33
857, -33
858, -40
859, -40
860, -41
861, -41
862, -41
863, -41
864, 0
865, 0
866, -33
867, -34
868, -32
869, -31
870, -32
871, -33
872, 0
873, 0
874, -26
875, 0
876, -23
877, -24
878, 0
879, -26
880, -27
881, -33
882, -40
883, -41
884, -41
885, -41
886, -39
887, -39
888, 0
889, 0
890, 0
891, 0
892, -32
893, -32
894, -31
895, -32
896, 0
897, 0
898, -25
899, -24
900, -24
901, -24
902, -24
903, -25
904, -25
905, -27
906, -35
907, -39
908, -38
909, -38
910, -39
911, -41
912, -41
913, 0
914, -39
915, -37
916, -35
917, -36
918, -35
919, -36
920, 0
921, 0
922, 0
923, 0
924, -33
925, 0
926, -31
927, 0
928, -36
929, 0
930, -48
931, -48
932, -48
933, -48
934, -47
935, -48
936, 0
937, 0
938, -30
939, -33
940, -33
941, -33
942, 0
943, -31
944, -33
945, -32
946, -30
947, -29
948, -32
949, -34
950, -32
951, -31
952, -34
953, -46
954, -46
955, -48
956, -46
957, -46
958, -48
959, -48
960, 0
961, 0
962, -31
963, -31
964, -30
965, -31
966, -30
967, -28
968, -28
969, -29
970, -30
971, 0
972, -33
973, -35
974, 0
975, -32
976, 0
977, 0
978, -37
979, -40
980, -40
981, -40
982, -38
983, -40
984, 0
985, 0
986, -33
987, -31
988, -32
989, -33
990, -33
991, -32
992, 0
993, 0
994, -33
995, -31
996, -32
997, -32
998, -30
999, -32
1000, 0
1001, 0
1002, -33
1003, -33
1004, -32
1005, -33
1006, -32
1007, -25
1008, 0
1009, 0
1010, 1
1011, -14
1012, -16
1013, -16
1014, 0
1015, -18
1016, 0
1017, 0
1018, -23
1019, -25
1020, -25
1021, -25
1022, -24
1023, -24
1024, 0
1025, 0
1026, 0
1027, 0
1028, -17
1029, -17
1030, -17
1031, -15
1032, 0
1033, 0
1034, -24
1035, -24
1036, -22
1037, -23
1038, -25
1039, -24
1040, 0
1041, 0
1042, -16
1043, -17
1044, -16
1045, -16
1046, -18
1047, -19
1048, 0
1049, 0
1050, -25
1051, -25
1052, -25
1053, -23
1054, -23
1055, -25
1056, 0
1057, 0
1058, -16
1059, -17
1060, -15
1061, -15
1062, -18
1063, -16
1064, 0
1065, 0
1066, -25
1067, -24
1068, -23
1069, -24
1070, 0
1071, -27
1072, 0
1073, 0
1074, -18
1075, 0
1076, -15
1077, -16
1078, 0
1079, -14
1080, 0
1081, 0
1082, 0
1083, -16
1084, -16
1085, -16
1086, -16
1087, -15
1088, -15
1089, -17
1090, -24
1091, -24
1092, 0
1093, -26
1094, 0
1095, -23
1096, 0
1097, 0
1098, -26
1099, -25
1100, 0
1101, -24
1102, -24
1103, -24
1104, -25
1105, -24
1106, -22
1107, -23
1108, -24
1109, -23
1110, -23
1111, -24
1112, 0
1113, 0
1114, -23
1115, -25
1116, -24
1117, -24
1118, -26
1119, -27
1120, 0
1121, 0
1122, 0
1123, -24
1124, -25
1125, -24
1126, 0
1127, -24
1128, -24
1129, -24
1130, -23
1131, -24
1132, -23
1133, -24
1134, -24
1135, -24
1136, 0
1137, 0
1138, 0
1139, -16
1140, -17
1141, -16
1142, -16
1143, -16
1144, 0
1145, 0
1146, -25
1147, -24
1148, -22
1149, -22
1150, 0
1151, -26
1152, 0
1153, 0
1154, 0
1155, 0
1156, 0
1157, -42
1158, 0
1159, -41
1160, 0
1161, 0
1162, -47
1163, -46
1164, 0
1165, 0
1166, 0
1167, 0
1168, 0
1169, 0
1170, 0
1171, -48
1172, -48
1173, -46
1174, -48
1175, 0
1176, 0
1177, 0
1178, -48
1179, -48
1180, -46
1181, -47
1182, -48
1183, -49
1184, 0
1185, 0
1186, -41
1187, -40
1188, -40
1189, -42
1190, 0
1191, 0
1192, 0
1193, 0
1194, -46
1195, -49
1196, -47
1197, -47
1198, -47
1199, -49
1200, 0
1201, 0
1202, -46
1203, -45
1204, -46
1205, -46
1206, -46
1207, -47
1208, 0
1209, 0
1210, -46
1211, -47
1212, -48
1213, -48
1214, -47
1215, -47
1216, 0
1217, 0
1218, -39
1219, -37
1220, -39
1221, -41
1222, 0
1223, -39
1224, 0
1225, 0
1226, -46
1227, -48
1228, -48
1229, -47
1230, -48
1231, -48
1232, 0
1233, 0
1234, -45
1235, -44
1236, -48
1237, -48
1238, -47
1239, -49
1240, 0
1241, 0
1242, 0
1243, 0
1244, 0
1245, -50
1246, 0
1247, -46
1248, 0
1249, 0
1250, -40
1251, -40
1252, -40
1253, -38
1254, 0
1255, -43
1256, 0
1257, 0
1258, -38
1259, -38
1260, -40
1261, -40
1262, 0
1263, -41
1264, 0
1265, 0
1266, -48
1267, -48
1268, -49
1269, -50
1270, 0
1271, 0
1272, 0
1273, 0
1274, -56
1275, -55
1276, -57
1277, -56
1278, -56
1279, 0
1280, 0
1281, 0
1282, 0
1283, -56
1284, -57
1285, -56
1286, -58
1287, -56
1288, 0
1289, 0
1290, -56
1291, -55
1292, -54
1293, -56
1294, -54
1295, -54
1296, 0
1297, 0
1298, -57
1299, -56
1300, -57
1301, -57
1302, -57
1303, -55
1304, 0
1305, 0
1306, 0
1307, -57
1308, 0
1309, -57
1310, 0
1311, -58
1312, 0
1313, -47
1314, 0
1315, -55
1316, -56
1317, -56
1318, -56
1319, -56
1320, 0
1321, 0
1322, 0
1323, -56
1324, -57
1325, -57
1326, -58
1327, -58
1328, 0
1329, 0
1330, 0
1331, -57
1332, -56
1333, -56
1334, -57
1335, -57
1336, 0
1337, 0
1338, 0
1339, -56
1340, 0
1341, -55
1342, 0
1343, -55
1344, 0
1345, 0
1346, -49
1347, -56
1348, -56
1349, -56
1350, -56
1351, -57
1352, 0
1353, 0
1354, 0
1355, -57
1356, -58
1357, -57
1358, -57
1359, -57
1360, 0
1361, 0
1362, 0
1363, -56
1364, -55
1365, -57
1366, -57
1367, -55
1368, 0
1369, 0
1370, -40
1371, -48
1372, -49
1373, -50
1374, 0
1375, -48
1376, 0
1377, 0
1378, -57
1379, -55
1380, -53
1381, -55
1382, -56
1383, -57
1384, 0
1385, 0
1386, -56
1387, -55
1388, -57
1389, -56
1390, -55
1391, -56
1392, 0
1393, 0
1394, -49
1395, -55
1396, -54
1397, -55
1398, 0
1399, -54
1400, 0
1401, 0
1402, 0
1403, -55
1404, -57
1405, -56
1406, -56
1407, -54
1408, 0
1409, 0
1410, -58
1411, -55
1412, 0
1413, -56
1414, -56
1415, -56
1416, 0
1417, 0
1418, -56
1419, -56
1420, -55
1421, -54
1422, 0
1423, 0
1424, 0
1425, 0
1426, -56
1427, -57
1428, -56
1429, -54
1430, -54
1431, -56
1432, 0
1433, 0
1434, 0
1435, 0
1436, -60
1437, 0
1438, -56
1439, -56
1440, 0
1441, 0
1442, -40
1443, -39
1444, -41
1445, -43
1446, 0
1447, 0
1448, 0
1449, 0
1450, 0
1451, -49
1452, 0
1453, -50
1454, 0
1455, -49
1456, 0
1457, 0
1458, -53
1459, -55
1460, -56
1461, -56
1462, 0
1463, -55
1464, 0
1465, -55
1466, -55
1467, -58
1468, -57
1469, -56
1470, -55
1471, -55
1472, 0
1473, 0
1474, 0
1475, -56
1476, -57
1477, -58
1478, -56
1479, -56
1480, 0
1481, 0
1482, -55
1483, -54
1484, -52
1485, -55
1486, -57
1487, -56
1488, 0
1489, 0
1490, 0
1491, -55
1492, 0
1493, -59
1494, 0
1495, -57
1496, 0
1497, 0
1498, 0
1499, -56
1500, 0
1501, -57
1502, 0
1503, -57
1504, 0
1505, 0
1506, 0
1507, 0
1508, 0
1509, -58
1510, 0
1511, -57
1512, 0
1513, 0
1514, -54
1515, 0
1516, -57
1517, -55
1518, -53
1519, -53
1520, 0
1521, 0
1522, 0
1523, -48
1524, -46
1525, -46
1526, -47
1527, -49
1528, 0
1529, 0
1530, -48
1531, -46
1532, -48
1533, -49
1534, 0
1535, 0
1536, 0
1537, 0
1538, -55
1539, -56
1540, -57
1541, -58
1542, 0
1543, -55
1544, 0
1545, 0
1546, -54
1547, -55
1548, -55
1549, -56
1550, 0
1551, -56
1552, 0
1553, 0
1554, 0
1555, -56
1556, -56
1557, -56
1558, -57
1559, -57
1560, 0
1561, 0
1562, -58
1563, -58
1564, -56
1565, -56
1566, -55
1567, -55
1568, 0
1569, 0
1570, -49
1571, -48
1572, -47
1573, -48
1574, -49
1575, -50
1576, 0
1577, 0
1578, -56
1579, -56
1580, -58
1581, -56
1582, -42
1583, -41
1584, 0
1585, 0
1586, -31
1587, -32
1588, -32
1589, -32
1590, -33
1591, -29
1592, 0
1593, 0
1594, 0
1595, -36
1596, 0
1597, -31
1598, 0
1599, -35
1600, 0
1601, 0
1602, 0
1603, 0
1604, -41
1605, 0
1606, 0
1607, -43
1608, 0
1609, 0
1610, 0
1611, -46
1612, -46
1613, -47
1614, 0
1615, -49
1616, 0
1617, 0
1618, -39
1619, -37
1620, -37
1621, -38
1622, -40
1623, -41
1624, 0
1625, 0
1626, -38
1627, -39
1628, -40
1629, -41
1630, 0
1631, -39
1632, 0
1633, 0
1634, -50
1635, -57
1636, -56
1637, -54
1638, -55
1639, -56
1640, 0
1641, 0
1642, -58
1643, -62
1644, 0
1645, -67
1646, 0
1647, -56
1648, 0
1649, 0
1650, -30
1651, -33
1652, -30
1653, -31
1654, -33
1655, -31
1656, 0
1657, 0
1658, 0
1659, -31
1660, -33
1661, -32
1662, -32
1663, -32
1664, 0
1665, 0
1666, -40
1667, -39
1668, -39
1669, -37
1670, -37
1671, -38
1672, 0
1673, -27
1674, 0
1675, -32
1676, -32
1677, -30
1678, -34
1679, -32
1680, 0
1681, 0
1682, -39
1683, -37
1684, -38
1685, -41
1686, -40
1687, -40
1688, 0
1689, 0
1690, -32
1691, -32
1692, -31
1693, -31
1694, -31
1695, -32
1696, 0
1697, 0
1698, -32
1699, -40
1700, -41
1701, -43
1702, -40
1703, -36
1704, 0
1705, 0
1706, 0
1707, -41
1708, -41
1709, -39
1710, -39
1711, 0
1712, 0
1713, 0
1714, -40
1715, -40
1716, -39
1717, -38
1718, -40
1719, -40
1720, 0
1721, 0
1722, -33
1723, -33
1724, -41
1725, -42
1726, 0
1727, -40
1728, 0
1729, 0
1730, -40
1731, -39
1732, -38
1733, -39
1734, -39
1735, -39
1736, 0
1737, 0
1738, 0
1739, -24
1740, -24
1741, -25
1742, -24
1743, -25
1744, 0
1745, 0
1746, -30
1747, -30
1748, -32
1749, -32
1750, 0
1751, 0
1752, 0
1753, 0
1754, -31
1755, -33
1756, -34
1757, -33
1758, -32
1759, -31
1760, 0
1761, 0
1762, 0
1763, -33
1764, -32
1765, -32
1766, -31
1767, -30
1768, -33
1769, -34
1770, -41
1771, -42
1772, -41
1773, -40
1774, -39
1775, -40
1776, 0
1777, 0
1778, -32
1779, 0
1780, -33
1781, -33
1782, -33
1783, -32
1784, 0
1785, 0
1786, -44
1787, 0
1788, -48
1789, -48
1790, -47
1791, -48
1792, 0
1793, -39
1794, 0
1795, -42
1796, 0
1797, -40
1798, -40
1799, -39
1800, -42
1801, -48
1802, 0
1803, -49
1804, 0
1805, -47
1806, -47
1807, -47
1808, 0
1809, 0
1810, -41
1811, -41
1812, -42
1813, -39
1814, -38
1815, -39
1816, 0
1817, 0
1818, -41
1819, -39
1820, -40
1821, -39
1822, 0
1823, -43
1824, -43
1825, 0
1826, -49
1827, -48
1828, -48
1829, -46
1830, -47
1831, -48
1832, 0
1833, 0
1834, -40
1835, -40
1836, -40
1837, -41
1838, -42
1839, 0
1840, -37
1841, 0
1842, -40
1843, -40
1844, -41
1845, -40
1846, -40
1847, -39
1848, 0
1849, 0
1850, 0
1851, 0
1852, 0
1853, 0
1854, 0
1855, 0
1856, 0
1857, 0
1858, 0
1859, 0
1860, 0
1861, 0
1862, 0
1863, 0
1864, 0
1865, 0
1866, -38
1867, 0
1868, -37
1869, -39
1870, -39
1871, -39
1872, 0
1873, 0
1874, 0
1875, -32
1876, -33
1877, -33
1878, -32
1879, -32
1880, -35
1881, 0
1882, -74
1883, 0
1884, 0
1885, -72
1886, -72
1887, -68
1888, 0
1889, 0
1890, 0
1891, -65
1892, -64
1893, -66
1894, -66
1895, 0
1896, 0
1897, 0
1898, 0
1899, -79
1900, -80
1901, -80
1902, 0
1903, -80
1904, 0
1905, 0
1906, 0
1907, 0
1908, -53
1909, -54
1910, -52
1911, 0
1912, 0
1913, 0
1914, -61
1915, -64
1916, -65
1917, -63
1918, -63
1919, -63
1920, 0
1921, 0
1922, -48
1923, -49
1924, -50
1925, -48
1926, -47
1927, -47
1928, -49
1929, -52
1930, -63
1931, -65
1932, -66
1933, -66
1934, -65
1935, -64
1936, 0
1937, 0
1938, -55
1939, -54
1940, -55
1941, -57
1942, -57
1943, -54
1944, 0
1945, 0
1946, -63
1947, 0
1948, -66
1949, 0
1950, -66
1951, -65
1952, 0
1953, 0
1954, 0
1955, -72
1956, -71
1957, -72
1958, -71
1959, 0
1960, -74
1961, -71
1962, -70
1963, -72
1964, -72
1965, -70
1966, -70
1967, -70
1968, 0
1969, 0
1970, -65
1971, 0
1972, -64
1973, -65
1974, -66
1975, -66
1976, 0
1977, 0
1978, -63
1979, -64
1980, -64
1981, -64
1982, -64
1983, -62
1984, 0
1985, 0
1986, -55
1987, -55
1988, 0
1989, -57
1990, 0
1991, 0
1992, -60
1993, 0
1994, -69
1995, -72
1996, -71
1997, -70
1998, -72
1999, -72
2000, 0
2001, 0
2002, 0
2003, -55
2004, -53
2005, -53
2006, -54
2007, -56
2008, -57
2009, -57
2010, -60
2011, -64
2012, -63
2013, -64
2014, -64
2015, -64
2016, 0
2017, 0
2018, -50
2019, -53
2020, -54
2021, -56
2022, 0
2023, 0
2024, -57
2025, -62
2026, -74
2027, 0
2028, -72
2029, -72
2030, -73
2031, -71
2032, -71
2033, -73
2034, -72
2035, -73
2036, -72
2037, -70
2038, -70
2039, -67
2040, 0
2041, 0
2042, -50
2043, -48
2044, -48
2045, -49
2046, -48
2047, -50
2048, -52
2049, -54
2050, -57
2051, -58
2052, 0
2053, -54
2054, -57
2055, -56
2056, 0
2057, 0
2058, -48
2059, -49
2060, -49
2061, -49
2062, -49
2063, -49
2064, -51
2065, -55
2066, -55
2067, -55
2068, -57
2069, -57
2070, -56
2071, -55
2072, 0
2073, 0
2074, -56
2075, -55
2076, -55
2077, -54
2078, -54
2079, 0
2080, 0
2081, 0
2082, 0
2083, -50
2084, 0
2085, -47
2086, -47
2087, -47
2088, -49
2089, -59
2090, 0
2091, -66
2092, 0
2093, -63
2094, -64
2095, -64
2096, 0
2097, 0
2098, 0
2099, -48
2100, -47
2101, -48
2102, -48
2103, -48
2104, -48
2105, -48
2106, -48
2107, -47
2108, -46
2109, -47
2110, -47
2111, -48
2112, -51
2113, -58
2114, -64
2115, -65
2116, -63
2117, -64
2118, -65
2119, -63
2120, 0
2121, 0
2122, 0
2123, -48
2124, -46
2125, -47
2126, -48
2127, -49
2128, -51
2129, -60
2130, -66
2131, -63
2132, -63
2133, -64
2134, -62
2135, -64
2136, 0
2137, 0
2138, -54
2139, -57
2140, -57
2141, -57
2142, 0
2143, -56
2144, 0
2145, 0
2146, -48
2147, 0
2148, -49
2149, 0
2150, -48
2151, -45
2152, -43
2153, -48
2154, -48
2155, -48
2156, -47
2157, -46
2158, -46
2159, -47
2160, 0
2161, 0
2162, 0
2163, -40
2164, -40
2165, -42
2166, 0
2167, -40
2168, -41
2169, -40
2170, -40
2171, -42
2172, -39
2173, -39
2174, -39
2175, -41
2176, -41
2177, -42
2178, -45
2179, -47
2180, -45
2181, -46
2182, -50
2183, -48
2184, 0
2185, 0
2186, -45
2187, -47
2188, -49
2189, -48
2190, -48
2191, -47
2192, 0
2193, 0
2194, -40
2195, -39
2196, -39
2197, -40
2198, -40
2199, -41
2200, -41
2201, -43
2202, -46
2203, -47
2204, -46
2205, -48
2206, -48
2207, 0
2208, 0
2209, 0
2210, -70
2211, -72
2212, -71
2213, -70
2214, -73
2215, -71
2216, 0
2217, 0
2218, -65
2219, -64
2220, -65
2221, -65
2222, -65
2223, -64
2224, 0
2225, -66
2226, -74
2227, -74
2228, -74
2229, -71
2230, -71
2231, 0
2232, 0
2233, 0
2234, 0
2235, -74
2236, -72
2237, -70
2238, -71
2239, 0
2240, 0
2241, 0
2242, -64
2243, -63
2244, -62
2245, -63
2246, -63
2247, -62
2248, -57
2249, -56
2250, 0
2251, -66
2252, -62
2253, -60
2254, -61
2255, -62
2256, 0
2257, 0
2258, -50
2259, -53
2260, -54
2261, -57
2262, -56
2263, -56
2264, -56
2265, -53
2266, -54
2267, -54
2268, -55
2269, -55
2270, -54
2271, -54
2272, 0
2273, 0
2274, -51
2275, -54
2276, -55
2277, 0
2278, 0
2279, -49
2280, 0
2281, 0
2282, 0
2283, 0
2284, -39
2285, -40
2286, -39
2287, -40
2288, -41
2289, -41
2290, -43
2291, -46
2292, 0
2293, -49
2294, 0
2295, -48
2296, 0
2297, -46
2298, -52
2299, -56
2300, 0
2301, -56
2302, 0
2303, -57
2304, -57
2305, 0
2306, -63
2307, 0
2308, -63
2309, -62
2310, -62
2311, -62
2312, 0
2313, 0
2314, 0
2315, -55
2316, -57
2317, -56
2318, -56
2319, -54
2320, -55
2321, -56
2322, -55
2323, -55
2324, -58
2325, -57
2326, -55
2327, -56
2328, 0
2329, -51
2330, -55
2331, -55
2332, -57
2333, -57
2334, -56
2335, -57
2336, -59
2337, 0
2338, 0
2339, -66
2340, 0
2341, -62
2342, -61
2343, -62
2344, 0
2345, 0
2346, 0
2347, -56
2348, -56
2349, -56
2350, -56
2351, -54
2352, -53
2353, -52
2354, -53
2355, -55
2356, -57
2357, -57
2358, -55
2359, -57
2360, -59
2361, -59
2362, -64
2363, -64
2364, -63
2365, -64
2366, -64
2367, -65
2368, 0
2369, 0
2370, -64
2371, -65
2372, -64
2373, -65
2374, -64
2375, -64
2376, -63
2377, -63
2378, -65
2379, -64
2380, -64
2381, -63
2382, -63
2383, -62
2384, 0
2385, 0
2386, -54
2387, -55
2388, -56
2389, -57
2390, -56
2391, -56
2392, -57
2393, 0
2394, -65
2395, 0
2396, -63
2397, -64
2398, -64
2399, -64
2400, 0
2401, 0
2402, 0
2403, -63
2404, -62
2405, -62
2406, -64
2407, -66
2408, 0
2409, -66
2410, 0
2411, -64
2412, -63
2413, -64
2414, -64
2415, 0
2416, 0
2417, 0
2418, -56
2419, -57
2420, -56
2421, -55
2422, -56
2423, -55
2424, -55
2425, -58
2426, -56
2427, 0
2428, -57
2429, 0
2430, -56
2431, -55
2432, -58
2433, -60
2434, -62
2435, -64
2436, -63
2437, -63
2438, -64
2439, -64
2440, -63
2441, -64
2442, -63
2443, -62
2444, -63
2445, -64
2446, -63
2447, -63
2448, 0
2449, 0
2450, -55
2451, -56
2452, -57
2453, -56
2454, -56
2455, -56
2456, -56
2457, -56
2458, -56
2459, -57
2460, 0
2461, -56
2462, 0
2463, -56
2464, -58
2465, -61
2466, 0
2467, -67
2468, 0
2469, -64
2470, -66
2471, -63
2472, -62
2473, -63
2474, -64
2475, -64
2476, -63
2477, -64
2478, -64
2479, 0
2480, -68
2481, 0
2482, -72
2483, -73
2484, -72
2485, -71
2486, -71
2487, -71
2488, 0
2489, 0
2490, -64
2491, -63
2492, -63
2493, -64
2494, -64
2495, -64
2496, 0
2497, 0
2498, -56
2499, -55
2500, -57
2501, -57
2502, -55
2503, 0
2504, -59
2505, 0
2506, -56
2507, -58
2508, -55
2509, -55
2510, -55
2511, -56
2512, -57
2513, -56
2514, -56
2515, -57
2516, -55
2517, -56
2518, -56
2519, -56
2520, -59
2521, -66
2522, -65
2523, -64
2524, -64
2525, -66
2526, -65
2527, -64
2528, -63
2529, -64
2530, 0
2531, -66
2532, 0
2533, -64
2534, -64
2535, -63
2536, -64
2537, -64
2538, -65
2539, -65
2540, -64
2541, -64
2542, -64
2543, -64
2544, 0
2545, 0
2546, -60
2547, -64
2548, -63
2549, -64
2550, -65
2551, -66
2552, 0
2553, 0
2554, 0
2555, -53
2556, -53
2557, -53
2558, -55
2559, -57
2560, -54
2561, -54
2562, -56
2563, -57
2564, -55
2565, -55
2566, -55
2567, -57
2568, -57
2569, 0
2570, -59
2571, 0
2572, 0
2573, -57
2574, -56
2575, -55
2576, -57
2577, 0
2578, -66
2579, -65
2580, 0
2581, -63
2582, -62
2583, -63
2584, -62
2585, -62
2586, -65
2587, -65
2588, -65
2589, 0
2590, -63
2591, -63
2592, -63
2593, -64
2594, -64
2595, -62
2596, -63
2597, -63
2598, -64
2599, -65
2600, -64
2601, -65
2602, -64
2603, -64
2604, -63
2605, -64
2606, -65
2607, -63
2608, -63
2609, -63
2610, -64
2611, -63
2612, -64
2613, -64
2614, -65
2615, -65
2616, -65
2617, -65
2618, -65
2619, -72
2620, -73
2621, -71
2622, -72
2623, -72
2624, 0
2625, 0
2626, -80
2627, -80
2628, -80
2629, -80
2630, -79
2631, -80
2632, 0
2633, 0
2634, 0
2635, -72
2636, -73
2637, -72
2638, 0
2639, 0
2640, 0
2641, 0
2642, -71
2643, -72
2644, -73
2645, -72
2646, -71
2647, -71
2648, -73
2649, -71
2650, -71
2651, -72
2652, -73
2653, -72
2654, -71
2655, -70
2656, -72
2657, -72
2658, 0
2659, -74
2660, -73
2661, -73
2662, -74
2663, -73
2664, -71
2665, -72
2666, -71
2667, -70
2668, -71
2669, -73
2670, -71
2671, -71
2672, -73
2673, -73
2674, -72
2675, -71
2676, -71
2677, -71
2678, -70
2679, -69
2680, -72
2681, -71
2682, -72
2683, -73
2684, -69
2685, -70
2686, -72
2687, -71
2688, -71
2689, -71
2690, -72
2691, -72
2692, -72
2693, -72
2694, -72
2695, -72
2696, 0
2697, -76
2698, 0
2699, -72
2700, -71
2701, -71
2702, -73
2703, -72
2704, -74
2705, -75
2706, -79
2707, -79
2708, 0
2709, -82
2710, 0
2711, 0
2712, -81
2713, -81
2714, 0
2715, -81
2716, -80
2717, -80
2718, -79
2719, -78
2720, -81
2721, -80
2722, -79
2723, -82
2724, -80
2725, -80
2726, -79
2727, -81
2728, -82
2729, -84
2730, -91
2731, 0
2732, -86
2733, -89
2734, -89
2735, -88
2736, -88
2737, -89
2738, -89
2739, -88
2740, -87
2741, -86
2742, -87
2743, -87
2744, -89
2745, -88
2746, -87
2747, -88
2748, -86
2749, -86
2750, -87
2751, -86
2752, -86
2753, -86
2754, -87
2755, -89
2756, -87
2757, -86
2758, -87
2759, -87
2760, 0
2761, 0
2762, -80
2763, 0
2764, -81
2765, -81
2766, -80
2767, -80
2768, -81
2769, -80
2770, -80
2771, -81
2772, -79
2773, -79
2774, -80
2775, -79
2776, 0
2777, -81
2778, 0
2779, -78
2780, -78
2781, -78
2782, -80
2783, 0
2784, -81
2785, 0
2786, -80
2787, -79
2788, -80
2789, -79
2790, -80
2791, -80
2792, 0
2793, -82
2794, 0
2795, 0
2796, -82
2797, 0
2798, -78
2799, -80
2800, -80
2801, -79
2802, -80
2803, -78
2804, -77
2805, -78
2806, -80
2807, -80
2808, 0
2809, -81
2810, -80
2811, -81
2812, -80
2813, -79
2814, -80
2815, -80
2816, -80
2817, -80
2818, -80
2819, -79
2820, -79
2821, -78
2822, -78
2823, -77
2824, -77
2825, -78
2826, -80
2827, -79
2828, -81
2829, -81
2830, -80
2831, -78
2832, -76
2833, -76
2834, -79
2835, -80
2836, -80
2837, -80
2838, -79
2839, -78
2840, -78
2841, -79
2842, -81
2843, -80
2844, -80
2845, -79
2846, -78
2847, -79
2848, -79
2849, -79
2850, -80
2851, -79
2852, -79
2853, -80
2854, -80
2855, -80
2856, -80
2857, -81
2858, -82
2859, -81
2860, -81
2861, -80
2862, -80
2863, -80
2864, -79
2865, -79
2866, -79
2867, 0
2868, -82
2869, -81
2870, -80
2871, -80
2872, -81
2873, 0
2874, -79
2875, -80
2876, -80
2877, -78
2878, -80
2879, -81
2880, -80
2881, -81
2882, -80
2883, -80
2884, -80
2885, -81
2886, -80
2887, -80
2888, -79
2889, -79
2890, -80
2891, -79
2892, -80
2893, -79
2894, -79
2895, -81
2896, -80
2897, -79
2898, -80
2899, -80
2900, -80
2901, -79
2902, -76
2903, -76
2904, -80
2905, -82
2906, -81
2907, -81
2908, -80
2909, -79
2910, -80
2911, -79
2912, -79
2913, -78
2914, -80
2915, -81
2916, -79
2917, -79
2918, -81
2919, -80
2920, -79
2921, -80
2922, -80
2923, -80
2924, -79
2925, -78
2926, -77
2927, 0
2928, -68
2929, -68
2930, -73
2931, -73
2932, -72
2933, -73
2934, -72
2935, -70
2936, -72
2937, 0
2938, -73
2939, 0
2940, -73
2941, -73
2942, -71
2943, 0
2944, -57
2945, -57
2946, 0
2947, -56
2948, -58
2949, -56
2950, -56
2951, -56
2952, -55
2953, -55
2954, -54
2955, -56
2956, -56
2957, -57
2958, -55
2959, -56
2960, -56
2961, -55
2962, -57
2963, -56
2964, -55
2965, -56
2966, -55
2967, 0
2968, 0
2969, -63
2970, -65
2971, -64
2972, -64
2973, -65
2974, -64
2975, 0
2976, -67
2977, -68
2978, -73
2979, -73
2980, -71
2981, -72
2982, -73
2983, -71
2984, -70
2985, -70
2986, -71
2987, -70
2988, -71
2989, -73
2990, -71
2991, 0
2992, -66
2993, -64
2994, 0
2995, -64
2996, -64
2997, 0
2998, -66
2999, 0
3000, 0
3001, -63
3002, -65
3003, -64
3004, -64
3005, -65
3006, -64
3007, -64
3008, -66
3009, -65
3010, 0
3011, -65
3012, 0
3013, -66
3014, 0
3015, -64
3016, -66
3017, -65
3018, -64
3019, -62
3020, -62
3021, -62
3022, -63
3023, -63
3024, -64
3025, -64
3026, 0
3027, -64
3028, 0
3029, -64
3030, -64
3031, -63
3032, -63
3033, -64
3034, -66
3035, -63
3036, -64
3037, -64
3038, 0
3039, -61
3040, 0
3041, -57
3042, 0
3043, -54
3044, -57
3045, -56
3046, -55
3047, 0
3048, 0
3049, -65
3050, -65
3051, -67
3052, 0
3053, -63
3054, -63
3055, -63
3056, -62
3057, -64
3058, -72
3059, -72
3060, -73
3061, 0
3062, 0
3063, 0
3064, 0
3065, -72
3066, -70
3067, -71
3068, -72
3069, -70
3070, -71
3071, -72
3072, -72
3073, -72
3074, -72
3075, -73
3076, -72
3077, 0
3078, -74
3079, 0
3080, 0
3081, -67
3082, 0
3083, -63
3084, -64
3085, -64
3086, -63
3087, -64
3088, -64
3089, -63
3090, -63
3091, 0
3092, -63
3093, -64
3094, -64
3095, -65
3096, -65
3097, -64
3098, -63
3099, -64
3100, -65
3101, -63
3102, -63
3103, -60
3104, -57
3105, -57
3106, -57
3107, -56
3108, -55
3109, -56
3110, -56
3111, -56
3112, -56
3113, -56
3114, -57
3115, -56
3116, -56
3117, -56
3118, -55
3119, 0
3120, 0
3121, -70
3122, -69
3123, -71
3124, -72
3125, -72
3126, -71
3127, 0
3128, -67
3129, 0
3130, -64
3131, -64
3132, -66
3133, -66
3134, 0
3135, -61
3136, -62
3137, -64
3138, -64
3139, -65
3140, -65
3141, -64
3142, -63
3143, -65
3144, -64
3145, -65
3146, -65
3147, -63
3148, -63
3149, -63
3150, -58
3151, -58
3152, -58
3153, -56
3154, -57
3155, -55
3156, -56
3157, -56
3158, -55
3159, 0
3160, 0
3161, -63
3162, 0
3163, -65
3164, -64
3165, -63
3166, -57
3167, 0
3168, 0
3169, -63
3170, -64
3171, -65
3172, -63
3173, -65
3174, -65
3175, -64
3176, -66
3177, 0
3178, 0
3179, 0
3180, -65
3181, -66
3182, -64
3183, 0
3184, -67
3185, 0
3186, -64
3187, -64
3188, -63
3189, -61
3190, -63
3191, -64
3192, -63
3193, -63
3194, -64
3195, -65
3196, -64
3197, -64
3198, -63
3199, -58
3200, -56
3201, -56
3202, -56
3203, 0
3204, -57
3205, 0
3206, 0
3207, 0
3208, 0
3209, -72
3210, -72
3211, -71
3212, -73
3213, -72
3214, -70
3215, 0
3216, -67
3217, -67
3218, 0
3219, -63
3220, -64
3221, -64
3222, -64
3223, -64
3224, -64
3225, -62
3226, -62
3227, -65
3228, -63
3229, -60
3230, -57
3231, -57
3232, -57
3233, -56
3234, -57
3235, -56
3236, -56
3237, -57
3238, -55
3239, 0
3240, 0
3241, -65
3242, -63
3243, -63
3244, -63
3245, -65
3246, -65
3247, 0
3248, 0
3249, -61
3250, -60
3251, -62
3252, -63
3253, -64
3254, -66
3255, -65
3256, -64
3257, -62
3258, -64
3259, -64
3260, -64
3261, -65
3262, -65
3263, -64
3264, -65
3265, -64
3266, -64
3267, -65
3268, -65
3269, -63
3270, -64
3271, -60
3272, -55
3273, 0
3274, -58
3275, -57
3276, -57
3277, -57
3278, 0
3279, 0
3280, 0
3281, -64
3282, -64
3283, -64
3284, -64
3285, -62
3286, -63
3287, -62
3288, -64
3289, -64
3290, -64
3291, -65
3292, -64
3293, -64
3294, -65
3295, 0
3296, -65
3297, 0
3298, -64
3299, -63
3300, -64
3301, -63
3302, -63
3303, -62
3304, -57
3305, -56
3306, -55
3307, -55
3308, 0
3309, -58
3310, 0
3311, 0
3312, 0
3313, -64
3314, -62
3315, -61
3316, -63
3317, -64
3318, -63
3319, -64
3320, -64
3321, -66
3322, -65
3323, -63
3324, -64
3325, -63
3326, -63
3327, -65
3328, -63
3329, -62
3330, -61
3331, -64
3332, -63
3333, -64
3334, -64
3335, 0
3336, 0
3337, -56
3338, -56
3339, -56
3340, -55
3341, -55
3342, -56
3343, 0
3344, 0
3345, -63
3346, -63
3347, -64
3348, -64
3349, -65
3350, -67
3351, 0
3352, -64
3353, 0
3354, 0
3355, 0
3356, -65
3357, 0
3358, -63
3359, -57
3360, -55
3361, -56
3362, -55
3363, -53
3364, -55
3365, -55
3366, -55
3367, 0
3368, 0
3369, -64
3370, -65
3371, -64
3372, -64
3373, -62
3374, -61
3375, -63
3376, -64
3377, -64
3378, -64
3379, -64
3380, -65
3381, -66
3382, 0
3383, -50
3384, -49
3385, -48
3386, -49
3387, 0
3388, -48
3389, -48
3390, -49
3391, 0
3392, 0
3393, -56
3394, -57
3395, -56
3396, -56
3397, -57
3398, -57
3399, 0
3400, 0
3401, -65
3402, -65
3403, -63
3404, 0
3405, -65
3406, 0
3407, -62
3408, -57
3409, -57
3410, -57
3411, -58
3412, -59
3413, 0
3414, -55
3415, 0
3416, 0
3417, -65
3418, -63
3419, -64
3420, -64
3421, -64
3422, -64
3423, -65
3424, -65
3425, -64
3426, -64
3427, -64
3428, -64
3429, -66
3430, -64
3431, -61
3432, -49
3433, -47
3434, -50
3435, -48
3436, -48
3437, -49
3438, 0
3439, 0
3440, 0
3441, -62
3442, -63
3443, -63
3444, -63
3445, -65
3446, -64
3447, -66
3448, -65
3449, -64
3450, -65
3451, -62
3452, -63
3453, -65
3454, -64
3455, -56
3456, -50
3457, -48
3458, -47
3459, -47
3460, -48
3461, 0
3462, 0
3463, 0
3464, 0
3465, -61
3466, -62
3467, -62
3468, -62
3469, -63
3470, -63
3471, -64
3472, -65
3473, -64
3474, 0
3475, -64
3476, 0
3477, -64
3478, -66
3479, 0
3480, 0
3481, -57
3482, -56
3483, 0
3484, -57
3485, -56
3486, -56
3487, 0
3488, 0
3489, -64
3490, -63
3491, -63
3492, -62
3493, -64
3494, -65
3495, -51
3496, -50
3497, -48
3498, -47
3499, -48
3500, -48
3501, -47
3502, -48
3503, 0
3504, 0
3505, -48
3506, -48
3507, -49
3508, -47
3509, -47
3510, -47
3511, 0
3512, 0
3513, -48
3514, -47
3515, -47
3516, -47
3517, -47
3518, -47
3519, 0
3520, -43
3521, 0
3522, -40
3523, -38
3524, -40
3525, -40
3526, 0
3527, 0
3528, 0
3529, -56
3530, -55
3531, -56
3532, -55
3533, -57
3534, -56
3535, 0
3536, -50
3537, 0
3538, -48
3539, -48
3540, -48
3541, -47
3542, -48
3543, -49
3544, -41
3545, -40
3546, -41
3547, -39
3548, -38
3549, -39
3550, -39
3551, 0
3552, 0
3553, -45
3554, -48
3555, -48
3556, -47
3557, -46
3558, -47
3559, -44
3560, -40
3561, -41
3562, -42
3563, -39
3564, -37
3565, -39
3566, -39
3567, 0
3568, 0
3569, -48
3570, 0
3571, -50
3572, -49
3573, -48
3574, -48
3575, 0
3576, 0
3577, -47
3578, -49
3579, -48
3580, -48
3581, -48
3582, -48
3583, -45
3584, -44
3585, 0
3586, 0
3587, -42
3588, -39
3589, -40
3590, 0
3591, 0
3592, 0
3593, -48
3594, -47
3595, -45
3596, -47
3597, -51
3598, -41
3599, -40
3600, -40
3601, -40
3602, -40
3603, -40
3604, -40
3605, -41
3606, -40
3607, 0
3608, 0
3609, -48
3610, -49
3611, -47
3612, 0
3613, -46
3614, -47
3615, 0
3616, -49
3617, -49
3618, -47
3619, -46
3620, -47
3621, -49
3622, -47
3623, 0
3624, 0
3625, -41
3626, -38
3627, -36
3628, -39
3629, -39
3630, -41
3631, 0
3632, 0
3633, -47
3634, 0
3635, -50
3636, 0
3637, -48
3638, -50
3639, 0
3640, 0
3641, -47
3642, -45
3643, -48
3644, -48
3645, -49
3646, -49
3647, -41
3648, 0
3649, 0
3650, -48
3651, 0
3652, -46
3653, -47
3654, -41
3655, -40
3656, 0
3657, -42
3658, -41
3659, -40
3660, -40
3661, -33
3662, 0
3663, 0
3664, 0
3665, -49
3666, -49
3667, -50
3668, -49
3669, -46
3670, -46
3671, -42
3672, -41
3673, 0
3674, -41
3675, -41
3676, 0
3677, -39
3678, -38
3679, 0
3680, 0
3681, -47
3682, -49
3683, -50
3684, 0
3685, -46
3686, -47
3687, -46
3688, -40
3689, -40
3690, 0
3691, -39
3692, -39
3693, -40
3694, 0
3695, 0
3696, 0
3697, -47
3698, -48
3699, -48
3700, -48
3701, -46
3702, -41
3703, -41
3704, -42
3705, -40
3706, -40
3707, -40
3708, -39
3709, -41
3710, -33
3711, 0
3712, 0
3713, -48
3714, -48
3715, -48
3716, -47
3717, -48
3718, -50
3719, 0
3720, -39
3721, -40
3722, -38
3723, -39
3724, -39
3725, -41
3726, -40
3727, 0
3728, 0
3729, -47
3730, -49
3731, -49
3732, -47
3733, -48
3734, -48
3735, -35
3736, -33
3737, -31
3738, -32
3739, -32
3740, -32
3741, -32
3742, -32
3743, 0
3744, 0
3745, -46
3746, -48
3747, -49
3748, -48
3749, -49
3750, -49
3751, -39
3752, -39
3753, -38
3754, 0
3755, -40
3756, -40
3757, -40
3758, -38
3759, 0
3760, 0
3761, -46
3762, -48
3763, -47
3764, -47
3765, -48
3766, -47
3767, 0
3768, 0
3769, -42
3770, -39
3771, -39
3772, -40
3773, -39
3774, -36
3775, 0
3776, 0
3777, -40
3778, -41
3779, -40
3780, -38
3781, -39
3782, 0
3783, 0
3784, 0
3785, -48
3786, -48
3787, -49
3788, -48
3789, -47
3790, -48
3791, -41
3792, -40
3793, -41
3794, 0
3795, -41
3796, -40
3797, -40
3798, -41
3799, 0
3800, 0
3801, -43
3802, -45
3803, -50
3804, -49
3805, 0
3806, 0
3807, 0
3808, 0
3809, -43
3810, 0
3811, -39
3812, -38
3813, -37
3814, -34
3815, 0
3816, 0
3817, 0
3818, -39
3819, -41
3820, -39
3821, 0
3822, 0
3823, 0
3824, 0
3825, -48
3826, -49
3827, -48
3828, -47
3829, -46
3830, -48
3831, -42
3832, -40
3833, -41
3834, -39
3835, -38
3836, -38
3837, 0
3838, 0
3839, 0
3840, 0
3841, -50
3842, -49
3843, -48
3844, -48
3845, 0
3846, -47
3847, -37
3848, 0
3849, -35
3850, 0
3851, -33
3852, -31
3853, 0
3854, 0
3855, 0
3856, 0
3857, -41
3858, -38
3859, -38
3860, -37
3861, -39
3862, -41
3863, 0
3864, 0
3865, -45
3866, -46
3867, -49
3868, -49
3869, -48
3870, 0
3871, 0
3872, -37
3873, 0
3874, -32
3875, -31
3876, -31
3877, -32
3878, 0
3879, 0
3880, 0
3881, -48
3882, -47
3883, -46
3884, -47
3885, -49
3886, -48
3887, 0
3888, 0
3889, -39
3890, -39
3891, -40
3892, 0
3893, -41
3894, 0
3895, 0
3896, 0
3897, -33
3898, -33
3899, -33
3900, -31
3901, -30
3902, -31
3903, 0
3904, 0
3905, -48
3906, -48
3907, -48
3908, 0
3909, -51
3910, 0
3911, 0
3912, 0
3913, -39
3914, -41
3915, -42
3916, -40
3917, 0
3918, 0
3919, 0
3920, 0
3921, -33
3922, -33
3923, -33
3924, -31
3925, -33
3926, 0
3927, 0
3928, 0
3929, -40
3930, 0
3931, -42
3932, 0
3933, -40
3934, -41
3935, 0
3936, 0
3937, -41
3938, -38
3939, 0
3940, -41
3941, -40
3942, -33
3943, 0
3944, 0
3945, -31
3946, -30
3947, -33
3948, -32
3949, -32
3950, -30
3951, 0
3952, 0
3953, -40
3954, -41
3955, 0
3956, -41
3957, 0
3958, -32
3959, 0
3960, 0
3961, -41
3962, -41
3963, -41
3964, -41
3965, -39
3966, -39
3967, -31
3968, -31
3969, -32
3970, -33
3971, -31
3972, -30
3973, 0
3974, 0
3975, 0
3976, 0
3977, -42
3978, -42
3979, -39
3980, -39
3981, -40
3982, 0
3983, 0
3984, 0
3985, -41
3986, -39
3987, -40
3988, -39
3989, -37
3990, -39
3991, -35
3992, 0
3993, -46
3994, -48
3995, -48
3996, -49
3997, -50
3998, -48
3999, -33
4000, -31
4001, -31
4002, -31
4003, -32
4004, -32
4005, -32
4006, -31
4007, 0
4008, 0
4009, -41
4010, -39
4011, -37
4012, -40
4013, -40
4014, -29
4015, 0
4016, 0
4017, -33
4018, -32
4019, -30
4020, -32
4021, -33
4022, -33
4023, 0
4024, 0
4025, -39
4026, -40
4027, -39
4028, -39
4029, -39
4030, -41
4031, 0
4032, -36
4033, -35
4034, 0
4035, -31
4036, -31
4037, -32
4038, -29
4039, 0
4040, 0
4041, -31
4042, -31
4043, -32
4044, -32
4045, -33
4046, -27
4047, 0
4048, 0
4049, -34
4050, -34
4051, -32
4052, -31
4053, -31
4054, 0
4055, 0
4056, 0
4057, -33
4058, 0
4059, -34
4060, 0
4061, -30
4062, -33
4063, 0
4064, 0
4065, -40
4066, -40
4067, -40
4068, -41
4069, -39
4070, -40
4071, 0
4072, 0
4073, -40
4074, -42
4075, -42
4076, -39
4077, -40
4078, -42
4079, 0
4080, 0
4081, -40
4082, -40
4083, -39
4084, -39
4085, -40
4086, -40
4087, 0
4088, 0
4089, -41
4090, -40
4091, -40
4092, -41
4093, 0
4094, -40
4095, 0
4096, 0
4097, -38
4098, 0
4099, -41
4100, 0
4101, 0
4102, -41
4103, 0
4104, 0
4105, -37
4106, -38
4107, -41
4108, -42
4109, -39
4110, 0
4111, 0
4112, 0
4113, -41
4114, -39
4115, 0
4116, -41
4117, -42
4118, -40
4119, 0
4120, 0
4121, -40
4122, 0
4123, -41
4124, 0
4125, -39
4126, -31
4127, 0
4128, 0
4129, -40
4130, -41
4131, -40
4132, -39
4133, -40
4134, -39
4135, 0
4136, 0
4137, -41
4138, -40
4139, -42
4140, -41
4141, 0
4142, 0
4143, 0
4144, 0
4145, -38
4146, -38
4147, -41
4148, -39
4149, -38
4150, -31
4151, 0
4152, 0
4153, -38
4154, -39
4155, -40
4156, -40
4157, -40
4158, -40
4159, 0
4160, 0
4161, -42
4162, 0
4163, -38
4164, -39
4165, -40
4166, -41
4167, 0
4168, 0
4169, -42
4170, 0
4171, -40
4172, -41
4173, -40
4174, -39
4175, 0
4176, 0
4177, -40
4178, -40
4179, -41
4180, -39
4181, -40
4182, -32
4183, 0
4184, 0
4185, -35
4186, -37
4187, -41
4188, -41
4189, -40
4190, -35
4191, 0
4192, 0
4193, 0
4194, 0
4195, -32
4196, -32
4197, -32
4198, -29
4199, 0
4200, 0
4201, -31
4202, 0
4203, -34
4204, -32
4205, -32
4206, 0
4207, 0
4208, 0
4209, -39
4210, -42
4211, -40
4212, -39
4213, -39
4214, 0
4215, 0
4216, 0
4217, -30
4218, 0
4219, -35
4220, -31
4221, -31
4222, 0
4223, 0
4224, 0
4225, -30
4226, 0
4227, -33
4228, -32
4229, -32
4230, 0
4231, 0
4232, 0
4233, -31
4234, 0
4235, -33
4236, -33
4237, -32
4238, -33
4239, 0
4240, 0
4241, -40
4242, -40
4243, -41
4244, -41
4245, 0
4246, -41
4247, 0
4248, 0
4249, -42
4250, -40
4251, -38
4252, -41
4253, 0
4254, -41
4255, 0
4256, 0
4257, -42
4258, 0
4259, -38
4260, -40
4261, 0
4262, -35
4263, 0
4264, 0
4265, -40
4266, 0
4267, -39
4268, -39
4269, -40
4270, 0
4271, 0
4272, 0
4273, -25
4274, -24
4275, -23
4276, -24
4277, 0
4278, 0
4279, 0
4280, 0
4281, 0
4282, 0
4283, -25
4284, -23
4285, -22
4286, 0
4287, 0
4288, 0
4289, -25
4290, 0
4291, -26
4292, -23
4293, -23
4294, -23
4295, 0
4296, 0
4297, -40
4298, -38
4299, -37
4300, -39
4301, -42
4302, -42
4303, -33
4304, 0
4305, 0
4306, 0
4307, -24
4308, -24
4309, -22
4310, 0
4311, 0
4312, 0
4313, -30
4314, 0
4315, -33
4316, -33
4317, -32
4318, -28
4319, 0
4320, 0
4321, -40
4322, -40
4323, -39
4324, -39
4325, 0
4326, 0
4327, 0
4328, 0
4329, -30
4330, 0
4331, -34
4332, -32
4333, -32
4334, 0
4335, 0
4336, 0
4337, -41
4338, -39
4339, -39
4340, -40
4341, -40
4342, -32
4343, 0
4344, 0
4345, -40
4346, -41
4347, -39
4348, -40
4349, -40
4350, -38
4351, 0
4352, 0
4353, 0
4354, 0
4355, -34
4356, -33
4357, 0
4358, 0
4359, 0
4360, 0
4361, -32
4362, 0
4363, -32
4364, -33
4365, -32
4366, -28
4367, 0
4368, 0
4369, -25
4370, 0
4371, -25
4372, -23
4373, -24
4374, -24
4375, 0
4376, 0
4377, -33
4378, -32
4379, -31
4380, -32
4381, 0
4382, 0
4383, 0
4384, 0
4385, -34
4386, 0
4387, -33
4388, -31
4389, -33
4390, -32
4391, 0
4392, 0
4393, -34
4394, -32
4395, 0
4396, -32
4397, 0
4398, -33
4399, 0
4400, 0
4401, -39
4402, -39
4403, -40
4404, -42
4405, -39
4406, -37
4407, -39
4408, 0
4409, -39
4410, 0
4411, -40
4412, -40
4413, -40
4414, -37
4415, 0
4416, 0
4417, -32
4418, -33
4419, -34
4420, -34
4421, 0
4422, -32
4423, 0
4424, 0
4425, -35
4426, -34
4427, -34
4428, -34
4429, 0
4430, -27
4431, 0
4432, 0
4433, -27
4434, 0
4435, -24
4436, -24
4437, -23
4438, -26
4439, 0
4440, 0
4441, -40
4442, -40
4443, -39
4444, -41
4445, -40
4446, -32
4447, 0
4448, 0
4449, -30
4450, -29
4451, -29
4452, -31
4453, -32
4454, 0
4455, 0
4456, 0
4457, -34
4458, -32
4459, -32
4460, -31
4461, -33
4462, -32
4463, 0
4464, 0
4465, -41
4466, -42
4467, -42
4468, 0
4469, -40
4470, -35
4471, 0
4472, 0
4473, -32
4474, -31
4475, -30
4476, -31
4477, -33
4478, -25
4479, 0
4480, 0
4481, -32
4482, -33
4483, -34
4484, -32
4485, 0
4486, -32
4487, 0
4488, 0
4489, -30
4490, 0
4491, -33
4492, 0
4493, -33
4494, -25
4495, 0
4496, 0
4497, -38
4498, -40
4499, -40
4500, -41
4501, -41
4502, -36
4503, -35
4504, -27
4505, -24
4506, -25
4507, -24
4508, -24
4509, -23
4510, -24
4511, 0
4512, 0
4513, -40
4514, 0
4515, -41
4516, 0
4517, -38
4518, 0
4519, -35
4520, -28
4521, -24
4522, 0
4523, -26
4524, -26
4525, -22
4526, -21
4527, 0
4528, 0
4529, -32
4530, -31
4531, -30
4532, -32
4533, -32
4534, -32
4535, 0
4536, 0
4537, -40
4538, -39
4539, -39
4540, -40
4541, -41
4542, -40
4543, -37
4544, -28
4545, -23
4546, 0
4547, -25
4548, -25
4549, -24
4550, -23
4551, 0
4552, 0
4553, -31
4554, -30
4555, -32
4556, -33
4557, -32
4558, 0
4559, -21
4560, 0
4561, -33
4562, 0
4563, -33
4564, 0
4565, -31
4566, -32
4567, -21
4568, 0
4569, -25
4570, -23
4571, -24
4572, -23
4573, -22
4574, -21
4575, 0
4576, 0
4577, -29
4578, -31
4579, -32
4580, -32
4581, -33
4582, -29
4583, 0
4584, 0
4585, -32
4586, -33
4587, -32
4588, -33
4589, -32
4590, -34
4591, 0
4592, 0
4593, 0
4594, -33
4595, -32
4596, -33
4597, -33
4598, -34
4599, 0
4600, 0
4601, -31
4602, -30
4603, -29
4604, -30
4605, -28
4606, -28
4607, 0
4608, 0
4609, 0
4610, -31
4611, -31
4612, -31
4613, -30
4614, -31
4615, 0
4616, 0
4617, -31
4618, -31
4619, -32
4620, -32
4621, -32
4622, -32
4623, -28
4624, -25
4625, -24
4626, 0
4627, -26
4628, -24
4629, -24
4630, -23
4631, 0
4632, 0
4633, -39
4634, -39
4635, 0
4636, -42
4637, 0
4638, -40
4639, -29
4640, -26
4641, -24
4642, 0
4643, -26
4644, -26
4645, -25
4646, 0
4647, 0
4648, 0
4649, -38
4650, -39
4651, -39
4652, -38
4653, -40
4654, -40
4655, -25
4656, -24
4657, -23
4658, 0
4659, -26
4660, -24
4661, -25
4662, -26
4663, 0
4664, -21
4665, -23
4666, 0
4667, -24
4668, -23
4669, -23
4670, -24
4671, 0
4672, 0
4673, -25
4674, -24
4675, -23
4676, -24
4677, -25
4678, -23
4679, -23
4680, -24
4681, -25
4682, -24
4683, -26
4684, -25
4685, -24
4686, -21
4687, 0
4688, 0
4689, -31
4690, -32
4691, -31
4692, 0
4693, -31
4694, 0
4695, -30
4696, -26
4697, -24
4698, 0
4699, 0
4700, 0
4701, -25
4702, 0
4703, 0
4704, 0
4705, -28
4706, -32
4707, -33
4708, -33
4709, -34
4710, -33
4711, -31
4712, -31
4713, -32
4714, -33
4715, -34
4716, 0
4717, -29
4718, -28
4719, -29
4720, -32
4721, -35
4722, -40
4723, -39
4724, -38
4725, -38
4726, -33
4727, 0
4728, 0
4729, -47
4730, -48
4731, -49
4732, -48
4733, -48
4734, -47
4735, -46
4736, -49
4737, -50
4738, -49
4739, 0
4740, -48
4741, 0
4742, -50
4743, 0
4744, 0
4745, 0
4746, -49
4747, -49
4748, -49
4749, -46
4750, 0
4751, 0
4752, 0
4753, -56
4754, -55
4755, -55
4756, -56
4757, -56
4758, -55
4759, -51
4760, -50
4761, -49
4762, -48
4763, -48
4764, -49
4765, -48
4766, 0
4767, 0
4768, -45
4769, 0
4770, 0
4771, -43
4772, 0
4773, -40
4774, -40
4775, 0
4776, 0
4777, -46
4778, 0
4779, -48
4780, 0
4781, -47
4782, -47
4783, -40
4784, -42
4785, 0
4786, 0
4787, -40
4788, -38
4789, -36
4790, -37
4791, 0
4792, 0
4793, -46
4794, -47
4795, -49
4796, -48
4797, -49
4798, -49
4799, 0
4800, 0
4801, -47
4802, -48
4803, -48
4804, -48
4805, -48
4806, -48
4807, -47
4808, -46
4809, -45
4810, -47
4811, 0
4812, -51
4813, -51
4814, 0
4815, -42
4816, -40
4817, -40
4818, -40
4819, -38
4820, -39
4821, -40
4822, -38
4823, 0
4824, 0
4825, 0
4826, -50
4827, 0
4828, -48
4829, -47
4830, -49
4831, 0
4832, 0
4833, 0
4834, 0
4835, -58
4836, 0
4837, -56
4838, -55
4839, -54
4840, -50
4841, -49
4842, -46
4843, -46
4844, 0
4845, -51
4846, 0
4847, 0
4848, -51
4849, -50
4850, 0
4851, -49
4852, -50
4853, -48
4854, -47
4855, 0
4856, 0
4857, -55
4858, -56
4859, -55
4860, -55
4861, -53
4862, -55
4863, -54
4864, -50
4865, -50
4866, -48
4867, -48
4868, -50
4869, -49
4870, -48
4871, -47
4872, -48
4873, -50
4874, -49
4875, 0
4876, -47
4877, -45
4878, -47
4879, -48
4880, -46
4881, -47
4882, 0
4883, -51
4884, -50
4885, -49
4886, -49
4887, 0
4888, 0
4889, -49
4890, -48
4891, -46
4892, -48
4893, -46
4894, -45
4895, -46
4896, -41
4897, -40
4898, -40
4899, -39
4900, -39
4901, -40
4902, -40
4903, 0
4904, 0
4905, 0
4906, -48
4907, -49
4908, -49
4909, -47
4910, -48
4911, -47
4912, 0
4913, 0
4914, -42
4915, 0
4916, -41
4917, -41
4918, -39
4919, -40
4920, -41
4921, -41
4922, -38
4923, -41
4924, -40
4925, -40
4926, -41
4927, -40
4928, -41
4929, -40
4930, 0
4931, -43
4932, -40
4933, -38
4934, -40
4935, 0
4936, 0
4937, -45
4938, -45
4939, -47
4940, -48
4941, -50
4942, -50
4943, -41
4944, -41
4945, -40
4946, -39
4947, -40
4948, -39
4949, -38
4950, -40
4951, -40
4952, -41
4953, 0
4954, -43
4955, 0
4956, -41
4957, -41
4958, -39
4959, -39
4960, -39
4961, -39
4962, -39
4963, -38
4964, -40
4965, -39
4966, -39
4967, -41
4968, -41
4969, -41
4970, -39
4971, 0
4972, -42
4973, 0
4974, 0
4975, -42
4976, -41
4977, 0
4978, -39
4979, -38
4980, -38
4981, -41
4982, -41
4983, -39
4984, -33
4985, -32
4986, -31
4987, -32
4988, -33
4989, -31
4990, 0
4991, 0
4992, 0
4993, -39
4994, -40
4995, -41
4996, -40
4997, -40
4998, -40
4999, 0
5000, 0
5001, -48
5002, -48
5003, -48
5004, -48
5005, -47
5006, -48
5007, -48
5008, -49
5009, -49
5010, -48
5011, -48
5012, -49
5013, -47
5014, -48
5015, 0
5016, 0
5017, -56
5018, -55
5019, -56
5020, -54
5021, -55
5022, -56
5023, -56
5024, -56
5025, -57
5026, -56
5027, -56
5028, -56
5029, 0
5030, 0
5031, 0
5032, 0
5033, 0
5034, 0
5035, 0
5036, 0
5037, 0
5038, 0
5039, 0
5040, 0
5041, 0
5042, 0
5043, 0
5044, 0
5045, 0
5046, 0
5047, 0
5048, 0
5049, 0
5050, 0
5051, 0
5052, -56
5053, -55
5054, -56
5055, -57
5056, -55
5057, -56
5058, -56
5059, -54
5060, -54
5061, -55
5062, 0
5063, -56
5064, 0
5065, -55
5066, -54
5067, -54
5068, -56
5069, -56
5070, -55
5071, -56
5072, -56
5073, -55
5074, -55
5075, -56
5076, -57
5077, -56
5078, -51
5079, -49
5080, -48
5081, 0
5082, -49
5083, -49
5084, -48
5085, -48
5086, -48
5087, -49
5088, -49
5089, -48
5090, -48
5091, -48
5092, -49
5093, -48
5094, -47
5095, -46
5096, -47
5097, -48
5098, -48
5099, -48
5100, -49
5101, -48
5102, -48
5103, -48
5104, -48
5105, 0
5106, -50
5107, -50
5108, -48
5109, -49
5110, -49
5111, -48
5112, -48
5113, -47
5114, -47
5115, -48
5116, -48
5117, -48
5118, -48
5119, -47
5120, -47
5121, -48
5122, -48
5123, -48
5124, -49
5125, -48
5126, -48
5127, -48
5128, -48
5129, 0
5130, -49
5131, -50
5132, -49
5133, -48
5134, -49
5135, -49
5136, -49
5137, -48
5138, -47
5139, -49
5140, -49
5141, -47
5142, -47
5143, -47
5144, 0
5145, 0
5146, 0
5147, -41
5148, -40
5149, -41
5150, -40
5151, -40
5152, -40
5153, 0
5154, -42
5155, 0
5156, -42
5157, 0
5158, -41
5159, -42
5160, -40
5161, 0
5162, -44
5163, 0
5164, -40
5165, -40
5166, -39
5167, 0
5168, 0
5169, -47
5170, -47
5171, -48
5172, -48
5173, -47
5174, -47
5175, -41
5176, -40
5177, -39
5178, -38
5179, 0
5180, -42
5181, 0
5182, -39
5183, -33
5184, 0
5185, 0
5186, 0
5187, -25
5188, -23
5189, -23
5190, -25
5191, -24
5192, -23
5193, -24
5194, -24
5195, -22
5196, -24
5197, -24
5198, -24
5199, -25
5200, -25
5201, -25
5202, -25
5203, 0
5204, -42
5205, 0
5206, -39
5207, 0
5208, 0
5209, -47
5210, -49
5211, -49
5212, -48
5213, -47
5214, -49
5215, -48
5216, -46
5217, -47
5218, -47
5219, -48
5220, -48
5221, -47
5222, -48
5223, -49
5224, -48
5225, -46
5226, -45
5227, -48
5228, -49
5229, -47
5230, -47
5231, -47
5232, 0
5233, -56
5234, -56
5235, -56
5236, -56
5237, -54
5238, -41
5239, -39
5240, -39
5241, -37
5242, -38
5243, -40
5244, -40
5245, -40
5246, -41
5247, -41
5248, 0
5249, 0
5250, -39
5251, 0
5252, -44
5253, -43
5254, -42
5255, 0
5256, -33
5257, -33
5258, -32
5259, 0
5260, -35
5261, 0
5262, -33
5263, 0
5264, 0
5265, -39
5266, -38
5267, -39
5268, -40
5269, -39
5270, -32
5271, -32
5272, -33
5273, 0
5274, 0
5275, -33
5276, -33
5277, -32
5278, -30
5279, 0
5280, 0
5281, -25
5282, -23
5283, -24
5284, -25
5285, -24
5286, -16
5287, 0
5288, 0
5289, 0
5290, 0
5291, 0
5292, 0
5293, 0
5294, 0
5295, 0
5296, 0
5297, 0
5298, 0
5299, -23
5300, -26
5301, 0
5302, -24
5303, -24
5304, 0
5305, 0
5306, 0
5307, 0
5308, 0
5309, 0
5310, 0
5311, 0
5312, 0
5313, 0
5314, 0
5315, 0
5316, 0
5317, 0
5318, 0
5319, 0
5320, 0
5321, 0
5322, 0
5323, 0
5324, 0
5325, 0
5326, 0
5327, 0
5328, 0
5329, 0
5330, 0
5331, 0
5332, 0
5333, 0
5334, 0
5335, 0
5336, 0
5337, 0
5338, 0
5339, 0
5340, 0
5341, 0
5342, 0
5343, 0
5344, 0
5345, 0
5346, 0
5347, 0
5348, 0
5349, 0
5350, 0
5351, 0
5352, 0
5353, 0
5354, 0
5355, 0
5356, 0
5357, 0
5358, 0
5359, 0
5360, 0
5361, 0
5362, 0
5363, 0
5364, 0
5365, 0
5366, 0
5367, 0
5368, 0
5369, 0
5370, 0
5371, 0
5372, 0
5373, 0
5374, 0
5375, 0
5376, 0
5377, 0
5378, 0
5379, 0
5380, 0
5381, 0
5382, 0
5383, 0
5384, 0
5385, 0
5386, 0
5387, 0
5388, 0
5389, 0
5390, 0
5391, 0
5392, 0
5393, 0
5394, 0
5395, 0
5396, 0
5397, 0
5398, 0
5399, 0
5400, 0
5401, 0
5402, 0
5403, 0
5404, 0
5405, 0
5406, 0
5407, 0
5408, 0
5409, 0
5410, 0
5411, 0
5412, 0
5413, 0
5414, 0
5415, 0
5416, 0
5417, 0
5418, 0
5419, 0
5420, 0
5421, 0
5422, 0
5423, 0
5424, 0
5425, 0
5426, 0
5427, 0
5428, 0
5429, 0
5430, 0
5431, 0
5432, 0
5433, 0
5434, 0
5435, 0
5436, 0
5437, 0
5438, 0
5439, 0
5440, 0
5441, 0
5442, 0
5443, 0
5444, 0
5445, 0
5446, 0
5447, 0
5448, 0
5449, 0
5450, 0
5451, 0
5452, 0
5453, 0
5454, 0
5455, 0
5456, 0
5457, 0
5458, 0
5459, 0
5460, 0
5461, 0
5462, 0
5463, 0
5464, 0
5465, 0
5466, 0
5467, 0
5468, 0
5469, 0
5470, 0
5471, 0
5472, 0
5473, 0
5474, 0
5475, 0
5476, 0
5477, 0
5478, 0
5479, 0
5480, 0
5481, 0
5482, 0
5483, 0
5484, 0
5485, 0
5486, 0
5487, 0
5488, 0
5489, 0
5490, 0
5491, 0
5492, 0
5493, 0
5494, 0
5495, 0
5496, 0
5497, 0
5498, 0
