0, 0
1, 0
2, 0
3, 0
4, 0
5, 0
6, 0
7, 0
8, 0
9, 0
10, 0
11, 0
12, 0
13, 0
14, 0
15, 0
16, 0
17, 0
18, 0
19, 0
20, 0
21, 0
22, 0
23, 0
24, 0
25, 0
26, 0
27, 0
28, 0
29, 0
30, 0
31, 0
32, 0
33, 0
34, 0
35, 0
36, 0
37, 0
38, 0
39, 0
40, 0
41, 0
42, 0
43, 0
44, 0
45, 0
46, 0
47, 0
48, 0
49, 0
50, 0
51, 0
52, 0
53, 0
54, 0
55, 0
56, 0
57, 0
58, 0
59, 0
60, 0
61, 0
62, 0
63, 0
64, 0
65, 0
66, 0
67, 0
68, 0
69, 0
70, 0
71, 0
72, 0
73, 0
74, 0
75, 0
76, 0
77, 0
78, 0
79, 0
80, 0
81, 0
82, 0
83, 0
84, 0
85, 0
86, 0
87, 0
88, 0
89, 0
90, 0
91, 0
92, 0
93, 0
94, 0
95, 0
96, 0
97, 0
98, 0
99, 0
100, 0
101, 0
102, 0
103, 0
104, 0
105, 0
106, 0
107, 0
108, 0
109, 0
110, 0
111, 0
112, 0
113, 0
114, 0
115, 0
116, 0
117, 0
118, 0
119, 0
120, 0
121, 0
122, 0
123, 0
124, 0
125, 0
126, 0
127, 0
128, 0
129, 0
130, 0
131, 0
132, 0
133, 0
134, 0
135, 0
136, 0
137, 0
138, 0
139, 0
140, 0
141, 0
142, 0
143, 0
144, 0
145, 0
146, 0
147, 0
148, 0
149, 0
150, 0
151, 0
152, 0
153, 0
154, 0
155, 0
156, 0
157, 0
158, 0
159, 0
160, 0
161, 0
162, 0
163, 0
164, 0
165, 0
166, 0
167, 0
168, 0
169, 0
170, 0
171, 0
172, 0
173, 0
174, 0
175, 0
176, 0
177, 0
178, 0
179, 0
180, 0
181, 0
182, 0
183, 0
184, 0
185, 0
186, 0
187, 0
188, 0
189, 0
190, 0
191, 0
192, 0
193, 0
194, 0
195, 0
196, 0
197, 0
198, 0
199, 0
200, 0
201, 0
202, 0
203, 0
204, 0
205, 0
206, 0
207, 0
208, 0
209, 0
210, 0
211, 0
212, 0
213, 0
214, 0
215, 0
216, 0
217, 0
218, 0
219, 0
220, 0
221, 0
222, 0
223, 0
224, 0
225, 0
226, 0
227, 0
228, 0
229, 0
230, 0
231, 0
232, 0
233, 0
234, 0
235, 0
236, 0
237, 1
238, 0
239, 0
240, 0
241, 0
242, 0
243, 0
244, 0
245, 1
246, 0
247, 0
248, 0
249, 0
250, 0
251, 0
252, 0
253, 0
254, 0
255, 0
256, 0
257, 0
258, 0
259, 0
260, 0
261, 0
262, 0
263, 0
264, 0
265, 0
266, 0
267, 0
268, 0
269, 0
270, 0
271, 0
272, 0
273, 0
274, 0
275, 0
276, 0
277, 0
278, 0
279, 0
280, 0
281, 0
282, 0
283, 0
284, 0
285, 0
286, 0
287, 0
288, 0
289, 0
290, 0
291, 0
292, 0
293, 0
294, 0
295, 0
296, 0
297, 0
298, 0
299, 0
300, 0
301, 0
302, 0
303, 0
304, 0
305, 0
306, 0
307, 0
308, 0
309, 0
310, 0
311, 0
312, 0
313, 0
314, 0
315, 0
316, 0
317, 0
318, 0
319, 0
320, 0
321, 0
322, 0
323, 0
324, 0
325, 0
326, 0
327, 0
328, 0
329, 0
330, 0
331, 0
332, 0
333, 0
334, 0
335, 0
336, 0
337, 0
338, 0
339, -168
340, -169
341, -169
342, 0
343, 2
344, 1
345, 1
346, -9
347, -9
348, 0
349, -8
350, -16
351, 0
352, 0
353, 0
354, 0
355, 0
356, 0
357, 9
358, 0
359, -12
360, 0
361, 0
362, 0
363, 0
364, -24
365, -25
366, -26
367, -27
368, -32
369, -30
370, -30
371, -32
372, -31
373, -30
374, -31
375, -29
376, 0
377, 0
378, -25
379, -25
380, -24
381, -11
382, 0
383, -10
384, -16
385, -16
386, -16
387, -15
388, -16
389, -16
390, -17
391, -16
392, 0
393, 0
394, 0
395, -9
396, -9
397, -2
398, -8
399, 0
400, -10
401, -9
402, -8
403, 0
404, -10
405, 0
406, 0
407, -10
408, -8
409, -9
410, -8
411, -7
412, -8
413, -8
414, -5
415, -6
416, -9
417, -11
418, 0
419, -7
420, -7
421, 3
422, 0
423, 4
424, 2
425, 1
426, 0
427, 0
428, 0
429, 1
430, -4
431, 0
432, 0
433, -3
434, -3
435, -2
436, -8
437, -1
438, 0
439, 1
440, -1
441, -1
442, 0
443, -1
444, 0
445, 0
446, 0
447, 0
448, 0
449, -8
450, -6
451, -5
452, -6
453, -9
454, -7
455, -7
456, -10
457, -8
458, -9
459, -8
460, -8
461, -7
462, -5
463, -8
464, -8
465, -6
466, -9
467, -10
468, -9
469, -3
470, 0
471, -1
472, -1
473, -2
474, 0
475, 0
476, 0
477, 0
478, 2
479, 2
480, 1
481, -1
482, 0
483, -1
484, 0
485, 0
486, 1
487, 0
488, 0
489, 1
490, 2
491, 2
492, 0
493, -1
494, 0
495, 0
496, -1
497, -1
498, -1
499, -1
500, -1
501, -1
502, 0
503, 0
504, 2
505, 0
506, 0
507, 0
508, 2
509, 0
510, 1
511, 0
512, -1
513, -1
514, 1
515, 1
516, 0
517, 7
518, 0
519, 10
520, 10
521, 7
522, 6
523, 0
524, 9
525, 10
526, 8
527, 8
528, 8
529, 7
530, 8
531, 10
532, 9
533, 7
534, 8
535, 8
536, 8
537, 8
538, 9
539, 8
540, 7
541, 8
542, 9
543, 9
544, 9
545, 9
546, 6
547, 0
548, 8
549, 7
550, 0
551, 3
552, 0
553, -2
554, 0
555, 2
556, 0
557, 1
558, 3
559, 3
560, -1
561, -1
562, -1
563, 1
564, 2
565, 0
566, 0
567, 1
568, 1
569, 0
570, -2
571, 0
572, 1
573, 0
574, 2
575, 1
576, 1
577, 0
578, 0
579, -1
580, -1
581, 2
582, 1
583, 0
584, 0
585, 0
586, 8
587, 9
588, 9
589, 6
590, 8
591, 9
592, 8
593, 8
594, 8
595, 0
596, 6
597, 7
598, 0
599, 9
600, 8
601, 6
602, 9
603, 0
604, 6
605, 0
606, 0
607, 0
608, 6
609, 0
610, 9
611, 0
612, 8
613, 7
614, 8
615, 8
616, 7
617, 6
618, 0
619, 8
620, 8
621, 9
622, 11
623, 8
624, 8
625, 8
626, 0
627, 0
628, 0
629, 0
630, 8
631, 0
632, 7
633, 8
634, 9
635, 0
636, 8
637, 8
638, 8
639, 9
640, 11
641, 0
642, 6
643, 0
644, 7
645, 7
646, 8
647, 0
648, 5
649, 0
650, 9
651, 7
652, 8
653, 9
654, 8
655, 7
656, 6
657, 8
658, 8
659, 7
660, 7
661, 9
662, 8
663, 0
664, 7
665, 6
666, 0
667, 8
668, 8
669, 8
670, 8
671, 9
672, 0
673, 0
674, 0
675, 0
676, 16
677, 0
678, 9
679, 0
680, 8
681, 7
682, 10
683, 9
684, 9
685, 9
686, 8
687, 6
688, 8
689, 8
690, 8
691, 8
692, 8
693, 8
694, 10
695, 8
696, 7
697, 7
698, 9
699, 9
700, 9
701, 8
702, 7
703, 9
704, 0
705, 0
706, 16
707, 16
708, 15
709, 14
710, 8
711, 8
712, 7
713, 8
714, 7
715, 8
716, 8
717, 7
718, 9
719, 0
720, 6
721, 0
722, 7
723, 7
724, 9
725, 9
726, 8
727, 8
728, 7
729, 8
730, 8
731, 7
732, 8
733, 8
734, 8
735, 10
736, 8
737, 6
738, 5
739, 7
740, 8
741, 8
742, 5
743, 0
744, -2
745, 0
746, 1
747, 1
748, 0
749, 1
750, 3
751, 2
752, 0
753, 0
754, 15
755, 16
756, 16
757, 14
758, 0
759, 9
760, 7
761, 8
762, 6
763, 8
764, 9
765, 8
766, 7
767, 8
768, 11
769, 8
770, 8
771, 8
772, 7
773, 8
774, 9
775, 7
776, 7
777, 9
778, 8
779, 7
780, 8
781, 9
782, 0
783, 7
784, 0
785, 7
786, 8
787, 7
788, 11
789, 10
790, 0
791, 5
792, 6
793, 9
794, 7
795, 8
796, 8
797, 8
798, 0
799, 5
800, -1
801, -1
802, 0
803, 2
804, 1
805, 0
806, 4
807, 3
808, 0
809, 0
810, 7
811, 9
812, 9
813, 9
814, 0
815, 5
816, 0
817, 0
818, 0
819, 0
820, 8
821, 7
822, 7
823, 0
824, 8
825, 6
826, 0
827, 8
828, 0
829, 6
830, 0
831, 9
832, 7
833, 10
834, 9
835, 8
836, 9
837, 8
838, 0
839, 0
840, 0
841, 0
842, 9
843, 9
844, 8
845, 7
846, 3
847, 0
848, 0
849, 0
850, 0
851, 6
852, 0
853, 6
854, 0
855, 8
856, 7
857, 8
858, 9
859, 9
860, 6
861, 6
862, 8
863, 7
864, 0
865, 0
866, 15
867, 14
868, 17
869, 16
870, 5
871, 0
872, 0
873, 0
874, 7
875, 0
876, 10
877, 8
878, 0
879, 7
880, 6
881, 8
882, 9
883, 7
884, 7
885, 8
886, 0
887, 5
888, 0
889, 0
890, 0
891, 0
892, 9
893, 7
894, 0
895, 4
896, 0
897, 0
898, 7
899, 8
900, 9
901, 8
902, 8
903, 6
904, 8
905, 8
906, 7
907, 9
908, 9
909, 8
910, 9
911, 7
912, 6
913, 0
914, 8
915, 8
916, 9
917, 9
918, 0
919, 5
920, 0
921, 0
922, 0
923, 0
924, 7
925, 0
926, 2
927, 0
928, -3
929, 0
930, 2
931, 0
932, -1
933, 0
934, 2
935, 1
936, 0
937, 0
938, 17
939, 16
940, 16
941, 15
942, 0
943, 16
944, 15
945, 16
946, 17
947, 16
948, 15
949, 14
950, 7
951, 0
952, 0
953, 3
954, 3
955, 1
956, 1
957, 0
958, 1
959, 0
960, 0
961, 0
962, 16
963, 16
964, 16
965, 15
966, 7
967, 8
968, 9
969, 9
970, 9
971, 0
972, 6
973, 5
974, 4
975, 5
976, 0
977, 0
978, 8
979, 9
980, 11
981, 7
982, 8
983, 8
984, 0
985, 0
986, 15
987, 16
988, 18
989, 15
990, 6
991, 5
992, 0
993, 9
994, 9
995, 9
996, 9
997, 10
998, 8
999, 8
1000, 0
1001, 0
1002, 14
1003, 17
1004, 17
1005, 15
1006, 7
1007, 16
1008, 0
1009, 0
1010, 0
1011, 24
1012, 26
1013, 24
1014, 0
1015, 14
1016, 0
1017, 0
1018, 25
1019, 23
1020, 23
1021, 24
1022, 11
1023, 11
1024, 0
1025, 0
1026, 0
1027, 0
1028, 16
1029, 16
1030, 17
1031, 18
1032, 0
1033, 0
1034, 25
1035, 22
1036, 24
1037, 25
1038, 7
1039, 7
1040, 0
1041, 0
1042, 16
1043, 17
1044, 15
1045, 15
1046, 17
1047, 15
1048, 0
1049, 0
1050, 24
1051, 23
1052, 25
1053, 26
1054, 10
1055, 8
1056, 0
1057, 0
1058, 17
1059, 15
1060, 17
1061, 16
1062, 15
1063, 18
1064, 0
1065, 0
1066, 23
1067, 25
1068, 24
1069, 24
1070, 0
1071, 13
1072, 0
1073, 0
1074, 24
1075, 0
1076, 25
1077, 24
1078, 17
1079, 16
1080, 0
1081, 0
1082, 0
1083, 33
1084, 32
1085, 32
1086, 18
1087, 16
1088, 16
1089, 16
1090, 15
1091, 16
1092, 0
1093, 13
1094, 0
1095, 7
1096, 0
1097, 0
1098, 23
1099, 22
1100, 0
1101, 25
1102, 8
1103, 8
1104, 8
1105, 7
1106, 9
1107, 8
1108, 7
1109, 9
1110, 9
1111, 8
1112, 0
1113, 0
1114, 25
1115, 24
1116, 24
1117, 24
1118, 11
1119, 6
1120, 0
1121, 0
1122, 0
1123, 24
1124, 22
1125, 23
1126, 0
1127, 15
1128, 15
1129, 16
1130, 16
1131, 16
1132, 16
1133, 14
1134, 9
1135, 9
1136, 0
1137, 0
1138, 0
1139, 25
1140, 23
1141, 23
1142, 18
1143, 16
1144, 0
1145, 0
1146, 22
1147, 23
1148, 24
1149, 23
1150, 0
1151, 6
1152, 0
1153, 0
1154, 0
1155, 0
1156, 0
1157, 8
1158, 1
1159, -2
1160, 0
1161, 0
1162, 7
1163, 9
1164, 3
1165, 1
1166, 0
1167, 0
1168, 0
1169, 0
1170, 0
1171, 16
1172, 16
1173, 15
1174, 7
1175, 0
1176, 0
1177, 0
1178, 16
1179, 16
1180, 16
1181, 16
1182, 10
1183, 11
1184, 0
1185, 0
1186, 0
1187, 1
1188, 1
1189, -2
1190, 0
1191, 0
1192, 0
1193, 0
1194, 0
1195, 0
1196, 0
1197, 0
1198, -7
1199, -10
1200, 0
1201, 0
1202, 0
1203, 0
1204, 1
1205, 1
1206, -6
1207, -9
1208, 0
1209, 0
1210, -6
1211, -7
1212, -7
1213, -7
1214, -13
1215, -15
1216, 0
1217, 0
1218, -9
1219, -8
1220, -8
1221, -10
1222, 0
1223, -7
1224, 0
1225, 0
1226, 0
1227, 0
1228, 0
1229, 0
1230, -8
1231, -11
1232, 0
1233, 0
1234, -1
1235, 0
1236, 0
1237, 1
1238, -8
1239, -13
1240, 0
1241, 0
1242, 0
1243, 0
1244, 0
1245, -3
1246, 0
1247, -11
1248, 0
1249, 0
1250, 0
1251, 0
1252, 0
1253, 0
1254, 0
1255, -10
1256, 0
1257, 0
1258, 0
1259, 0
1260, -1
1261, 1
1262, 0
1263, -3
1264, 0
1265, 0
1266, -2
1267, -1
1268, -1
1269, -2
1270, 0
1271, 0
1272, 0
1273, 0
1274, -8
1275, -8
1276, -9
1277, -8
1278, -17
1279, 0
1280, 0
1281, 0
1282, 0
1283, -7
1284, -8
1285, -8
1286, -12
1287, -19
1288, 0
1289, 0
1290, -8
1291, -9
1292, -8
1293, -9
1294, -16
1295, -18
1296, 0
1297, 0
1298, -8
1299, -6
1300, -6
1301, -6
1302, -15
1303, -17
1304, 0
1305, 0
1306, 0
1307, -7
1308, 0
1309, -8
1310, 0
1311, -17
1312, 0
1313, -2
1314, 0
1315, 0
1316, 1
1317, 7
1318, 1
1319, -1
1320, 0
1321, 0
1322, 0
1323, 8
1324, 15
1325, 14
1326, 6
1327, 0
1328, 0
1329, 0
1330, 0
1331, 15
1332, 16
1333, 15
1334, 0
1335, 0
1336, 0
1337, 0
1338, 0
1339, 8
1340, 0
1341, 7
1342, 0
1343, 8
1344, 0
1345, 0
1346, 8
1347, 8
1348, 8
1349, 7
1350, 0
1351, 5
1352, 0
1353, 0
1354, 0
1355, 0
1356, -2
1357, -2
1358, 0
1359, 1
1360, 0
1361, 0
1362, 0
1363, -3
1364, -1
1365, -1
1366, 0
1367, 0
1368, 0
1369, 0
1370, 8
1371, 8
1372, 4
1373, 0
1374, -4
1375, 0
1376, 0
1377, 0
1378, -1
1379, -2
1380, -1
1381, 1
1382, 0
1383, 1
1384, 0
1385, 0
1386, -1
1387, 0
1388, -2
1389, 0
1390, -3
1391, 0
1392, 0
1393, 0
1394, 8
1395, 9
1396, 8
1397, 7
1398, 0
1399, 0
1400, 0
1401, 0
1402, 0
1403, -16
1404, -17
1405, -15
1406, -24
1407, -23
1408, 0
1409, 0
1410, -18
1411, -16
1412, 0
1413, -17
1414, -22
1415, -29
1416, 0
1417, 0
1418, -7
1419, -7
1420, -9
1421, -10
1422, 0
1423, 0
1424, 0
1425, 0
1426, -14
1427, -17
1428, -17
1429, -16
1430, -24
1431, -27
1432, 0
1433, 0
1434, 0
1435, 0
1436, -20
1437, 0
1438, -24
1439, -29
1440, 0
1441, 0
1442, -8
1443, -7
1444, -9
1445, -12
1446, 0
1447, 0
1448, 0
1449, 0
1450, 0
1451, -18
1452, 0
1453, -17
1454, 0
1455, -27
1456, 0
1457, 0
1458, -14
1459, -16
1460, -16
1461, -16
1462, 0
1463, -28
1464, 0
1465, -22
1466, -23
1467, -26
1468, -26
1469, -25
1470, -28
1471, 0
1472, 0
1473, 0
1474, 0
1475, -23
1476, -26
1477, -25
1478, -29
1479, 0
1480, 0
1481, 0
1482, -26
1483, -25
1484, -24
1485, -25
1486, -30
1487, 0
1488, 0
1489, 0
1490, 0
1491, -21
1492, 0
1493, -27
1494, 1
1495, -34
1496, 0
1497, 0
1498, 0
1499, -23
1500, 0
1501, -25
1502, -28
1503, -30
1504, 0
1505, 0
1506, 0
1507, 0
1508, 0
1509, -16
1510, 1
1511, -21
1512, 0
1513, 0
1514, -16
1515, 0
1516, -18
1517, -17
1518, -21
1519, 0
1520, 0
1521, 0
1522, 0
1523, -17
1524, -16
1525, -13
1526, 0
1527, -27
1528, 0
1529, 0
1530, -14
1531, -14
1532, -17
1533, -16
1534, 0
1535, 0
1536, 0
1537, 0
1538, -14
1539, -14
1540, -16
1541, -16
1542, 0
1543, -23
1544, 0
1545, 0
1546, -15
1547, -15
1548, -17
1549, -17
1550, 0
1551, -23
1552, 0
1553, 0
1554, 0
1555, -15
1556, -15
1557, -15
1558, 0
1559, -18
1560, 0
1561, 0
1562, -10
1563, -9
1564, -8
1565, -9
1566, 0
1567, -15
1568, 0
1569, 0
1570, 0
1571, 0
1572, 0
1573, 0
1574, 0
1575, -12
1576, 0
1577, 0
1578, -7
1579, -7
1580, -8
1581, -7
1582, 0
1583, 0
1584, 0
1585, 0
1586, 1
1587, 2
1588, 1
1589, 1
1590, 0
1591, -2
1592, 0
1593, 0
1594, 0
1595, -10
1596, 0
1597, -1
1598, 0
1599, -2
1600, 0
1601, 0
1602, 0
1603, 0
1604, 15
1605, 0
1606, 0
1607, 0
1608, 0
1609, 0
1610, 0
1611, -7
1612, -8
1613, -8
1614, 1
1615, -15
1616, 0
1617, 0
1618, -7
1619, -8
1620, -7
1621, -9
1622, 0
1623, -16
1624, 0
1625, 0
1626, -9
1627, -7
1628, -7
1629, -11
1630, 0
1631, -10
1632, 0
1633, 0
1634, -17
1635, -22
1636, -23
1637, -17
1638, -24
1639, -26
1640, 0
1641, 0
1642, -24
1643, -22
1644, 0
1645, -27
1646, 0
1647, -29
1648, 0
1649, 0
1650, 1
1651, -1
1652, 0
1653, 1
1654, 0
1655, -14
1656, 0
1657, 0
1658, 0
1659, 0
1660, -2
1661, 0
1662, 0
1663, -7
1664, 0
1665, 0
1666, -8
1667, -7
1668, -8
1669, -7
1670, -7
1671, -16
1672, 0
1673, -1
1674, 0
1675, 0
1676, 1
1677, 0
1678, -7
1679, -9
1680, 0
1681, 0
1682, -7
1683, -6
1684, -8
1685, -9
1686, 0
1687, -16
1688, 0
1689, 0
1690, 0
1691, 0
1692, 0
1693, 1
1694, -1
1695, -8
1696, 0
1697, 0
1698, 1
1699, 0
1700, 0
1701, -1
1702, 0
1703, -13
1704, 0
1705, 0
1706, 0
1707, -1
1708, -1
1709, -1
1710, 0
1711, 1
1712, 0
1713, 0
1714, -6
1715, -6
1716, -8
1717, -7
1718, -12
1719, 0
1720, 0
1721, 0
1722, -9
1723, -9
1724, -10
1725, -9
1726, 0
1727, -11
1728, 0
1729, 0
1730, -8
1731, -8
1732, -8
1733, -9
1734, 0
1735, -10
1736, 0
1737, 0
1738, 0
1739, 10
1740, 10
1741, 9
1742, 0
1743, -3
1744, 0
1745, 0
1746, -1
1747, 1
1748, 1
1749, 0
1750, -3
1751, -5
1752, 0
1753, 0
1754, 0
1755, -1
1756, -1
1757, -1
1758, 0
1759, -9
1760, 0
1761, 0
1762, 0
1763, 1
1764, -1
1765, -1
1766, 1
1767, 1
1768, 0
1769, 0
1770, 0
1771, -2
1772, 0
1773, 0
1774, -3
1775, 0
1776, 0
1777, 0
1778, 0
1779, 0
1780, -1
1781, -1
1782, 0
1783, -12
1784, 0
1785, 0
1786, -19
1787, 0
1788, -16
1789, -15
1790, -16
1791, -16
1792, 0
1793, -8
1794, 0
1795, -9
1796, 0
1797, -8
1798, 0
1799, 0
1800, -10
1801, -14
1802, 0
1803, -17
1804, 0
1805, -15
1806, -16
1807, -21
1808, 0
1809, 0
1810, -9
1811, -8
1812, -8
1813, -6
1814, -6
1815, -9
1816, 0
1817, 0
1818, -7
1819, -7
1820, -8
1821, -8
1822, 0
1823, -20
1824, -20
1825, 0
1826, -17
1827, -15
1828, -16
1829, -15
1830, -15
1831, -15
1832, 0
1833, 0
1834, -9
1835, -8
1836, -8
1837, -5
1838, -7
1839, 0
1840, -11
1841, 0
1842, -9
1843, -8
1844, -6
1845, -6
1846, -7
1847, -10
1848, 0
1849, 0
1850, 0
1851, 0
1852, 0
1853, 0
1854, 0
1855, 0
1856, 0
1857, 0
1858, 0
1859, 0
1860, 0
1861, 0
1862, 0
1863, 0
1864, 0
1865, 0
1866, -10
1867, 0
1868, -8
1869, -9
1870, -8
1871, -9
1872, 0
1873, 0
1874, 0
1875, -8
1876, -1
1877, -1
1878, 0
1879, -3
1880, -32
1881, 0
1882, -35
1883, 0
1884, 0
1885, -31
1886, -30
1887, -31
1888, 0
1889, 0
1890, 0
1891, -24
1892, -23
1893, -10
1894, 0
1895, 0
1896, 0
1897, 0
1898, 0
1899, -23
1900, -25
1901, -24
1902, 0
1903, -21
1904, 0
1905, 0
1906, 0
1907, 0
1908, -7
1909, -7
1910, -6
1911, 0
1912, 0
1913, 0
1914, -30
1915, -28
1916, -30
1917, -31
1918, -29
1919, -29
1920, 0
1921, 0
1922, -17
1923, -16
1924, -17
1925, -15
1926, -16
1927, -24
1928, -40
1929, -40
1930, -39
1931, -39
1932, -41
1933, -42
1934, -41
1935, -40
1936, 0
1937, 0
1938, -38
1939, -37
1940, -40
1941, -40
1942, -39
1943, -40
1944, 0
1945, 0
1946, -32
1947, 0
1948, -34
1949, 0
1950, -27
1951, -26
1952, 0
1953, 0
1954, 0
1955, -24
1956, -25
1957, -24
1958, -25
1959, 0
1960, -35
1961, -33
1962, -32
1963, -32
1964, -32
1965, -32
1966, -32
1967, -36
1968, 0
1969, 0
1970, -33
1971, 0
1972, -33
1973, -34
1974, -34
1975, -42
1976, 0
1977, 0
1978, -32
1979, -32
1980, -30
1981, -31
1982, -33
1983, -34
1984, 0
1985, 0
1986, -32
1987, -31
1988, 0
1989, -33
1990, 0
1991, 0
1992, -43
1993, 0
1994, -38
1995, -39
1996, -39
1997, -38
1998, -40
1999, -40
2000, 0
2001, 0
2002, 0
2003, -23
2004, -25
2005, -26
2006, -27
2007, -36
2008, -38
2009, -38
2010, -40
2011, -40
2012, -40
2013, -40
2014, -38
2015, -38
2016, 0
2017, 0
2018, -23
2019, -23
2020, -25
2021, -25
2022, 0
2023, 0
2024, -40
2025, -43
2026, -42
2027, 0
2028, -40
2029, -39
2030, -38
2031, -37
2032, -40
2033, -40
2034, -40
2035, -40
2036, -41
2037, -40
2038, -33
2039, -32
2040, 0
2041, 0
2042, -18
2043, -17
2044, -15
2045, -16
2046, -18
2047, -24
2048, -34
2049, -33
2050, -33
2051, -34
2052, 0
2053, -31
2054, -32
2055, -32
2056, 0
2057, 0
2058, -17
2059, -16
2060, -17
2061, -18
2062, -16
2063, -19
2064, -22
2065, -26
2066, -24
2067, -24
2068, -24
2069, -24
2070, -24
2071, -26
2072, 0
2073, 0
2074, -24
2075, -23
2076, -23
2077, -22
2078, -22
2079, 0
2080, 0
2081, 0
2082, 0
2083, -17
2084, 0
2085, -16
2086, -18
2087, -26
2088, -27
2089, -32
2090, 0
2091, -34
2092, 0
2093, -31
2094, -32
2095, -32
2096, 0
2097, 0
2098, 0
2099, -18
2100, -16
2101, -16
2102, -18
2103, -23
2104, -32
2105, -33
2106, -31
2107, -32
2108, -32
2109, -31
2110, -32
2111, -31
2112, -31
2113, -30
2114, -31
2115, -30
2116, -29
2117, -31
2118, -31
2119, -31
2120, 0
2121, 0
2122, 0
2123, -16
2124, -16
2125, -17
2126, -18
2127, -22
2128, -29
2129, -32
2130, -34
2131, -32
2132, -31
2133, -32
2134, -31
2135, -31
2136, 0
2137, 0
2138, -23
2139, -24
2140, -24
2141, -23
2142, 0
2143, -25
2144, 0
2145, 0
2146, -24
2147, 0
2148, -25
2149, 0
2150, -24
2151, -29
2152, -31
2153, -32
2154, -32
2155, -31
2156, -32
2157, -28
2158, -24
2159, -24
2160, 0
2161, 0
2162, 0
2163, -6
2164, -7
2165, -9
2166, 0
2167, -6
2168, -9
2169, -9
2170, -9
2171, -9
2172, -8
2173, -8
2174, -10
2175, -14
2176, -25
2177, -25
2178, -24
2179, -23
2180, -23
2181, -22
2182, -23
2183, -21
2184, 0
2185, 0
2186, -16
2187, -16
2188, -15
2189, -17
2190, -18
2191, -23
2192, 0
2193, 0
2194, -31
2195, -30
2196, -32
2197, -32
2198, -31
2199, -33
2200, -33
2201, -30
2202, -30
2203, -31
2204, -30
2205, -31
2206, -29
2207, 0
2208, 0
2209, 0
2210, -21
2211, -23
2212, -23
2213, -23
2214, -25
2215, -25
2216, 0
2217, 0
2218, -41
2219, -38
2220, -39
2221, -41
2222, -41
2223, -43
2224, 0
2225, -48
2226, -50
2227, -49
2228, -49
2229, -47
2230, -48
2231, 0
2232, 0
2233, 0
2234, 0
2235, -42
2236, -41
2237, -39
2238, -40
2239, 0
2240, 0
2241, 0
2242, -40
2243, -39
2244, -37
2245, -38
2246, -34
2247, -32
2248, -33
2249, -32
2250, 0
2251, -34
2252, -32
2253, -33
2254, -33
2255, -32
2256, 0
2257, 0
2258, -24
2259, -25
2260, -24
2261, -24
2262, -24
2263, -30
2264, -33
2265, -32
2266, -33
2267, -32
2268, -31
2269, -27
2270, -24
2271, -23
2272, 0
2273, 0
2274, -15
2275, -15
2276, -16
2277, 0
2278, 0
2279, -19
2280, 0
2281, 0
2282, 0
2283, 0
2284, -15
2285, -17
2286, -17
2287, -16
2288, -15
2289, -23
2290, -23
2291, -22
2292, 0
2293, -26
2294, 0
2295, -25
2296, 0
2297, -26
2298, -25
2299, -24
2300, 0
2301, -25
2302, 0
2303, -28
2304, -32
2305, 0
2306, -33
2307, 0
2308, -29
2309, -32
2310, -33
2311, -33
2312, 0
2313, 0
2314, 0
2315, -22
2316, -24
2317, -25
2318, -26
2319, -27
2320, -31
2321, -31
2322, -32
2323, -32
2324, -34
2325, -33
2326, -33
2327, -35
2328, 0
2329, -30
2330, -31
2331, -32
2332, -33
2333, -33
2334, -29
2335, -30
2336, -33
2337, 0
2338, 0
2339, -35
2340, 0
2341, -30
2342, -31
2343, -33
2344, 0
2345, 0
2346, 0
2347, -24
2348, -24
2349, -24
2350, -25
2351, -25
2352, -24
2353, -22
2354, -23
2355, -24
2356, -23
2357, -24
2358, -26
2359, -35
2360, -38
2361, -38
2362, -40
2363, -38
2364, -37
2365, -37
2366, -37
2367, -38
2368, 0
2369, 0
2370, -31
2371, -32
2372, -30
2373, -32
2374, -33
2375, -33
2376, -33
2377, -32
2378, -33
2379, -31
2380, -32
2381, -31
2382, -31
2383, -34
2384, 0
2385, 0
2386, -32
2387, -32
2388, -31
2389, -33
2390, -34
2391, -38
2392, -38
2393, 0
2394, -42
2395, 0
2396, -38
2397, -38
2398, -40
2399, -41
2400, 0
2401, 0
2402, 0
2403, -31
2404, -30
2405, -31
2406, -31
2407, -33
2408, 0
2409, -33
2410, 0
2411, -32
2412, -31
2413, -30
2414, -31
2415, 0
2416, 0
2417, 0
2418, -33
2419, -32
2420, -31
2421, -32
2422, -31
2423, -31
2424, -32
2425, -32
2426, -31
2427, 0
2428, -32
2429, 0
2430, -31
2431, -31
2432, -31
2433, -32
2434, -32
2435, -30
2436, -31
2437, -32
2438, -32
2439, -37
2440, -39
2441, -39
2442, -38
2443, -39
2444, -39
2445, -39
2446, -39
2447, -39
2448, 0
2449, 0
2450, -24
2451, -23
2452, -24
2453, -25
2454, -27
2455, -31
2456, -32
2457, -31
2458, -32
2459, -33
2460, 0
2461, -33
2462, 0
2463, -32
2464, -32
2465, -30
2466, 0
2467, -31
2468, 0
2469, -33
2470, -34
2471, -33
2472, -34
2473, -38
2474, -40
2475, -40
2476, -39
2477, -39
2478, -38
2479, 0
2480, -43
2481, 0
2482, -40
2483, -42
2484, -39
2485, -39
2486, -40
2487, -39
2488, 0
2489, 0
2490, -31
2491, -31
2492, -32
2493, -32
2494, -32
2495, -35
2496, 0
2497, 0
2498, -32
2499, -31
2500, -32
2501, -33
2502, -32
2503, 0
2504, -33
2505, 0
2506, -32
2507, -34
2508, -32
2509, -31
2510, -31
2511, -32
2512, -32
2513, -31
2514, -32
2515, -33
2516, -31
2517, -31
2518, -32
2519, -33
2520, -34
2521, -34
2522, -33
2523, -32
2524, -31
2525, -33
2526, -32
2527, -33
2528, -35
2529, -39
2530, 0
2531, -41
2532, 0
2533, -39
2534, -40
2535, -40
2536, -40
2537, -40
2538, -40
2539, -40
2540, -40
2541, -39
2542, -37
2543, -37
2544, 0
2545, 0
2546, -31
2547, -30
2548, -33
2549, -32
2550, -34
2551, -36
2552, 0
2553, 0
2554, 0
2555, -31
2556, -30
2557, -30
2558, -32
2559, -34
2560, -32
2561, -31
2562, -31
2563, -32
2564, -31
2565, -31
2566, -32
2567, -30
2568, -28
2569, 0
2570, -32
2571, 0
2572, 0
2573, -33
2574, -33
2575, -30
2576, -28
2577, 0
2578, -33
2579, -33
2580, 0
2581, -31
2582, -32
2583, -32
2584, -31
2585, -31
2586, -32
2587, -30
2588, -32
2589, 0
2590, -32
2591, -33
2592, -30
2593, -32
2594, -32
2595, -31
2596, -32
2597, -31
2598, -31
2599, -32
2600, -32
2601, -32
2602, -31
2603, -32
2604, -32
2605, -32
2606, -34
2607, -36
2608, -40
2609, -38
2610, -38
2611, -37
2612, -40
2613, -40
2614, -40
2615, -41
2616, -41
2617, -41
2618, -40
2619, -40
2620, -41
2621, -40
2622, -39
2623, -39
2624, 0
2625, 0
2626, -32
2627, -32
2628, -32
2629, -33
2630, -32
2631, -35
2632, 0
2633, 0
2634, 0
2635, -38
2636, -42
2637, -39
2638, 0
2639, 0
2640, 0
2641, 0
2642, -38
2643, -40
2644, -42
2645, -40
2646, -38
2647, -39
2648, -40
2649, -38
2650, -40
2651, -39
2652, -39
2653, -41
2654, -41
2655, -42
2656, -41
2657, -40
2658, 0
2659, -41
2660, -39
2661, -40
2662, -42
2663, -41
2664, -40
2665, -40
2666, -40
2667, -40
2668, -41
2669, -40
2670, -41
2671, -48
2672, -49
2673, -48
2674, -48
2675, -48
2676, -47
2677, -46
2678, -47
2679, -46
2680, -49
2681, -48
2682, -49
2683, -50
2684, -47
2685, -48
2686, -48
2687, -47
2688, -48
2689, -47
2690, -47
2691, -47
2692, -48
2693, -49
2694, -47
2695, -47
2696, 0
2697, -52
2698, 0
2699, -49
2700, -48
2701, -48
2702, -51
2703, -52
2704, -58
2705, -57
2706, -55
2707, -55
2708, 0
2709, -58
2710, 0
2711, 0
2712, -57
2713, -55
2714, 0
2715, -58
2716, -56
2717, -56
2718, -55
2719, -55
2720, -57
2721, -56
2722, -55
2723, -56
2724, -54
2725, -55
2726, -56
2727, -57
2728, -57
2729, -57
2730, -58
2731, 0
2732, -55
2733, -56
2734, -55
2735, -55
2736, -55
2737, -55
2738, -54
2739, -55
2740, -56
2741, -55
2742, -54
2743, -53
2744, -56
2745, -56
2746, -55
2747, -57
2748, -56
2749, -55
2750, -55
2751, -56
2752, -56
2753, -54
2754, -57
2755, -58
2756, -55
2757, -55
2758, -55
2759, -55
2760, 0
2761, 0
2762, -48
2763, 0
2764, -50
2765, -49
2766, -47
2767, -47
2768, -49
2769, -48
2770, -48
2771, -49
2772, -47
2773, -48
2774, -49
2775, -47
2776, 0
2777, -50
2778, 0
2779, -46
2780, -49
2781, -48
2782, -47
2783, 0
2784, -51
2785, 0
2786, -48
2787, -48
2788, -49
2789, -47
2790, -47
2791, -47
2792, 0
2793, -50
2794, 0
2795, 0
2796, -49
2797, 0
2798, -48
2799, -49
2800, -49
2801, -49
2802, -47
2803, -46
2804, -49
2805, -48
2806, -47
2807, -48
2808, 0
2809, -50
2810, -49
2811, -49
2812, -48
2813, -47
2814, -46
2815, -46
2816, -47
2817, -48
2818, -49
2819, -48
2820, -48
2821, -48
2822, -50
2823, -57
2824, -55
2825, -56
2826, -56
2827, -55
2828, -57
2829, -56
2830, -54
2831, -56
2832, -57
2833, -57
2834, -58
2835, -57
2836, -57
2837, -56
2838, -55
2839, -55
2840, -55
2841, -56
2842, -57
2843, -56
2844, -56
2845, -50
2846, -50
2847, -49
2848, -48
2849, -48
2850, -47
2851, -46
2852, -48
2853, -48
2854, -47
2855, -48
2856, -48
2857, -48
2858, -49
2859, -50
2860, -49
2861, -47
2862, -46
2863, -46
2864, -47
2865, -48
2866, -48
2867, 0
2868, -50
2869, -49
2870, -48
2871, -49
2872, -50
2873, 0
2874, -45
2875, -46
2876, -47
2877, -46
2878, -47
2879, -49
2880, -48
2881, -47
2882, -47
2883, -48
2884, -48
2885, -47
2886, -46
2887, -47
2888, -46
2889, -48
2890, -49
2891, -48
2892, -48
2893, -47
2894, -47
2895, -48
2896, -48
2897, -47
2898, -48
2899, -48
2900, -49
2901, -48
2902, -46
2903, -45
2904, -47
2905, -49
2906, -50
2907, -48
2908, -46
2909, -46
2910, -46
2911, -46
2912, -46
2913, -47
2914, -47
2915, -48
2916, -48
2917, -47
2918, -48
2919, -48
2920, -47
2921, -48
2922, -47
2923, -47
2924, -49
2925, -49
2926, -49
2927, 0
2928, -47
2929, -47
2930, -49
2931, -44
2932, -42
2933, -43
2934, -41
2935, -40
2936, -40
2937, 0
2938, -42
2939, 0
2940, -40
2941, -34
2942, -31
2943, 0
2944, -34
2945, -34
2946, 0
2947, -30
2948, -31
2949, -30
2950, -32
2951, -33
2952, -32
2953, -30
2954, -31
2955, -33
2956, -32
2957, -32
2958, -30
2959, -31
2960, -33
2961, -31
2962, -33
2963, -33
2964, -31
2965, -33
2966, -33
2967, 0
2968, 0
2969, -40
2970, -40
2971, -40
2972, -41
2973, -40
2974, -33
2975, 0
2976, -33
2977, -33
2978, -32
2979, -30
2980, -30
2981, -32
2982, -31
2983, -31
2984, -30
2985, -30
2986, -32
2987, -31
2988, -31
2989, -31
2990, -29
2991, 0
2992, -31
2993, -30
2994, 0
2995, -29
2996, -30
2997, 0
2998, -34
2999, 0
3000, 0
3001, -40
3002, -40
3003, -38
3004, -41
3005, -40
3006, -37
3007, -37
3008, -40
3009, -40
3010, 0
3011, -42
3012, 0
3013, -42
3014, 0
3015, -39
3016, -42
3017, -41
3018, -40
3019, -39
3020, -34
3021, -32
3022, -31
3023, -32
3024, -32
3025, -32
3026, 0
3027, -31
3028, 0
3029, -33
3030, -31
3031, -31
3032, -34
3033, -34
3034, -34
3035, -32
3036, -31
3037, -32
3038, 0
3039, -33
3040, 0
3041, -33
3042, 0
3043, -32
3044, -32
3045, -24
3046, -23
3047, 0
3048, 0
3049, -34
3050, -34
3051, -34
3052, 0
3053, -31
3054, -32
3055, -32
3056, -32
3057, -32
3058, -32
3059, -31
3060, -32
3061, 0
3062, 0
3063, 0
3064, 0
3065, -40
3066, -39
3067, -40
3068, -41
3069, -38
3070, -39
3071, -39
3072, -41
3073, -41
3074, -40
3075, -36
3076, -34
3077, 0
3078, -34
3079, 0
3080, 0
3081, -36
3082, 0
3083, -30
3084, -31
3085, -31
3086, -31
3087, -32
3088, -32
3089, -32
3090, -33
3091, 0
3092, -33
3093, -32
3094, -31
3095, -30
3096, -32
3097, -33
3098, -33
3099, -31
3100, -33
3101, -32
3102, -29
3103, -30
3104, -32
3105, -33
3106, -33
3107, -33
3108, -31
3109, -29
3110, -24
3111, -24
3112, -25
3113, -24
3114, -23
3115, -23
3116, -23
3117, -24
3118, -17
3119, 0
3120, 0
3121, -32
3122, -32
3123, -31
3124, -32
3125, -31
3126, -30
3127, 0
3128, -34
3129, 0
3130, -32
3131, -33
3132, -33
3133, -33
3134, 0
3135, -32
3136, -32
3137, -33
3138, -31
3139, -32
3140, -33
3141, -32
3142, -30
3143, -33
3144, -32
3145, -32
3146, -34
3147, -31
3148, -31
3149, -29
3150, -25
3151, -24
3152, -25
3153, -23
3154, -23
3155, -23
3156, -25
3157, -24
3158, -22
3159, 0
3160, 0
3161, -32
3162, 0
3163, -33
3164, -33
3165, -31
3166, -30
3167, 0
3168, 0
3169, -41
3170, -41
3171, -40
3172, -39
3173, -38
3174, -34
3175, -33
3176, -34
3177, 0
3178, 0
3179, 0
3180, -32
3181, -34
3182, -32
3183, 0
3184, -33
3185, 0
3186, -32
3187, -31
3188, -32
3189, -32
3190, -31
3191, -31
3192, -30
3193, -29
3194, -30
3195, -33
3196, -26
3197, -23
3198, -22
3199, -23
3200, -23
3201, -23
3202, -23
3203, 0
3204, -25
3205, 0
3206, 0
3207, 0
3208, 0
3209, -33
3210, -32
3211, -33
3212, -32
3213, -32
3214, -30
3215, 0
3216, -32
3217, -32
3218, 0
3219, -32
3220, -34
3221, -33
3222, -32
3223, -30
3224, -31
3225, -31
3226, -32
3227, -32
3228, -32
3229, -30
3230, -29
3231, -30
3232, -30
3233, -32
3234, -33
3235, -31
3236, -32
3237, -31
3238, -23
3239, 0
3240, 0
3241, -33
3242, -33
3243, -32
3244, -30
3245, -30
3246, -25
3247, 0
3248, 0
3249, -27
3250, -28
3251, -32
3252, -31
3253, -31
3254, -33
3255, -31
3256, -33
3257, -31
3258, -30
3259, -30
3260, -30
3261, -30
3262, -30
3263, -31
3264, -32
3265, -32
3266, -32
3267, -31
3268, -32
3269, -28
3270, -25
3271, -24
3272, -23
3273, 0
3274, -26
3275, -26
3276, -24
3277, -17
3278, 0
3279, 0
3280, 0
3281, -32
3282, -32
3283, -30
3284, -33
3285, -32
3286, -31
3287, -32
3288, -32
3289, -33
3290, -33
3291, -33
3292, -31
3293, -33
3294, -33
3295, 0
3296, -34
3297, 0
3298, -31
3299, -32
3300, -29
3301, -24
3302, -19
3303, -18
3304, -16
3305, -16
3306, -16
3307, -15
3308, 0
3309, -17
3310, 0
3311, 0
3312, 0
3313, -31
3314, -30
3315, -31
3316, -31
3317, -32
3318, -32
3319, -33
3320, -32
3321, -33
3322, -33
3323, -31
3324, -33
3325, -26
3326, -24
3327, -24
3328, -25
3329, -25
3330, -24
3331, -25
3332, -23
3333, -19
3334, -18
3335, 0
3336, 0
3337, -23
3338, -24
3339, -24
3340, -24
3341, -23
3342, -24
3343, 0
3344, 0
3345, -31
3346, -32
3347, -32
3348, -32
3349, -33
3350, -34
3351, 0
3352, -31
3353, 0
3354, 0
3355, 0
3356, -28
3357, 0
3358, -17
3359, -17
3360, -15
3361, -16
3362, -16
3363, -15
3364, -14
3365, -13
3366, -14
3367, 0
3368, 0
3369, -31
3370, -32
3371, -33
3372, -32
3373, -31
3374, -31
3375, -31
3376, -32
3377, -31
3378, -30
3379, -31
3380, -33
3381, -23
3382, 0
3383, -16
3384, -16
3385, -17
3386, -17
3387, 0
3388, -15
3389, -17
3390, -16
3391, 0
3392, 0
3393, -23
3394, -25
3395, -24
3396, -24
3397, -23
3398, -22
3399, 0
3400, 0
3401, -32
3402, -31
3403, -32
3404, 0
3405, -26
3406, 0
3407, -17
3408, -18
3409, -18
3410, -16
3411, -17
3412, -18
3413, 0
3414, -16
3415, 0
3416, 0
3417, -33
3418, -32
3419, -31
3420, -30
3421, -32
3422, -32
3423, -33
3424, -32
3425, -30
3426, -31
3427, -18
3428, -17
3429, -12
3430, -11
3431, -9
3432, -8
3433, -8
3434, -9
3435, -8
3436, -8
3437, 0
3438, 0
3439, 0
3440, 0
3441, -15
3442, -16
3443, -16
3444, -15
3445, -16
3446, -9
3447, -10
3448, -9
3449, -7
3450, -9
3451, -8
3452, -7
3453, -9
3454, -7
3455, -9
3456, -9
3457, -8
3458, -8
3459, -8
3460, -8
3461, -3
3462, -9
3463, 0
3464, 0
3465, -16
3466, -17
3467, -15
3468, -15
3469, -16
3470, -18
3471, -23
3472, -23
3473, -21
3474, 0
3475, -25
3476, 0
3477, -17
3478, -19
3479, 0
3480, 0
3481, -22
3482, -21
3483, 0
3484, -26
3485, -11
3486, -8
3487, 0
3488, 0
3489, -14
3490, -15
3491, -16
3492, -12
3493, -13
3494, -10
3495, -7
3496, -9
3497, -8
3498, -7
3499, -6
3500, -6
3501, -8
3502, -8
3503, 0
3504, 0
3505, -15
3506, -14
3507, -17
3508, -13
3509, -11
3510, -8
3511, 0
3512, 0
3513, -16
3514, -15
3515, -16
3516, -16
3517, -7
3518, -6
3519, 0
3520, -11
3521, 0
3522, -7
3523, -7
3524, -9
3525, 0
3526, 0
3527, 0
3528, 0
3529, -15
3530, -16
3531, -15
3532, -9
3533, -11
3534, -10
3535, 0
3536, -9
3537, 0
3538, -8
3539, -8
3540, -9
3541, -8
3542, -6
3543, -7
3544, -8
3545, -8
3546, -8
3547, -8
3548, -8
3549, -3
3550, 0
3551, 0
3552, 0
3553, -15
3554, -14
3555, -14
3556, -14
3557, -12
3558, -8
3559, -7
3560, -7
3561, -9
3562, -9
3563, -9
3564, -7
3565, -2
3566, 0
3567, 0
3568, 0
3569, -7
3570, 0
3571, -10
3572, -8
3573, -6
3574, 0
3575, 0
3576, 0
3577, -8
3578, -8
3579, -7
3580, -7
3581, -4
3582, 0
3583, 0
3584, 0
3585, 0
3586, 0
3587, 1
3588, -1
3589, 0
3590, 0
3591, 0
3592, 0
3593, -8
3594, -7
3595, -8
3596, -9
3597, -11
3598, -8
3599, -9
3600, -9
3601, -8
3602, -8
3603, -7
3604, -7
3605, -6
3606, 0
3607, 0
3608, 0
3609, -15
3610, -15
3611, -15
3612, 0
3613, -15
3614, -10
3615, 0
3616, -8
3617, -7
3618, -7
3619, -5
3620, -7
3621, -7
3622, 0
3623, 0
3624, 0
3625, -8
3626, -7
3627, -8
3628, -9
3629, -1
3630, 0
3631, 0
3632, 0
3633, -8
3634, 0
3635, -10
3636, 0
3637, -2
3638, -6
3639, 0
3640, 0
3641, -8
3642, -7
3643, -7
3644, -7
3645, -3
3646, 0
3647, 1
3648, 0
3649, 0
3650, -10
3651, 0
3652, -1
3653, 0
3654, -3
3655, -1
3656, 0
3657, -2
3658, 0
3659, 0
3660, 6
3661, 0
3662, 5
3663, 0
3664, 0
3665, -8
3666, -7
3667, -8
3668, -8
3669, 0
3670, 0
3671, 1
3672, -1
3673, 0
3674, -1
3675, -2
3676, 0
3677, 0
3678, 5
3679, 0
3680, 0
3681, -6
3682, -7
3683, -9
3684, 0
3685, 0
3686, -1
3687, 1
3688, -1
3689, 0
3690, 0
3691, 0
3692, 4
3693, 0
3694, 9
3695, 0
3696, 0
3697, -8
3698, -9
3699, -9
3700, -9
3701, -4
3702, 0
3703, 0
3704, -1
3705, 0
3706, 5
3707, 6
3708, 5
3709, 8
3710, 0
3711, 0
3712, 0
3713, -8
3714, -8
3715, -7
3716, -7
3717, -3
3718, 0
3719, 0
3720, 1
3721, 0
3722, 0
3723, 0
3724, 1
3725, 4
3726, 0
3727, 0
3728, 0
3729, -6
3730, -8
3731, -9
3732, -8
3733, -3
3734, 0
3735, 1
3736, 0
3737, 0
3738, -1
3739, 2
3740, 1
3741, 2
3742, 0
3743, 0
3744, 0
3745, -8
3746, -8
3747, -9
3748, -9
3749, -3
3750, 0
3751, 3
3752, 2
3753, 4
3754, 0
3755, -1
3756, 0
3757, 6
3758, 0
3759, 0
3760, 0
3761, -1
3762, 2
3763, 2
3764, -1
3765, 0
3766, 2
3767, 0
3768, 0
3769, 0
3770, 3
3771, 1
3772, -1
3773, 0
3774, 0
3775, 0
3776, 0
3777, 2
3778, 1
3779, 0
3780, 0
3781, 0
3782, 1
3783, 0
3784, 0
3785, 0
3786, 1
3787, -1
3788, 0
3789, 3
3790, 2
3791, 3
3792, 1
3793, 0
3794, 0
3795, -1
3796, 1
3797, 8
3798, 0
3799, 0
3800, 0
3801, 0
3802, -1
3803, -2
3804, -2
3805, 4
3806, 3
3807, 0
3808, 0
3809, -2
3810, 0
3811, 3
3812, 3
3813, 0
3814, 7
3815, 0
3816, 0
3817, 0
3818, 3
3819, 0
3820, 0
3821, 0
3822, 0
3823, 0
3824, 0
3825, -6
3826, -8
3827, -9
3828, -8
3829, 0
3830, -3
3831, 0
3832, 0
3833, 1
3834, 1
3835, 1
3836, 0
3837, 0
3838, 0
3839, 0
3840, 0
3841, -1
3842, 0
3843, 0
3844, 1
3845, 0
3846, 0
3847, 7
3848, 0
3849, 7
3850, 0
3851, 7
3852, 10
3853, 0
3854, 0
3855, 0
3856, 0
3857, 1
3858, 0
3859, -1
3860, 1
3861, 0
3862, 7
3863, 0
3864, 0
3865, 0
3866, 1
3867, -1
3868, 0
3869, 2
3870, 0
3871, 0
3872, 6
3873, 0
3874, 8
3875, 9
3876, 7
3877, 7
3878, 0
3879, 0
3880, 0
3881, 0
3882, 1
3883, 0
3884, 1
3885, 0
3886, 4
3887, 0
3888, 0
3889, 9
3890, 9
3891, 8
3892, 0
3893, 7
3894, 0
3895, 0
3896, 0
3897, 0
3898, 1
3899, -1
3900, 0
3901, 6
3902, 0
3903, 0
3904, 0
3905, -1
3906, 0
3907, 1
3908, 0
3909, 0
3910, 0
3911, 0
3912, 0
3913, 8
3914, 8
3915, 6
3916, 8
3917, 0
3918, 0
3919, 0
3920, 0
3921, 7
3922, 8
3923, 7
3924, 9
3925, 9
3926, 0
3927, 0
3928, 0
3929, 0
3930, 0
3931, -1
3932, 0
3933, 0
3934, 0
3935, 0
3936, 0
3937, 8
3938, 8
3939, 0
3940, 7
3941, 10
3942, 9
3943, 0
3944, 0
3945, 10
3946, 11
3947, 6
3948, 8
3949, 9
3950, 9
3951, 0
3952, 0
3953, 2
3954, 0
3955, 0
3956, -2
3957, 0
3958, 0
3959, 0
3960, 0
3961, -1
3962, -1
3963, -1
3964, 0
3965, 6
3966, 0
3967, 16
3968, 16
3969, 15
3970, 14
3971, 15
3972, 16
3973, 0
3974, 0
3975, 0
3976, 0
3977, 6
3978, 5
3979, 7
3980, 9
3981, 7
3982, 0
3983, 0
3984, 0
3985, -2
3986, 1
3987, 0
3988, 1
3989, 0
3990, 6
3991, 15
3992, 0
3993, 0
3994, 0
3995, -1
3996, 0
3997, 3
3998, 0
3999, 15
4000, 16
4001, 15
4002, 16
4003, 14
4004, 15
4005, 17
4006, 17
4007, 0
4008, 0
4009, 16
4010, 16
4011, 16
4012, 16
4013, 17
4014, 18
4015, 0
4016, 0
4017, 9
4018, 8
4019, 8
4020, 9
4021, 8
4022, 8
4023, 0
4024, 0
4025, 8
4026, 8
4027, 8
4028, 7
4029, 8
4030, 10
4031, 0
4032, 12
4033, 14
4034, 0
4035, 16
4036, 16
4037, 16
4038, 16
4039, 0
4040, 0
4041, 16
4042, 17
4043, 17
4044, 16
4045, 16
4046, 20
4047, 0
4048, 0
4049, 16
4050, 15
4051, 16
4052, 16
4053, 16
4054, 19
4055, 0
4056, 0
4057, 8
4058, 0
4059, 5
4060, 0
4061, 12
4062, 11
4063, 0
4064, 0
4065, 8
4066, 8
4067, 10
4068, 8
4069, 10
4070, 12
4071, 0
4072, 0
4073, 15
4074, 14
4075, 15
4076, 17
4077, 16
4078, 14
4079, 0
4080, 0
4081, 15
4082, 17
4083, 15
4084, 15
4085, 16
4086, 16
4087, 0
4088, 0
4089, 6
4090, 7
4091, 7
4092, 7
4093, 0
4094, 11
4095, 0
4096, 0
4097, 8
4098, 0
4099, 7
4100, 0
4101, 0
4102, 9
4103, 0
4104, 0
4105, 8
4106, 8
4107, 6
4108, 6
4109, 9
4110, 0
4111, 0
4112, 0
4113, 8
4114, 8
4115, 0
4116, 7
4117, 6
4118, 9
4119, 0
4120, 0
4121, 9
4122, 0
4123, 6
4124, 0
4125, 9
4126, 10
4127, 0
4128, 0
4129, 10
4130, 8
4131, 8
4132, 7
4133, 6
4134, 12
4135, 0
4136, 0
4137, 15
4138, 15
4139, 14
4140, 15
4141, 0
4142, 0
4143, 0
4144, 0
4145, 16
4146, 17
4147, 15
4148, 16
4149, 17
4150, 19
4151, 0
4152, 0
4153, 10
4154, 10
4155, 8
4156, 8
4157, 9
4158, 9
4159, 0
4160, 0
4161, 13
4162, 0
4163, 16
4164, 17
4165, 19
4166, 18
4167, 0
4168, 0
4169, 14
4170, 0
4171, 14
4172, 14
4173, 16
4174, 17
4175, 0
4176, 0
4177, 15
4178, 16
4179, 16
4180, 16
4181, 16
4182, 16
4183, 0
4184, 0
4185, 10
4186, 9
4187, 7
4188, 7
4189, 8
4190, 8
4191, 0
4192, 0
4193, 0
4194, 0
4195, 14
4196, 17
4197, 18
4198, 18
4199, 0
4200, 0
4201, 18
4202, 0
4203, 14
4204, 16
4205, 17
4206, 0
4207, 0
4208, 0
4209, 10
4210, 8
4211, 8
4212, 7
4213, 8
4214, 0
4215, 0
4216, 0
4217, 16
4218, 0
4219, 13
4220, 16
4221, 17
4222, 0
4223, 0
4224, 0
4225, 24
4226, 0
4227, 25
4228, 25
4229, 26
4230, 0
4231, 0
4232, 0
4233, 25
4234, 0
4235, 22
4236, 23
4237, 26
4238, 31
4239, 0
4240, 0
4241, 25
4242, 22
4243, 21
4244, 22
4245, 0
4246, 28
4247, 0
4248, 0
4249, 22
4250, 24
4251, 25
4252, 22
4253, 0
4254, 26
4255, 0
4256, 0
4257, 21
4258, 0
4259, 26
4260, 24
4261, 0
4262, 22
4263, 0
4264, 0
4265, 25
4266, 0
4267, 24
4268, 24
4269, 24
4270, 0
4271, 0
4272, 0
4273, 23
4274, 25
4275, 24
4276, 24
4277, 0
4278, 0
4279, 0
4280, 0
4281, 0
4282, 0
4283, 23
4284, 23
4285, 25
4286, 0
4287, 0
4288, 0
4289, 25
4290, 0
4291, 22
4292, 24
4293, 24
4294, 24
4295, 0
4296, 0
4297, 8
4298, 9
4299, 9
4300, 7
4301, 6
4302, 9
4303, 24
4304, 0
4305, 0
4306, 0
4307, 25
4308, 23
4309, 24
4310, 0
4311, 0
4312, 0
4313, 33
4314, 0
4315, 31
4316, 31
4317, 32
4318, 33
4319, 0
4320, 0
4321, 24
4322, 24
4323, 24
4324, 24
4325, 0
4326, 0
4327, 0
4328, 0
4329, 26
4330, 0
4331, 22
4332, 24
4333, 25
4334, 24
4335, 0
4336, 0
4337, 24
4338, 26
4339, 26
4340, 24
4341, 24
4342, 27
4343, 0
4344, 0
4345, 16
4346, 15
4347, 16
4348, 15
4349, 16
4350, 19
4351, 0
4352, 0
4353, 0
4354, 0
4355, 23
4356, 23
4357, 0
4358, 0
4359, 0
4360, 0
4361, 18
4362, 0
4363, 14
4364, 16
4365, 16
4366, 16
4367, 0
4368, 0
4369, 25
4370, 0
4371, 23
4372, 26
4373, 25
4374, 25
4375, 0
4376, 0
4377, 17
4378, 18
4379, 17
4380, 17
4381, 0
4382, 0
4383, 0
4384, 0
4385, 25
4386, 0
4387, 22
4388, 24
4389, 24
4390, 26
4391, 0
4392, 0
4393, 22
4394, 23
4395, 0
4396, 23
4397, 0
4398, 24
4399, 0
4400, 0
4401, 10
4402, 8
4403, 9
4404, 6
4405, 8
4406, 9
4407, 23
4408, 0
4409, 24
4410, 0
4411, 24
4412, 25
4413, 25
4414, 26
4415, 0
4416, 0
4417, 16
4418, 16
4419, 14
4420, 14
4421, 0
4422, 18
4423, 0
4424, 0
4425, 13
4426, 14
4427, 15
4428, 16
4429, 0
4430, 16
4431, 0
4432, 0
4433, 21
4434, 0
4435, 26
4436, 24
4437, 24
4438, 24
4439, 0
4440, 0
4441, 33
4442, 33
4443, 33
4444, 31
4445, 32
4446, 33
4447, 0
4448, 0
4449, 25
4450, 25
4451, 25
4452, 23
4453, 25
4454, 0
4455, 0
4456, 0
4457, 26
4458, 26
4459, 25
4460, 23
4461, 24
4462, 32
4463, 0
4464, 0
4465, 22
4466, 22
4467, 22
4468, 0
4469, 24
4470, 24
4471, 0
4472, 0
4473, 19
4474, 17
4475, 17
4476, 16
4477, 17
4478, 19
4479, 0
4480, 0
4481, 16
4482, 15
4483, 15
4484, 15
4485, 0
4486, 19
4487, 0
4488, 0
4489, 23
4490, 0
4491, 23
4492, 0
4493, 23
4494, 25
4495, 0
4496, 0
4497, 11
4498, 10
4499, 8
4500, 7
4501, 10
4502, 11
4503, 23
4504, 24
4505, 25
4506, 23
4507, 23
4508, 24
4509, 25
4510, 30
4511, 0
4512, 0
4513, 25
4514, 0
4515, 21
4516, 0
4517, 23
4518, 0
4519, 22
4520, 22
4521, 25
4522, 0
4523, 22
4524, 23
4525, 24
4526, 24
4527, 0
4528, 0
4529, 25
4530, 24
4531, 25
4532, 23
4533, 23
4534, 28
4535, 0
4536, 0
4537, 16
4538, 18
4539, 17
4540, 16
4541, 18
4542, 18
4543, 33
4544, 31
4545, 32
4546, 0
4547, 29
4548, 32
4549, 34
4550, 35
4551, 0
4552, 0
4553, 33
4554, 32
4555, 31
4556, 31
4557, 33
4558, 0
4559, 29
4560, 0
4561, 17
4562, 0
4563, 14
4564, 0
4565, 17
4566, 17
4567, 31
4568, 0
4569, 25
4570, 24
4571, 23
4572, 24
4573, 25
4574, 25
4575, 0
4576, 0
4577, 16
4578, 16
4579, 17
4580, 18
4581, 15
4582, 16
4583, 0
4584, 0
4585, 16
4586, 16
4587, 17
4588, 16
4589, 15
4590, 16
4591, 0
4592, 0
4593, 0
4594, 15
4595, 15
4596, 15
4597, 15
4598, 15
4599, 0
4600, 0
4601, 16
4602, 16
4603, 16
4604, 16
4605, 17
4606, 16
4607, 0
4608, 0
4609, 0
4610, 16
4611, 16
4612, 16
4613, 16
4614, 18
4615, 0
4616, 0
4617, 17
4618, 19
4619, 16
4620, 16
4621, 16
4622, 14
4623, 23
4624, 25
4625, 25
4626, 0
4627, 22
4628, 23
4629, 24
4630, 25
4631, 0
4632, 0
4633, 25
4634, 24
4635, 0
4636, 21
4637, 0
4638, 24
4639, 26
4640, 25
4641, 24
4642, 0
4643, 22
4644, 22
4645, 22
4646, 0
4647, 0
4648, 0
4649, 9
4650, 9
4651, 9
4652, 8
4653, 11
4654, 12
4655, 24
4656, 23
4657, 25
4658, 0
4659, 22
4660, 23
4661, 23
4662, 22
4663, 0
4664, 24
4665, 23
4666, 0
4667, 22
4668, 24
4669, 26
4670, 27
4671, 0
4672, 0
4673, 23
4674, 25
4675, 26
4676, 25
4677, 22
4678, 27
4679, 33
4680, 32
4681, 31
4682, 32
4683, 31
4684, 32
4685, 31
4686, 33
4687, 0
4688, 0
4689, 18
4690, 17
4691, 16
4692, 0
4693, 17
4694, 0
4695, 16
4696, 16
4697, 16
4698, 0
4699, 0
4700, 0
4701, 14
4702, 0
4703, 0
4704, 0
4705, 15
4706, 17
4707, 16
4708, 14
4709, 14
4710, 8
4711, 8
4712, 8
4713, 8
4714, 6
4715, 7
4716, 0
4717, 7
4718, 7
4719, 7
4720, 8
4721, 9
4722, 7
4723, 9
4724, 11
4725, 10
4726, 7
4727, 0
4728, 0
4729, 4
4730, 0
4731, 2
4732, 1
4733, 1
4734, 2
4735, 1
4736, -1
4737, -2
4738, -3
4739, 0
4740, 2
4741, 0
4742, 0
4743, 0
4744, 0
4745, 0
4746, -2
4747, 0
4748, 0
4749, 1
4750, 0
4751, 0
4752, 0
4753, -6
4754, -7
4755, -8
4756, -8
4757, -3
4758, 0
4759, -1
4760, -1
4761, 0
4762, 0
4763, 0
4764, -1
4765, 1
4766, 0
4767, 0
4768, -3
4769, 0
4770, 0
4771, -4
4772, 0
4773, 7
4774, 0
4775, 0
4776, 0
4777, 0
4778, 0
4779, -2
4780, 0
4781, 0
4782, 3
4783, 8
4784, 6
4785, 0
4786, 0
4787, 6
4788, 7
4789, 8
4790, 9
4791, 0
4792, 0
4793, 0
4794, 1
4795, 1
4796, 0
4797, -1
4798, 3
4799, 0
4800, 0
4801, -7
4802, -8
4803, -8
4804, -6
4805, -4
4806, -3
4807, 0
4808, 0
4809, 2
4810, 0
4811, 0
4812, -1
4813, 0
4814, 0
4815, 10
4816, 9
4817, 8
4818, 7
4819, 8
4820, 8
4821, 8
4822, 8
4823, 0
4824, 0
4825, 0
4826, -2
4827, 0
4828, 0
4829, 0
4830, 0
4831, 0
4832, 0
4833, 0
4834, 0
4835, -10
4836, 0
4837, -4
4838, -1
4839, 0
4840, 1
4841, 1
4842, 1
4843, 0
4844, 0
4845, -3
4846, 0
4847, 0
4848, -3
4849, -1
4850, 0
4851, 0
4852, -2
4853, -1
4854, 1
4855, 0
4856, 0
4857, -8
4858, -9
4859, -8
4860, -8
4861, -2
4862, 0
4863, 0
4864, 0
4865, -2
4866, -1
4867, -1
4868, -2
4869, -1
4870, 1
4871, 1
4872, 0
4873, -1
4874, 1
4875, 0
4876, 2
4877, 1
4878, 2
4879, 1
4880, 0
4881, 1
4882, 0
4883, -2
4884, -2
4885, 1
4886, 0
4887, 0
4888, 0
4889, 0
4890, -1
4891, 0
4892, -1
4893, 0
4894, 2
4895, -1
4896, 0
4897, 0
4898, -1
4899, 1
4900, 1
4901, 0
4902, 0
4903, 0
4904, 0
4905, 0
4906, -8
4907, -8
4908, -7
4909, -2
4910, 0
4911, 0
4912, 0
4913, 0
4914, 7
4915, 0
4916, 7
4917, 6
4918, 9
4919, 10
4920, 7
4921, 7
4922, 9
4923, 9
4924, 8
4925, 7
4926, 8
4927, 8
4928, 8
4929, 8
4930, 0
4931, 5
4932, 8
4933, 9
4934, 7
4935, 0
4936, 0
4937, 1
4938, 1
4939, -1
4940, -1
4941, -2
4942, -2
4943, 1
4944, 1
4945, 0
4946, 0
4947, 1
4948, 0
4949, 1
4950, 1
4951, 0
4952, -1
4953, 0
4954, -3
4955, 0
4956, 1
4957, -1
4958, 0
4959, 1
4960, 1
4961, 1
4962, 1
4963, 1
4964, -1
4965, 0
4966, 2
4967, -1
4968, -1
4969, -1
4970, 0
4971, 0
4972, 0
4973, 1
4974, 0
4975, 7
4976, 7
4977, 0
4978, 8
4979, 9
4980, 7
4981, 6
4982, 9
4983, 9
4984, 8
4985, 7
4986, 8
4987, 9
4988, 8
4989, 8
4990, 0
4991, 5
4992, 0
4993, 1
4994, 0
4995, 0
4996, 1
4997, 0
4998, 2
4999, 0
5000, 0
5001, -6
5002, -6
5003, -8
5004, -7
5005, -6
5006, -6
5007, -6
5008, -8
5009, -8
5010, -8
5011, -8
5012, -8
5013, -5
5014, -3
5015, 0
5016, 0
5017, -14
5018, -15
5019, -17
5020, -15
5021, -16
5022, -15
5023, -14
5024, -15
5025, -16
5026, -15
5027, -16
5028, -16
5029, -15
5030, -14
5031, -16
5032, -16
5033, 0
5034, 0
5035, 0
5036, 0
5037, 0
5038, 0
5039, 0
5040, 0
5041, 0
5042, 0
5043, 0
5044, 0
5045, 0
5046, 0
5047, 0
5048, 0
5049, 0
5050, 0
5051, 0
5052, -8
5053, -7
5054, -6
5055, -8
5056, -8
5057, -7
5058, -7
5059, -7
5060, -8
5061, -8
5062, 0
5063, -9
5064, 0
5065, -8
5066, -7
5067, -6
5068, -8
5069, -9
5070, -8
5071, -7
5072, -7
5073, -8
5074, -8
5075, -8
5076, -9
5077, -9
5078, -7
5079, -8
5080, -8
5081, 0
5082, -10
5083, -9
5084, -8
5085, -9
5086, -9
5087, -9
5088, -9
5089, -8
5090, -8
5091, -9
5092, -8
5093, -7
5094, -7
5095, -7
5096, -7
5097, -8
5098, -8
5099, -8
5100, -9
5101, -9
5102, -7
5103, -8
5104, -8
5105, 0
5106, -10
5107, -9
5108, -8
5109, -9
5110, -9
5111, -9
5112, -9
5113, -8
5114, -8
5115, -9
5116, -8
5117, -7
5118, -7
5119, -7
5120, -7
5121, -8
5122, -8
5123, -8
5124, -9
5125, -9
5126, 0
5127, -11
5128, -16
5129, 0
5130, -16
5131, -16
5132, -16
5133, -16
5134, -15
5135, -15
5136, -17
5137, -15
5138, -16
5139, -17
5140, -16
5141, -16
5142, -15
5143, -14
5144, 0
5145, 0
5146, 0
5147, -8
5148, -8
5149, -7
5150, -7
5151, -8
5152, -8
5153, 0
5154, -8
5155, 0
5156, -11
5157, 0
5158, -4
5159, -7
5160, -9
5161, 0
5162, -11
5163, 0
5164, -8
5165, 0
5166, 0
5167, 0
5168, 0
5169, 0
5170, 0
5171, 0
5172, 0
5173, 0
5174, 0
5175, 0
5176, 0
5177, 1
5178, 4
5179, 0
5180, -2
5181, 0
5182, 1
5183, 1
5184, 0
5185, 0
5186, 0
5187, 7
5188, 8
5189, 9
5190, 5
5191, 5
5192, 2
5193, 2
5194, 1
5195, 0
5196, 1
5197, 0
5198, 0
5199, 7
5200, 6
5201, 6
5202, 8
5203, 0
5204, 7
5205, 0
5206, 9
5207, 0
5208, 0
5209, 0
5210, -1
5211, -1
5212, 0
5213, 0
5214, 0
5215, -3
5216, -8
5217, -8
5218, -7
5219, 0
5220, 0
5221, 0
5222, 0
5223, 0
5224, 0
5225, 0
5226, 0
5227, 0
5228, 0
5229, 0
5230, 0
5231, 0
5232, 0
5233, 0
5234, 0
5235, 0
5236, 0
5237, 0
5238, 6
5239, 0
5240, 7
5241, 1
5242, 2
5243, 1
5244, 1
5245, 0
5246, 0
5247, 1
5248, 0
5249, 0
5250, 9
5251, 0
5252, 4
5253, 5
5254, 8
5255, 0
5256, 15
5257, 15
5258, 17
5259, 0
5260, 14
5261, 0
5262, 16
5263, 0
5264, 0
5265, 16
5266, 17
5267, 17
5268, 16
5269, 16
5270, 17
5271, 39
5272, 38
5273, 0
5274, 0
5275, 39
5276, 40
5277, 40
5278, 0
5279, 0
5280, 0
5281, 86
5282, -1080
5283, -1080
5284, -1081
5285, -1079
5286, -1229
5287, 0
5288, 0
5289, 0
5290, 0
5291, 0
5292, 0
5293, 0
5294, 0
5295, 0
5296, 0
5297, 0
5298, 0
5299, 0
5300, 0
5301, 0
5302, 0
5303, 0
5304, 0
5305, 0
5306, 0
5307, 0
5308, 0
5309, 0
5310, 0
5311, 0
5312, 0
5313, 0
5314, 0
5315, 0
5316, 0
5317, 0
5318, 0
5319, 0
5320, 0
5321, 0
5322, 0
5323, 0
5324, 0
5325, 0
5326, 0
5327, 0
5328, 0
5329, 0
5330, 0
5331, 0
5332, 0
5333, 0
5334, 0
5335, 0
5336, 0
5337, 0
5338, 0
5339, 0
5340, 0
5341, 0
5342, 0
5343, 0
5344, 0
5345, 0
5346, 0
5347, 0
5348, 0
5349, 0
5350, 0
5351, 0
5352, 0
5353, 0
5354, 0
5355, 0
5356, 0
5357, 0
5358, 0
5359, 0
5360, 0
5361, 0
5362, 0
5363, 0
5364, 0
5365, 0
5366, 0
5367, 0
5368, 0
5369, 0
5370, 0
5371, 0
5372, 0
5373, 0
5374, 0
5375, 0
5376, 0
5377, 0
5378, 0
5379, 0
5380, 0
5381, 0
5382, 0
5383, 0
5384, 0
5385, 0
5386, 0
5387, 0
5388, 0
5389, 0
5390, 0
5391, 0
5392, 0
5393, 0
5394, 0
5395, 0
5396, 0
5397, 0
5398, 0
5399, 0
5400, 0
5401, 0
5402, 0
5403, 0
5404, 0
5405, 0
5406, 0
5407, 0
5408, 0
5409, 0
5410, 0
5411, 0
5412, 0
5413, 0
5414, 0
5415, 0
5416, 0
5417, 0
5418, 0
5419, 0
5420, 0
5421, 0
5422, 0
5423, 0
5424, 0
5425, 0
5426, 0
5427, 0
5428, 0
5429, 0
5430, 0
5431, 0
5432, 0
5433, 0
5434, 0
5435, 0
5436, 0
5437, 0
5438, 0
5439, 0
5440, 0
5441, 0
5442, 0
5443, 0
5444, 0
5445, 0
5446, 0
5447, 0
5448, 0
5449, 0
5450, 0
5451, 0
5452, 0
5453, 1
5454, 0
5455, 0
5456, 0
5457, 0
5458, 0
5459, 0
5460, 0
5461, 0
5462, 0
5463, 0
5464, 0
5465, 0
5466, 0
5467, 0
5468, 0
5469, 0
5470, 0
5471, 0
5472, 0
5473, 0
5474, 0
5475, 0
5476, 0
5477, 0
5478, 0
5479, 0
5480, 0
5481, 1
5482, 0
5483, 0
5484, 0
5485, 0
5486, 0
5487, 0
5488, 0
5489, 0
5490, 0
5491, 0
5492, 0
5493, 0
5494, 0
5495, 0
5496, 0
5497, 0
5498, 0
