0, 0
1, 0
2, 0
3, 0
4, 0
5, 0
6, 0
7, 0
8, 0
9, 0
10, 0
11, 0
12, 0
13, 0
14, 0
15, 0
16, 0
17, 0
18, 0
19, 0
20, 0
21, 0
22, 0
23, 0
24, 0
25, 0
26, 0
27, 0
28, 0
29, 0
30, 0
31, 0
32, 0
33, 0
34, 0
35, 0
36, 0
37, 0
38, 0
39, 0
40, 0
41, 0
42, 0
43, 0
44, 0
45, 0
46, 0
47, 0
48, 0
49, 0
50, 0
51, 0
52, 0
53, 0
54, 0
55, 0
56, 0
57, 0
58, 0
59, 0
60, 0
61, 0
62, 0
63, 0
64, 0
65, 0
66, 0
67, 0
68, 0
69, 0
70, 0
71, 0
72, 0
73, 0
74, 0
75, 0
76, 0
77, 0
78, 0
79, 0
80, 0
81, 0
82, 0
83, 0
84, 0
85, 0
86, 0
87, 0
88, 0
89, 0
90, 0
91, 0
92, 0
93, 0
94, 0
95, 0
96, 0
97, 0
98, 0
99, 0
100, 0
101, 0
102, 0
103, 0
104, 0
105, 0
106, 0
107, 0
108, 0
109, 0
110, 0
111, 0
112, 0
113, 0
114, 0
115, 0
116, 0
117, 0
118, 0
119, 0
120, 0
121, 0
122, 0
123, 0
124, 0
125, 0
126, 0
127, 0
128, 0
129, 0
130, 0
131, 0
132, 0
133, 0
134, 0
135, 0
136, 0
137, 0
138, 0
139, 0
140, 0
141, 0
142, 0
143, 0
144, 0
145, 0
146, 0
147, 0
148, 0
149, 0
150, 0
151, 0
152, 0
153, 0
154, 0
155, 0
156, 0
157, 0
158, 0
159, 0
160, 0
161, 0
162, 0
163, 0
164, 0
165, 0
166, 0
167, 0
168, 0
169, 0
170, 0
171, 0
172, 0
173, 0
174, 0
175, 0
176, 0
177, 0
178, 0
179, 0
180, 0
181, 0
182, 0
183, 0
184, 0
185, 0
186, 0
187, 0
188, 0
189, 0
190, 0
191, 0
192, 0
193, 0
194, 0
195, 0
196, 0
197, 0
198, 0
199, 0
200, 0
201, 0
202, 0
203, 0
204, 0
205, 0
206, 0
207, 0
208, 0
209, 0
210, 0
211, 0
212, 0
213, 0
214, 0
215, 0
216, 0
217, 0
218, 0
219, 0
220, 0
221, 0
222, 0
223, 0
224, 0
225, 0
226, 0
227, 0
228, 0
229, 0
230, 0
231, 0
232, 0
233, 0
234, 0
235, 0
236, 0
237, 0
238, 0
239, 0
240, 0
241, 0
242, 0
243, 0
244, 0
245, 0
246, 0
247, 0
248, 0
249, 0
250, 0
251, 0
252, 0
253, 0
254, 0
255, 0
256, 0
257, 0
258, 0
259, 0
260, 0
261, 0
262, 0
263, 0
264, 0
265, 0
266, 0
267, 0
268, 0
269, 0
270, 1
271, 0
272, 0
273, 0
274, 0
275, 0
276, 0
277, 0
278, 0
279, 0
280, 0
281, 0
282, 0
283, 0
284, 0
285, 0
286, 0
287, 0
288, 0
289, 0
290, 0
291, 0
292, 0
293, 0
294, 0
295, 0
296, 0
297, 0
298, 0
299, 0
300, 0
301, 0
302, 0
303, 0
304, 0
305, 0
306, 0
307, 0
308, 0
309, 0
310, 0
311, 0
312, 0
313, 0
314, 0
315, 0
316, 0
317, 0
318, 0
319, 0
320, 0
321, 0
322, 0
323, 0
324, 0
325, 0
326, 0
327, 0
328, 0
329, 0
330, 0
331, 0
332, 0
333, 0
334, 0
335, 0
336, 0
337, 0
338, 0
339, 0
340, 0
341, 0
342, 0
343, 0
344, 1823
345, 1823
346, 1822
347, 1822
348, 0
349, 820
350, 1043
351, 0
352, 0
353, 0
354, 0
355, 0
356, 0
357, 27
358, 25
359, 25
360, 0
361, 0
362, 0
363, 0
364, -116
365, -143
366, -145
367, -145
368, 54
369, 17
370, 16
371, 4
372, -2
373, -8
374, -20
375, -31
376, 0
377, 0
378, 0
379, -41
380, -41
381, -40
382, -38
383, -37
384, -37
385, -38
386, -56
387, -76
388, -79
389, -79
390, -83
391, -84
392, 0
393, 0
394, 0
395, -67
396, -67
397, -68
398, -68
399, 0
400, -65
401, -65
402, -66
403, 0
404, -67
405, 0
406, 0
407, -69
408, -69
409, -69
410, -69
411, -69
412, -70
413, -71
414, -72
415, -74
416, -76
417, -78
418, 0
419, -76
420, -75
421, -76
422, -77
423, -77
424, -78
425, -78
426, -78
427, -79
428, -80
429, -80
430, -81
431, -80
432, -80
433, -80
434, -80
435, -80
436, -81
437, -80
438, -80
439, -80
440, -81
441, -81
442, 0
443, -82
444, -81
445, -81
446, -82
447, 0
448, 0
449, -93
450, -93
451, -93
452, -93
453, -94
454, -93
455, -93
456, -95
457, -94
458, -94
459, -91
460, -89
461, -88
462, -88
463, -88
464, -88
465, -88
466, -89
467, -89
468, -88
469, -87
470, -87
471, -86
472, -86
473, -87
474, 0
475, -85
476, -85
477, -85
478, -84
479, -84
480, -85
481, -85
482, -84
483, -85
484, -83
485, 0
486, -86
487, 0
488, -84
489, -84
490, -83
491, -83
492, -84
493, -84
494, -83
495, -83
496, -84
497, -84
498, -84
499, -84
500, -84
501, -85
502, -85
503, 0
504, -83
505, -83
506, -83
507, -82
508, -82
509, -82
510, -82
511, -82
512, -83
513, -83
514, -81
515, -81
516, -82
517, -81
518, -81
519, -81
520, -81
521, -82
522, -83
523, 0
524, -81
525, -83
526, -83
527, -82
528, -82
529, -82
530, -82
531, -81
532, -81
533, -83
534, -82
535, -80
536, -81
537, -80
538, -79
539, -80
540, -82
541, -79
542, -79
543, -73
544, -72
545, -73
546, -75
547, 0
548, -72
549, -74
550, -74
551, -74
552, -75
553, -75
554, -74
555, -73
556, -74
557, -74
558, -73
559, -74
560, -74
561, -74
562, -73
563, -71
564, -72
565, -70
566, -70
567, -70
568, -70
569, -69
570, -70
571, 0
572, -69
573, -70
574, -70
575, -68
576, -68
577, -67
578, -67
579, -68
580, -68
581, -67
582, -67
583, -67
584, 0
585, 0
586, -59
587, -59
588, -60
589, -61
590, -59
591, -59
592, -60
593, -59
594, -59
595, 0
596, -60
597, -60
598, 0
599, -60
600, -71
601, -72
602, -70
603, 0
604, -73
605, 0
606, 0
607, 0
608, -73
609, 0
610, -71
611, 0
612, -73
613, -73
614, -72
615, -71
616, -72
617, -74
618, 0
619, -74
620, -74
621, -74
622, -73
623, -75
624, -75
625, -75
626, 0
627, -78
628, 0
629, 0
630, -76
631, 0
632, -76
633, -75
634, -75
635, 0
636, -77
637, -76
638, -76
639, -75
640, -75
641, 0
642, -78
643, 0
644, -75
645, -76
646, -75
647, 0
648, -77
649, 0
650, -74
651, -75
652, -74
653, -75
654, -75
655, -75
656, -76
657, -74
658, -74
659, -75
660, -76
661, -76
662, -77
663, 0
664, -78
665, -78
666, 0
667, -76
668, -76
669, -77
670, -77
671, -76
672, 0
673, 0
674, 0
675, 0
676, -68
677, 0
678, -70
679, 0
680, -69
681, -70
682, -69
683, -69
684, -69
685, -69
686, -69
687, -71
688, -70
689, -68
690, -69
691, -69
692, -68
693, -70
694, -69
695, -70
696, -71
697, -70
698, -69
699, -69
700, -69
701, -70
702, -71
703, -69
704, 0
705, 0
706, -62
707, -62
708, -64
709, -65
710, -64
711, -64
712, -63
713, -64
714, -64
715, -64
716, -64
717, -64
718, -63
719, 0
720, -67
721, 0
722, -65
723, -65
724, -64
725, -65
726, -68
727, -67
728, -67
729, -66
730, -67
731, -68
732, -67
733, -67
734, -68
735, -68
736, -69
737, -70
738, -71
739, -71
740, -69
741, -69
742, -70
743, -71
744, -72
745, -72
746, -73
747, -72
748, -73
749, -74
750, -73
751, -73
752, 0
753, 0
754, -58
755, -57
756, -59
757, -60
758, 0
759, -60
760, -61
761, -60
762, -61
763, -61
764, -60
765, -60
766, -61
767, -61
768, -61
769, -63
770, -62
771, -62
772, -63
773, -64
774, -63
775, -65
776, -65
777, -64
778, -65
779, -65
780, -65
781, -66
782, -66
783, -68
784, 0
785, -60
786, -60
787, -61
788, -60
789, -60
790, 0
791, -63
792, -64
793, -65
794, -65
795, -64
796, -64
797, -65
798, -66
799, -66
800, -67
801, -67
802, -67
803, -66
804, -67
805, -68
806, -67
807, -67
808, 0
809, 0
810, -62
811, -63
812, -62
813, -62
814, -62
815, -62
816, 0
817, 0
818, 0
819, 0
820, -56
821, -57
822, -59
823, 0
824, -58
825, -60
826, 0
827, -59
828, 0
829, -62
830, 0
831, -61
832, -62
833, -61
834, -62
835, -64
836, -64
837, -64
838, -63
839, -64
840, 0
841, 0
842, -58
843, -59
844, -58
845, -59
846, -59
847, -59
848, 0
849, 0
850, 0
851, -55
852, 0
853, -58
854, 0
855, -64
856, -64
857, -64
858, -65
859, -65
860, -67
861, -68
862, -68
863, -69
864, 0
865, 0
866, -62
867, -64
868, -63
869, -64
870, -65
871, -65
872, 0
873, 0
874, -61
875, 0
876, -59
877, -61
878, 0
879, -63
880, -63
881, -63
882, -64
883, -65
884, -66
885, -67
886, -66
887, -66
888, 0
889, 0
890, 0
891, 0
892, -61
893, -63
894, -64
895, -65
896, 0
897, 0
898, -57
899, -57
900, -59
901, -59
902, -60
903, -63
904, -61
905, -62
906, -64
907, -62
908, -64
909, -65
910, -65
911, -67
912, -68
913, 0
914, -67
915, -67
916, -68
917, -70
918, -71
919, -71
920, 0
921, 0
922, 0
923, 0
924, -67
925, 0
926, -62
927, 0
928, -64
929, 0
930, -61
931, -62
932, -64
933, -65
934, -63
935, -62
936, 0
937, 0
938, -48
939, -50
940, -51
941, -53
942, 0
943, -52
944, -54
945, -54
946, -54
947, -55
948, -56
949, -58
950, -58
951, -57
952, -58
953, -60
954, -60
955, -60
956, -62
957, -62
958, -62
959, -62
960, 0
961, 0
962, -49
963, -50
964, -50
965, -52
966, -52
967, -52
968, -53
969, -54
970, -54
971, 0
972, -59
973, -59
974, 0
975, -60
976, 0
977, 0
978, -54
979, -54
980, -56
981, -57
982, -56
983, -58
984, 0
985, 0
986, -54
987, -53
988, -53
989, -55
990, -57
991, -57
992, 0
993, 0
994, -52
995, -51
996, -51
997, -53
998, -54
999, -55
1000, 0
1001, 0
1002, -51
1003, -51
1004, -51
1005, -52
1006, -52
1007, -51
1008, 0
1009, 0
1010, 0
1011, -39
1012, -39
1013, -39
1014, 0
1015, -43
1016, 0
1017, 0
1018, -34
1019, -37
1020, -38
1021, -38
1022, -38
1023, -39
1024, 0
1025, 0
1026, 0
1027, 0
1028, -38
1029, -38
1030, -38
1031, -39
1032, 0
1033, 0
1034, -36
1035, -37
1036, -36
1037, -38
1038, -39
1039, -41
1040, 0
1041, 0
1042, -36
1043, -39
1044, -39
1045, -40
1046, -42
1047, -43
1048, 0
1049, 0
1050, -36
1051, -37
1052, -38
1053, -39
1054, -39
1055, -41
1056, 0
1057, 0
1058, -34
1059, -37
1060, -37
1061, -38
1062, -41
1063, -41
1064, 0
1065, 0
1066, -35
1067, -35
1068, -37
1069, -39
1070, 0
1071, -43
1072, 0
1073, 0
1074, -37
1075, 0
1076, -38
1077, -41
1078, -39
1079, -40
1080, 0
1081, 0
1082, 0
1083, -30
1084, -30
1085, -31
1086, -34
1087, -33
1088, -35
1089, -37
1090, -36
1091, -36
1092, 0
1093, -42
1094, 0
1095, -41
1096, 0
1097, 0
1098, -27
1099, -28
1100, 0
1101, -30
1102, -30
1103, -31
1104, -34
1105, -34
1106, -35
1107, -37
1108, -39
1109, -39
1110, -42
1111, -46
1112, 0
1113, 0
1114, -34
1115, -36
1116, -37
1117, -38
1118, -42
1119, -43
1120, 0
1121, 0
1122, 0
1123, -28
1124, -31
1125, -32
1126, 0
1127, -33
1128, -35
1129, -36
1130, -37
1131, -39
1132, -39
1133, -42
1134, -42
1135, -43
1136, 0
1137, 0
1138, 0
1139, -32
1140, -35
1141, -35
1142, -36
1143, -39
1144, 0
1145, 0
1146, -36
1147, -35
1148, -37
1149, -39
1150, 0
1151, -41
1152, 0
1153, 0
1154, 0
1155, 0
1156, 0
1157, -32
1158, 0
1159, -33
1160, 0
1161, 0
1162, -29
1163, -29
1164, 0
1165, 0
1166, 0
1167, 0
1168, 0
1169, 0
1170, 0
1171, -23
1172, -26
1173, -29
1174, -29
1175, 0
1176, 0
1177, 0
1178, -27
1179, -27
1180, -27
1181, -30
1182, -32
1183, -34
1184, 0
1185, 0
1186, -21
1187, -21
1188, -23
1189, -27
1190, 0
1191, 0
1192, 0
1193, 0
1194, -25
1195, -27
1196, -29
1197, -31
1198, -32
1199, -34
1200, 0
1201, 0
1202, -22
1203, -24
1204, -25
1205, -26
1206, -28
1207, -30
1208, 0
1209, 0
1210, -27
1211, -28
1212, -30
1213, -32
1214, -35
1215, -37
1216, 0
1217, 0
1218, -28
1219, -27
1220, -30
1221, -33
1222, 0
1223, -35
1224, 0
1225, 0
1226, -32
1227, -36
1228, -37
1229, -38
1230, -42
1231, -44
1232, 0
1233, 0
1234, -31
1235, -31
1236, -35
1237, -37
1238, -38
1239, -41
1240, 0
1241, 0
1242, 0
1243, 0
1244, 0
1245, -38
1246, 0
1247, -39
1248, 0
1249, 0
1250, -29
1251, -30
1252, -31
1253, -32
1254, 0
1255, -39
1256, 0
1257, 0
1258, -29
1259, -27
1260, -30
1261, -34
1262, 0
1263, -38
1264, 0
1265, 0
1266, -34
1267, -36
1268, -39
1269, -41
1270, 0
1271, 0
1272, 0
1273, 0
1274, -41
1275, -43
1276, -44
1277, -45
1278, -48
1279, 0
1280, 0
1281, 0
1282, 0
1283, -36
1284, -40
1285, -41
1286, -44
1287, -47
1288, 0
1289, 0
1290, -35
1291, -39
1292, -41
1293, -44
1294, -44
1295, -45
1296, 0
1297, 0
1298, -36
1299, -37
1300, -41
1301, -42
1302, -44
1303, -45
1304, 0
1305, 0
1306, 0
1307, -37
1308, 0
1309, -43
1310, 0
1311, -47
1312, 0
1313, -35
1314, 0
1315, -37
1316, -42
1317, -42
1318, -42
1319, -45
1320, 0
1321, 0
1322, 0
1323, -39
1324, -43
1325, -45
1326, -49
1327, -49
1328, 0
1329, 0
1330, 0
1331, -39
1332, -41
1333, -43
1334, -47
1335, -48
1336, 0
1337, 0
1338, 0
1339, -40
1340, 0
1341, -46
1342, 0
1343, -46
1344, 0
1345, 0
1346, -38
1347, -42
1348, -45
1349, -46
1350, -49
1351, -53
1352, 0
1353, 0
1354, 0
1355, -32
1356, -35
1357, -37
1358, -39
1359, -40
1360, 0
1361, 0
1362, 0
1363, -32
1364, -32
1365, -36
1366, -37
1367, -38
1368, 0
1369, 0
1370, 0
1371, -25
1372, -25
1373, -28
1374, 0
1375, -33
1376, 0
1377, 0
1378, -32
1379, -33
1380, -35
1381, -38
1382, -38
1383, -41
1384, 0
1385, 0
1386, -34
1387, -35
1388, -38
1389, -40
1390, -40
1391, -42
1392, 0
1393, 0
1394, -26
1395, -29
1396, -32
1397, -35
1398, 0
1399, -40
1400, 0
1401, 0
1402, 0
1403, -32
1404, -36
1405, -37
1406, -39
1407, -42
1408, 0
1409, 0
1410, -32
1411, -32
1412, 0
1413, -41
1414, -40
1415, -41
1416, 0
1417, 0
1418, -26
1419, -30
1420, -31
1421, -34
1422, 0
1423, 0
1424, 0
1425, 0
1426, -36
1427, -39
1428, -41
1429, -42
1430, -45
1431, -47
1432, 0
1433, 0
1434, 0
1435, 0
1436, -50
1437, 0
1438, -50
1439, -51
1440, 0
1441, 0
1442, -34
1443, -36
1444, -39
1445, -43
1446, 0
1447, 0
1448, 0
1449, 0
1450, 0
1451, -46
1452, 0
1453, -52
1454, 0
1455, -57
1456, 0
1457, 0
1458, -43
1459, -45
1460, -50
1461, -53
1462, 0
1463, -53
1464, 0
1465, -51
1466, -52
1467, -56
1468, -56
1469, -57
1470, -60
1471, -62
1472, 0
1473, 0
1474, 0
1475, -53
1476, -57
1477, -59
1478, -60
1479, -62
1480, 0
1481, 0
1482, -54
1483, -54
1484, -56
1485, -61
1486, -61
1487, -62
1488, 0
1489, 0
1490, 0
1491, -55
1492, 0
1493, -60
1494, 0
1495, -64
1496, 0
1497, 0
1498, 0
1499, -53
1500, 0
1501, -60
1502, 0
1503, -62
1504, 0
1505, 0
1506, 0
1507, 0
1508, 0
1509, -62
1510, 0
1511, -63
1512, 0
1513, 0
1514, -53
1515, 0
1516, -56
1517, -57
1518, -59
1519, -63
1520, 0
1521, 0
1522, 0
1523, -56
1524, -57
1525, -58
1526, -60
1527, -64
1528, 0
1529, 0
1530, -51
1531, -53
1532, -57
1533, -61
1534, 0
1535, 0
1536, 0
1537, 0
1538, -61
1539, -63
1540, -64
1541, -66
1542, 0
1543, -68
1544, 0
1545, 0
1546, -59
1547, -59
1548, -62
1549, -67
1550, 0
1551, -69
1552, 0
1553, 0
1554, 0
1555, -69
1556, -69
1557, -71
1558, -73
1559, -73
1560, 0
1561, 0
1562, -67
1563, -68
1564, -68
1565, -70
1566, -70
1567, -72
1568, 0
1569, 0
1570, -63
1571, -64
1572, -65
1573, -68
1574, -72
1575, -75
1576, 0
1577, 0
1578, -69
1579, -71
1580, -76
1581, -76
1582, -76
1583, -78
1584, 0
1585, 0
1586, -69
1587, -70
1588, -70
1589, -73
1590, -75
1591, -77
1592, 0
1593, 0
1594, 0
1595, -81
1596, 0
1597, -82
1598, 0
1599, -87
1600, 0
1601, 0
1602, 0
1603, 0
1604, -80
1605, 0
1606, 0
1607, -82
1608, 0
1609, 0
1610, 0
1611, -79
1612, -82
1613, -83
1614, 0
1615, -88
1616, 0
1617, 0
1618, -75
1619, -76
1620, -78
1621, -82
1622, -83
1623, -85
1624, 0
1625, 0
1626, -74
1627, -75
1628, -78
1629, -82
1630, 0
1631, -82
1632, 0
1633, 0
1634, -81
1635, -82
1636, -82
1637, -83
1638, -84
1639, -87
1640, 0
1641, 0
1642, -85
1643, -85
1644, 0
1645, -92
1646, 0
1647, -92
1648, 0
1649, 0
1650, -63
1651, -66
1652, -68
1653, -71
1654, -72
1655, -73
1656, 0
1657, 0
1658, 0
1659, -64
1660, -66
1661, -66
1662, -68
1663, -71
1664, 0
1665, 0
1666, -67
1667, -69
1668, -71
1669, -71
1670, -72
1671, -75
1672, 0
1673, -63
1674, 0
1675, -64
1676, -67
1677, -67
1678, -70
1679, -70
1680, 0
1681, 0
1682, -69
1683, -70
1684, -70
1685, -72
1686, -73
1687, -75
1688, 0
1689, 0
1690, -65
1691, -66
1692, -68
1693, -70
1694, -73
1695, -74
1696, 0
1697, 0
1698, -70
1699, -71
1700, -74
1701, -78
1702, -78
1703, -75
1704, 0
1705, 0
1706, 0
1707, -70
1708, -72
1709, -73
1710, -72
1711, 0
1712, 0
1713, 0
1714, -72
1715, -73
1716, -76
1717, -75
1718, -77
1719, -81
1720, 0
1721, 0
1722, -71
1723, -71
1724, -74
1725, -78
1726, 0
1727, -77
1728, 0
1729, 0
1730, -74
1731, -77
1732, -77
1733, -79
1734, -80
1735, -81
1736, 0
1737, 0
1738, 0
1739, -100
1740, -103
1741, -102
1742, -102
1743, -102
1744, 0
1745, 0
1746, -96
1747, -101
1748, -104
1749, -106
1750, 0
1751, 0
1752, 0
1753, 0
1754, -105
1755, -106
1756, -109
1757, -110
1758, -111
1759, -113
1760, 0
1761, 0
1762, 0
1763, -103
1764, -104
1765, -106
1766, -106
1767, -107
1768, -108
1769, -109
1770, -110
1771, -112
1772, -113
1773, -114
1774, -115
1775, -115
1776, 0
1777, 0
1778, -107
1779, 0
1780, -111
1781, -111
1782, -80
1783, -81
1784, 0
1785, 0
1786, -84
1787, 0
1788, -85
1789, -84
1790, -86
1791, -89
1792, 0
1793, -82
1794, 0
1795, -87
1796, 0
1797, -88
1798, -88
1799, -89
1800, -92
1801, -93
1802, 0
1803, -97
1804, 0
1805, -96
1806, -99
1807, -100
1808, 0
1809, 0
1810, -87
1811, -89
1812, -91
1813, -91
1814, -92
1815, -96
1816, 0
1817, 0
1818, -97
1819, -98
1820, -99
1821, -101
1822, 0
1823, -107
1824, -109
1825, 0
1826, -109
1827, -110
1828, -111
1829, -110
1830, -110
1831, -112
1832, 0
1833, 0
1834, -108
1835, -108
1836, -110
1837, -113
1838, -115
1839, 0
1840, -117
1841, 0
1842, -117
1843, -119
1844, -121
1845, -122
1846, -124
1847, -125
1848, 0
1849, 0
1850, 0
1851, 0
1852, 0
1853, 0
1854, 0
1855, 0
1856, 0
1857, 0
1858, 0
1859, 0
1860, 0
1861, 0
1862, 0
1863, 0
1864, 0
1865, 0
1866, -103
1867, 0
1868, -103
1869, -106
1870, -105
1871, -106
1872, 0
1873, 0
1874, 0
1875, -95
1876, -97
1877, -98
1878, -99
1879, -101
1880, -104
1881, 0
1882, -106
1883, 0
1884, 0
1885, -110
1886, -110
1887, -111
1888, 0
1889, 0
1890, 0
1891, -107
1892, -108
1893, -111
1894, -111
1895, 0
1896, 0
1897, 0
1898, 0
1899, -120
1900, -122
1901, -123
1902, 0
1903, -125
1904, 0
1905, 0
1906, 0
1907, 0
1908, -107
1909, -109
1910, -110
1911, 0
1912, 0
1913, 0
1914, -106
1915, -108
1916, -110
1917, -113
1918, -114
1919, -115
1920, 0
1921, 0
1922, -104
1923, -106
1924, -127
1925, -126
1926, -127
1927, -129
1928, -131
1929, -131
1930, -131
1931, -133
1932, -137
1933, -137
1934, -137
1935, -137
1936, 0
1937, 0
1938, -131
1939, -133
1940, -134
1941, -136
1942, -136
1943, -135
1944, 0
1945, 0
1946, -132
1947, 0
1948, -134
1949, 0
1950, -137
1951, -136
1952, 0
1953, 0
1954, 0
1955, -132
1956, -133
1957, -134
1958, -135
1959, 0
1960, -139
1961, -138
1962, -139
1963, -140
1964, -125
1965, -125
1966, -126
1967, -127
1968, 0
1969, 0
1970, -124
1971, 0
1972, -126
1973, -127
1974, -128
1975, -130
1976, 0
1977, 0
1978, -124
1979, -124
1980, -125
1981, -126
1982, -127
1983, -128
1984, 0
1985, 0
1986, -124
1987, -127
1988, 0
1989, -129
1990, 0
1991, 0
1992, -132
1993, 0
1994, -131
1995, -131
1996, -132
1997, -134
1998, -136
1999, -138
2000, 0
2001, 0
2002, 0
2003, -125
2004, -126
2005, -128
2006, -128
2007, -130
2008, -130
2009, -131
2010, -132
2011, -134
2012, -135
2013, -137
2014, -135
2015, -136
2016, 0
2017, 0
2018, -125
2019, -126
2020, -127
2021, -128
2022, 0
2023, 0
2024, -131
2025, -133
2026, -134
2027, 0
2028, -134
2029, -136
2030, -137
2031, -136
2032, -137
2033, -138
2034, -138
2035, -140
2036, -141
2037, -143
2038, -142
2039, -143
2040, 0
2041, 0
2042, -133
2043, -133
2044, -132
2045, -134
2046, -134
2047, -137
2048, -140
2049, -140
2050, -140
2051, -142
2052, 0
2053, -141
2054, -143
2055, -143
2056, 0
2057, 0
2058, -131
2059, -133
2060, -135
2061, -136
2062, -134
2063, -136
2064, -137
2065, -139
2066, -138
2067, -140
2068, -142
2069, -142
2070, -142
2071, -143
2072, 0
2073, 0
2074, -137
2075, -138
2076, -140
2077, -141
2078, -142
2079, 0
2080, 0
2081, 0
2082, 0
2083, -141
2084, 0
2085, -140
2086, -140
2087, -141
2088, -142
2089, -144
2090, 0
2091, -150
2092, 0
2093, -148
2094, -149
2095, -151
2096, 0
2097, 0
2098, 0
2099, -138
2100, -138
2101, -139
2102, -141
2103, -142
2104, -142
2105, -142
2106, -143
2107, -143
2108, -144
2109, -145
2110, -145
2111, -145
2112, -147
2113, -148
2114, -149
2115, -151
2116, -151
2117, -152
2118, -153
2119, -153
2120, 0
2121, 0
2122, 0
2123, -141
2124, -141
2125, -144
2126, -144
2127, -145
2128, -146
2129, -148
2130, -149
2131, -147
2132, -148
2133, -151
2134, -150
2135, -151
2136, 0
2137, 0
2138, -143
2139, -145
2140, -146
2141, -148
2142, 0
2143, -149
2144, 0
2145, 0
2146, -143
2147, 0
2148, -146
2149, 0
2150, -145
2151, -147
2152, -148
2153, -148
2154, -149
2155, -150
2156, -152
2157, -152
2158, -152
2159, -152
2160, 0
2161, 0
2162, 0
2163, -141
2164, -142
2165, -144
2166, 0
2167, -142
2168, -146
2169, -146
2170, -146
2171, -148
2172, -147
2173, -147
2174, -147
2175, -150
2176, -150
2177, -151
2178, -153
2179, -152
2180, -153
2181, -154
2182, -156
2183, -156
2184, 0
2185, 0
2186, -149
2187, -150
2188, -151
2189, -151
2190, -151
2191, -152
2192, 0
2193, 0
2194, -144
2195, -145
2196, -148
2197, -150
2198, -150
2199, -151
2200, -151
2201, -151
2202, -152
2203, -153
2204, -154
2205, -155
2206, -154
2207, 0
2208, 0
2209, 0
2210, -150
2211, -152
2212, -151
2213, -152
2214, -154
2215, -154
2216, 0
2217, 0
2218, -149
2219, -149
2220, -150
2221, -151
2222, -153
2223, -152
2224, 0
2225, -155
2226, -156
2227, -156
2228, -157
2229, -156
2230, -156
2231, 0
2232, 0
2233, 0
2234, 0
2235, -152
2236, -151
2237, -152
2238, -154
2239, 0
2240, 0
2241, 0
2242, -148
2243, -148
2244, -149
2245, -151
2246, -151
2247, -151
2248, -152
2249, -152
2250, 0
2251, -156
2252, -156
2253, -157
2254, -158
2255, -159
2256, 0
2257, 0
2258, -152
2259, -153
2260, -152
2261, -153
2262, -154
2263, -154
2264, -156
2265, -156
2266, -157
2267, -157
2268, -158
2269, -161
2270, -160
2271, -160
2272, 0
2273, 0
2274, -155
2275, -161
2276, -163
2277, 0
2278, 0
2279, -162
2280, 0
2281, 0
2282, 0
2283, 0
2284, -156
2285, -156
2286, -156
2287, -156
2288, -157
2289, -157
2290, -157
2291, -157
2292, 0
2293, -160
2294, 0
2295, -159
2296, 0
2297, -154
2298, -154
2299, -154
2300, 0
2301, -158
2302, 0
2303, -157
2304, -158
2305, 0
2306, -160
2307, 0
2308, -159
2309, -160
2310, -160
2311, -162
2312, 0
2313, 0
2314, 0
2315, -155
2316, -156
2317, -157
2318, -158
2319, -157
2320, -157
2321, -158
2322, -159
2323, -159
2324, -162
2325, -162
2326, -161
2327, -162
2328, 0
2329, -154
2330, -156
2331, -155
2332, -156
2333, -156
2334, -156
2335, -159
2336, -161
2337, 0
2338, 0
2339, -162
2340, 0
2341, -159
2342, -160
2343, -163
2344, 0
2345, 0
2346, 0
2347, -154
2348, -155
2349, -156
2350, -156
2351, -157
2352, -159
2353, -158
2354, -159
2355, -160
2356, -160
2357, -161
2358, -160
2359, -162
2360, -163
2361, -163
2362, -163
2363, -163
2364, -164
2365, -164
2366, -166
2367, -166
2368, 0
2369, 0
2370, -159
2371, -161
2372, -161
2373, -162
2374, -162
2375, -162
2376, -162
2377, -162
2378, -164
2379, -163
2380, -163
2381, -163
2382, -164
2383, -166
2384, 0
2385, 0
2386, -159
2387, -159
2388, -159
2389, -161
2390, -162
2391, -162
2392, -161
2393, 0
2394, -165
2395, 0
2396, -164
2397, -165
2398, -165
2399, -166
2400, 0
2401, 0
2402, 0
2403, -159
2404, -159
2405, -159
2406, -161
2407, -165
2408, 0
2409, -165
2410, 0
2411, -162
2412, -164
2413, -165
2414, -165
2415, 0
2416, 0
2417, 0
2418, -159
2419, -159
2420, -159
2421, -160
2422, -160
2423, -160
2424, -160
2425, -162
2426, -163
2427, 0
2428, -164
2429, 0
2430, -162
2431, -163
2432, -166
2433, -166
2434, -166
2435, -166
2436, -166
2437, -169
2438, -169
2439, -168
2440, -168
2441, -169
2442, -168
2443, -170
2444, -170
2445, -170
2446, -170
2447, -170
2448, 0
2449, 0
2450, -157
2451, -157
2452, -157
2453, -157
2454, -160
2455, -162
2456, -161
2457, -160
2458, -160
2459, -161
2460, 0
2461, -164
2462, 0
2463, -162
2464, -163
2465, -162
2466, 0
2467, -167
2468, 0
2469, -165
2470, -166
2471, -164
2472, -165
2473, -167
2474, -167
2475, -167
2476, -166
2477, -166
2478, -167
2479, 0
2480, -172
2481, 0
2482, -170
2483, -172
2484, -170
2485, -172
2486, -173
2487, -172
2488, 0
2489, 0
2490, -164
2491, -164
2492, -164
2493, -166
2494, -166
2495, -166
2496, 0
2497, 0
2498, -158
2499, -160
2500, -162
2501, -161
2502, -160
2503, 0
2504, -164
2505, 0
2506, -162
2507, -165
2508, -164
2509, -165
2510, -165
2511, -166
2512, -166
2513, -165
2514, -166
2515, -167
2516, -167
2517, -167
2518, -167
2519, -168
2520, -169
2521, -169
2522, -169
2523, -168
2524, -168
2525, -170
2526, -170
2527, -169
2528, -170
2529, -169
2530, 0
2531, -172
2532, 0
2533, -170
2534, -172
2535, -172
2536, -173
2537, -173
2538, -173
2539, -173
2540, -173
2541, -174
2542, -173
2543, -174
2544, 0
2545, 0
2546, -169
2547, -168
2548, -169
2549, -169
2550, -169
2551, -170
2552, 0
2553, 0
2554, 0
2555, -161
2556, -162
2557, -163
2558, -163
2559, -164
2560, -163
2561, -162
2562, -162
2563, -163
2564, -162
2565, -163
2566, -163
2567, -165
2568, -165
2569, 0
2570, -167
2571, 0
2572, 0
2573, -166
2574, -167
2575, -166
2576, -167
2577, 0
2578, -169
2579, -169
2580, 0
2581, -168
2582, -168
2583, -170
2584, -171
2585, -171
2586, -172
2587, -171
2588, -172
2589, 0
2590, -170
2591, -171
2592, -170
2593, -171
2594, -172
2595, -171
2596, -172
2597, -172
2598, -172
2599, -173
2600, -173
2601, -173
2602, -172
2603, -172
2604, -172
2605, -172
2606, -173
2607, -173
2608, -173
2609, -173
2610, -174
2611, -174
2612, -174
2613, -174
2614, -175
2615, -175
2616, -176
2617, -177
2618, -176
2619, -176
2620, -177
2621, -177
2622, -178
2623, -178
2624, 0
2625, 0
2626, -168
2627, -169
2628, -169
2629, -171
2630, -170
2631, -170
2632, 0
2633, 0
2634, 0
2635, -162
2636, -164
2637, -163
2638, 0
2639, 0
2640, 0
2641, 0
2642, -165
2643, -166
2644, -167
2645, -166
2646, -165
2647, -165
2648, -166
2649, -165
2650, -166
2651, -166
2652, -167
2653, -168
2654, -168
2655, -169
2656, -170
2657, -169
2658, 0
2659, -169
2660, -169
2661, -169
2662, -170
2663, -169
2664, -167
2665, -167
2666, -168
2667, -168
2668, -169
2669, -169
2670, -168
2671, -169
2672, -171
2673, -171
2674, -170
2675, -170
2676, -171
2677, -170
2678, -170
2679, -170
2680, -172
2681, -172
2682, -173
2683, -174
2684, -172
2685, -171
2686, -171
2687, -171
2688, -171
2689, -171
2690, -172
2691, -171
2692, -170
2693, -171
2694, -170
2695, -170
2696, 0
2697, -176
2698, 0
2699, -173
2700, -173
2701, -174
2702, -176
2703, -176
2704, -176
2705, -175
2706, -174
2707, -174
2708, 0
2709, -177
2710, 0
2711, 0
2712, -176
2713, -175
2714, 0
2715, -176
2716, -175
2717, -174
2718, -174
2719, -175
2720, -177
2721, -175
2722, -175
2723, -176
2724, -175
2725, -176
2726, -176
2727, -177
2728, -177
2729, -178
2730, -179
2731, 0
2732, -176
2733, -178
2734, -178
2735, -177
2736, -177
2737, -178
2738, -177
2739, -176
2740, -176
2741, -176
2742, -176
2743, -177
2744, -179
2745, -177
2746, -177
2747, -179
2748, -178
2749, -177
2750, -177
2751, -178
2752, -178
2753, -177
2754, -178
2755, -179
2756, -177
2757, -177
2758, -177
2759, -177
2760, 0
2761, 0
2762, -169
2763, 0
2764, -172
2765, -171
2766, -170
2767, -171
2768, -173
2769, -171
2770, -170
2771, -171
2772, -171
2773, -172
2774, -173
2775, -172
2776, 0
2777, -174
2778, 0
2779, -172
2780, -173
2781, -172
2782, -172
2783, 0
2784, -175
2785, 0
2786, -172
2787, -173
2788, -174
2789, -173
2790, -172
2791, -171
2792, 0
2793, -175
2794, 0
2795, 0
2796, -175
2797, 0
2798, -173
2799, -174
2800, -174
2801, -174
2802, -173
2803, -173
2804, -174
2805, -173
2806, -173
2807, -173
2808, 0
2809, -175
2810, -174
2811, -174
2812, -173
2813, -174
2814, -174
2815, -174
2816, -174
2817, -174
2818, -174
2819, -174
2820, -174
2821, -174
2822, -175
2823, -175
2824, -174
2825, -174
2826, -174
2827, -174
2828, -175
2829, -175
2830, -174
2831, -174
2832, -175
2833, -175
2834, -176
2835, -176
2836, -175
2837, -174
2838, -174
2839, -174
2840, -175
2841, -176
2842, -176
2843, -175
2844, -176
2845, -176
2846, -176
2847, -176
2848, -174
2849, -174
2850, -175
2851, -175
2852, -177
2853, -177
2854, -176
2855, -175
2856, -176
2857, -176
2858, -177
2859, -177
2860, -176
2861, -175
2862, -175
2863, -175
2864, -175
2865, -175
2866, -175
2867, 0
2868, -176
2869, -175
2870, -175
2871, -175
2872, -176
2873, 0
2874, -174
2875, -174
2876, -174
2877, -174
2878, -174
2879, -175
2880, -175
2881, -175
2882, -175
2883, -174
2884, -174
2885, -175
2886, -174
2887, -174
2888, -174
2889, -174
2890, -175
2891, -174
2892, -174
2893, -174
2894, -174
2895, -175
2896, -174
2897, -172
2898, -172
2899, -172
2900, -173
2901, -173
2902, -172
2903, -172
2904, -174
2905, -174
2906, -174
2907, -174
2908, -173
2909, -172
2910, -172
2911, -172
2912, -173
2913, -172
2914, -172
2915, -173
2916, -172
2917, -172
2918, -173
2919, -171
2920, -171
2921, -172
2922, -171
2923, -172
2924, -173
2925, -172
2926, -173
2927, 0
2928, -171
2929, -171
2930, -171
2931, -170
2932, -170
2933, -170
2934, -168
2935, -167
2936, -169
2937, 0
2938, -170
2939, 0
2940, -169
2941, -170
2942, -168
2943, 0
2944, -170
2945, -171
2946, 0
2947, -169
2948, -170
2949, -168
2950, -167
2951, -166
2952, -166
2953, -165
2954, -165
2955, -166
2956, -165
2957, -166
2958, -165
2959, -165
2960, -166
2961, -165
2962, -166
2963, -166
2964, -165
2965, -166
2966, -165
2967, 0
2968, 0
2969, -173
2970, -173
2971, -171
2972, -172
2973, -172
2974, -171
2975, 0
2976, -173
2977, -172
2978, -173
2979, -172
2980, -170
2981, -170
2982, -171
2983, -170
2984, -170
2985, -169
2986, -169
2987, -169
2988, -169
2989, -170
2990, -169
2991, 0
2992, -170
2993, -169
2994, 0
2995, -168
2996, -168
2997, 0
2998, -169
2999, 0
3000, 0
3001, -173
3002, -175
3003, -175
3004, -175
3005, -174
3006, -173
3007, -174
3008, -175
3009, -173
3010, 0
3011, -173
3012, 0
3013, -175
3014, 0
3015, -172
3016, -174
3017, -172
3018, -170
3019, -170
3020, -171
3021, -170
3022, -169
3023, -169
3024, -169
3025, -169
3026, 0
3027, -170
3028, 0
3029, -169
3030, -168
3031, -168
3032, -170
3033, -170
3034, -170
3035, -167
3036, -167
3037, -166
3038, 0
3039, -168
3040, 0
3041, -168
3042, 0
3043, -165
3044, -165
3045, -163
3046, -163
3047, 0
3048, 0
3049, -173
3050, -173
3051, -173
3052, 0
3053, -168
3054, -168
3055, -168
3056, -168
3057, -168
3058, -168
3059, -169
3060, -170
3061, 0
3062, 0
3063, 0
3064, 0
3065, -174
3066, -174
3067, -174
3068, -174
3069, -173
3070, -173
3071, -172
3072, -173
3073, -173
3074, -172
3075, -173
3076, -172
3077, 0
3078, -174
3079, 0
3080, 0
3081, -173
3082, 0
3083, -169
3084, -170
3085, -169
3086, -169
3087, -167
3088, -166
3089, -167
3090, -168
3091, 0
3092, -167
3093, -167
3094, -166
3095, -165
3096, -165
3097, -165
3098, -165
3099, -164
3100, -165
3101, -164
3102, -163
3103, -163
3104, -163
3105, -163
3106, -162
3107, -160
3108, -159
3109, -159
3110, -159
3111, -160
3112, -160
3113, -159
3114, -160
3115, -158
3116, -158
3117, -159
3118, -157
3119, 0
3120, 0
3121, -172
3122, -172
3123, -171
3124, -170
3125, -170
3126, -170
3127, 0
3128, -171
3129, 0
3130, -169
3131, -169
3132, -170
3133, -170
3134, 0
3135, -166
3136, -167
3137, -167
3138, -166
3139, -166
3140, -166
3141, -164
3142, -164
3143, -165
3144, -164
3145, -164
3146, -165
3147, -162
3148, -162
3149, -163
3150, -162
3151, -161
3152, -161
3153, -160
3154, -160
3155, -159
3156, -159
3157, -158
3158, -156
3159, 0
3160, 0
3161, -165
3162, 0
3163, -166
3164, -163
3165, -162
3166, -162
3167, 0
3168, 0
3169, -170
3170, -170
3171, -169
3172, -169
3173, -169
3174, -169
3175, -168
3176, -167
3177, 0
3178, 0
3179, 0
3180, -165
3181, -165
3182, -164
3183, 0
3184, -165
3185, 0
3186, -161
3187, -161
3188, -161
3189, -161
3190, -160
3191, -159
3192, -159
3193, -159
3194, -159
3195, -159
3196, -159
3197, -157
3198, -157
3199, -157
3200, -156
3201, -155
3202, -153
3203, 0
3204, -157
3205, 0
3206, 0
3207, 0
3208, 0
3209, -168
3210, -167
3211, -168
3212, -168
3213, -166
3214, -165
3215, 0
3216, -167
3217, -168
3218, 0
3219, -164
3220, -165
3221, -164
3222, -163
3223, -163
3224, -162
3225, -160
3226, -160
3227, -161
3228, -160
3229, -158
3230, -158
3231, -157
3232, -157
3233, -155
3234, -156
3235, -155
3236, -155
3237, -156
3238, -154
3239, 0
3240, 0
3241, -162
3242, -162
3243, -160
3244, -159
3245, -159
3246, -159
3247, 0
3248, 0
3249, -164
3250, -164
3251, -165
3252, -163
3253, -162
3254, -164
3255, -162
3256, -162
3257, -160
3258, -161
3259, -160
3260, -160
3261, -159
3262, -159
3263, -158
3264, -159
3265, -159
3266, -158
3267, -156
3268, -156
3269, -153
3270, -152
3271, -152
3272, -152
3273, 0
3274, -153
3275, -152
3276, -151
3277, -151
3278, 0
3279, 0
3280, 0
3281, -164
3282, -164
3283, -162
3284, -161
3285, -160
3286, -160
3287, -160
3288, -159
3289, -159
3290, -159
3291, -159
3292, -157
3293, -158
3294, -158
3295, 0
3296, -158
3297, 0
3298, -155
3299, -154
3300, -154
3301, -151
3302, -151
3303, -153
3304, -151
3305, -150
3306, -151
3307, -149
3308, 0
3309, -150
3310, 0
3311, 0
3312, 0
3313, -162
3314, -161
3315, -161
3316, -161
3317, -161
3318, -161
3319, -160
3320, -160
3321, -159
3322, -156
3323, -154
3324, -155
3325, -154
3326, -153
3327, -154
3328, -154
3329, -152
3330, -151
3331, -152
3332, -150
3333, -150
3334, -149
3335, 0
3336, 0
3337, -157
3338, -155
3339, -153
3340, -152
3341, -151
3342, -152
3343, 0
3344, 0
3345, -158
3346, -157
3347, -156
3348, -156
3349, -156
3350, -158
3351, 0
3352, -152
3353, 0
3354, 0
3355, 0
3356, -152
3357, 0
3358, -148
3359, -149
3360, -149
3361, -148
3362, -147
3363, -145
3364, -144
3365, -144
3366, -144
3367, 0
3368, 0
3369, -156
3370, -156
3371, -156
3372, -155
3373, -154
3374, -154
3375, -151
3376, -151
3377, -151
3378, -151
3379, -150
3380, -150
3381, -150
3382, 0
3383, -147
3384, -147
3385, -145
3386, -146
3387, 0
3388, -143
3389, -143
3390, -143
3391, 0
3392, 0
3393, -147
3394, -146
3395, -146
3396, -145
3397, -145
3398, -144
3399, 0
3400, 0
3401, -150
3402, -149
3403, -148
3404, 0
3405, -148
3406, 0
3407, -147
3408, -147
3409, -145
3410, -144
3411, -144
3412, -143
3413, 0
3414, -140
3415, 0
3416, 0
3417, -156
3418, -154
3419, -153
3420, -152
3421, -153
3422, -151
3423, -150
3424, -150
3425, -148
3426, -147
3427, -147
3428, -147
3429, -147
3430, -145
3431, -143
3432, -143
3433, -143
3434, -144
3435, -140
3436, -140
3437, -139
3438, 0
3439, 0
3440, 0
3441, -152
3442, -152
3443, -151
3444, -151
3445, -151
3446, -150
3447, -149
3448, -147
3449, -146
3450, -147
3451, -146
3452, -143
3453, -143
3454, -142
3455, -142
3456, -142
3457, -141
3458, -141
3459, -140
3460, -138
3461, 0
3462, 0
3463, 0
3464, 0
3465, -149
3466, -149
3467, -148
3468, -148
3469, -147
3470, -148
3471, -148
3472, -147
3473, -144
3474, 0
3475, -146
3476, 0
3477, -142
3478, -142
3479, 0
3480, 0
3481, -148
3482, -145
3483, 0
3484, -146
3485, -144
3486, -143
3487, 0
3488, 0
3489, -148
3490, -146
3491, -147
3492, -145
3493, -145
3494, -145
3495, -143
3496, -142
3497, -140
3498, -141
3499, -141
3500, -139
3501, -138
3502, -138
3503, 0
3504, 0
3505, -144
3506, -143
3507, -143
3508, -141
3509, -141
3510, -141
3511, 0
3512, 0
3513, -146
3514, -146
3515, -146
3516, -146
3517, -143
3518, -142
3519, 0
3520, -142
3521, 0
3522, -138
3523, -137
3524, -138
3525, -136
3526, 0
3527, 0
3528, 0
3529, -148
3530, -146
3531, -146
3532, -144
3533, -145
3534, -144
3535, 0
3536, -144
3537, 0
3538, -139
3539, -139
3540, -139
3541, -138
3542, -137
3543, -137
3544, -134
3545, -133
3546, -134
3547, -132
3548, -131
3549, -132
3550, -131
3551, 0
3552, 0
3553, -144
3554, -142
3555, -141
3556, -139
3557, -140
3558, -139
3559, -137
3560, -137
3561, -137
3562, -136
3563, -135
3564, -133
3565, -131
3566, -131
3567, 0
3568, 0
3569, -136
3570, 0
3571, -136
3572, -134
3573, -132
3574, -132
3575, 0
3576, 0
3577, -138
3578, -137
3579, -136
3580, -134
3581, -133
3582, -133
3583, -133
3584, -133
3585, 0
3586, 0
3587, -129
3588, -126
3589, -126
3590, 0
3591, 0
3592, 0
3593, -138
3594, -137
3595, -136
3596, -136
3597, -137
3598, -134
3599, -132
3600, -132
3601, -132
3602, -131
3603, -129
3604, -128
3605, -127
3606, -125
3607, 0
3608, 0
3609, -139
3610, -138
3611, -137
3612, 0
3613, -138
3614, -137
3615, 0
3616, -133
3617, -132
3618, -132
3619, -130
3620, -129
3621, -129
3622, -127
3623, 0
3624, 0
3625, -133
3626, -131
3627, -129
3628, -129
3629, -127
3630, -128
3631, 0
3632, 0
3633, -132
3634, 0
3635, -132
3636, 0
3637, -128
3638, -128
3639, 0
3640, 0
3641, -130
3642, -130
3643, -131
3644, -129
3645, -128
3646, -127
3647, -125
3648, 0
3649, 0
3650, -132
3651, 0
3652, -128
3653, -129
3654, -129
3655, -127
3656, 0
3657, -126
3658, -123
3659, -121
3660, -120
3661, -120
3662, 0
3663, 0
3664, 0
3665, -133
3666, -132
3667, -131
3668, -129
3669, -126
3670, -126
3671, -124
3672, -125
3673, 0
3674, -124
3675, -124
3676, 0
3677, -119
3678, -121
3679, 0
3680, 0
3681, -130
3682, -129
3683, -130
3684, 0
3685, -127
3686, -126
3687, -124
3688, -123
3689, -123
3690, 0
3691, -120
3692, -119
3693, -118
3694, 0
3695, 0
3696, 0
3697, -128
3698, -129
3699, -127
3700, -125
3701, -123
3702, -122
3703, -121
3704, -122
3705, -119
3706, -118
3707, -118
3708, -117
3709, -117
3710, -118
3711, 0
3712, 0
3713, -133
3714, -139
3715, -137
3716, -135
3717, -135
3718, -135
3719, 0
3720, -129
3721, -129
3722, -128
3723, -129
3724, -126
3725, -126
3726, -125
3727, 0
3728, 0
3729, -136
3730, -135
3731, -134
3732, -133
3733, -132
3734, -131
3735, -129
3736, -128
3737, -126
3738, -125
3739, -125
3740, -124
3741, -123
3742, -123
3743, 0
3744, 0
3745, -133
3746, -132
3747, -131
3748, -130
3749, -129
3750, -128
3751, -125
3752, -125
3753, -123
3754, 0
3755, -121
3756, -119
3757, -117
3758, -116
3759, 0
3760, 0
3761, -129
3762, -127
3763, -127
3764, -127
3765, -125
3766, -123
3767, 0
3768, 0
3769, -129
3770, -125
3771, -123
3772, -122
3773, -120
3774, -119
3775, 0
3776, 0
3777, -123
3778, -123
3779, -122
3780, -121
3781, -119
3782, 0
3783, 0
3784, 0
3785, -128
3786, -128
3787, -128
3788, -126
3789, -125
3790, -124
3791, -122
3792, -122
3793, -122
3794, 0
3795, -120
3796, -116
3797, -113
3798, -114
3799, 0
3800, 0
3801, -125
3802, -124
3803, -124
3804, -124
3805, 0
3806, 0
3807, 0
3808, 0
3809, -125
3810, 0
3811, -120
3812, -120
3813, -116
3814, -115
3815, 0
3816, 0
3817, 0
3818, -119
3819, -118
3820, -115
3821, 0
3822, 0
3823, 0
3824, 0
3825, -125
3826, -125
3827, -125
3828, -124
3829, -121
3830, -120
3831, -118
3832, -117
3833, -115
3834, -114
3835, -112
3836, -110
3837, 0
3838, 0
3839, 0
3840, 0
3841, -124
3842, -120
3843, -118
3844, -115
3845, 0
3846, -114
3847, -111
3848, 0
3849, -111
3850, 0
3851, -106
3852, -104
3853, 0
3854, 0
3855, 0
3856, 0
3857, -113
3858, -112
3859, -112
3860, -110
3861, -110
3862, -109
3863, 0
3864, 0
3865, -121
3866, -118
3867, -117
3868, -117
3869, -116
3870, 0
3871, 0
3872, -113
3873, 0
3874, -106
3875, -105
3876, -105
3877, -103
3878, 0
3879, 0
3880, 0
3881, -115
3882, -113
3883, -111
3884, -109
3885, -108
3886, -105
3887, 0
3888, 0
3889, -110
3890, -107
3891, -95
3892, 0
3893, -95
3894, 0
3895, 0
3896, 0
3897, -96
3898, -94
3899, -95
3900, -93
3901, -91
3902, -88
3903, 0
3904, 0
3905, -100
3906, -99
3907, -98
3908, 0
3909, -98
3910, 0
3911, 0
3912, 0
3913, -97
3914, -96
3915, -97
3916, -95
3917, 0
3918, 0
3919, 0
3920, 0
3921, -94
3922, -91
3923, -90
3924, -88
3925, -87
3926, 0
3927, 0
3928, 0
3929, -97
3930, 0
3931, -95
3932, 0
3933, -88
3934, -88
3935, 0
3936, 0
3937, -92
3938, -90
3939, 0
3940, -88
3941, -86
3942, -86
3943, 0
3944, 0
3945, -92
3946, -91
3947, -93
3948, -90
3949, -89
3950, -89
3951, 0
3952, 0
3953, -99
3954, -100
3955, 0
3956, -99
3957, 0
3958, -92
3959, 0
3960, 0
3961, -106
3962, -105
3963, -102
3964, -99
3965, -96
3966, -97
3967, -95
3968, -93
3969, -94
3970, -90
3971, -87
3972, -86
3973, 0
3974, 0
3975, 0
3976, 0
3977, -95
3978, -94
3979, -90
3980, -89
3981, -88
3982, 0
3983, 0
3984, 0
3985, -99
3986, -95
3987, -94
3988, -92
3989, -90
3990, -89
3991, -89
3992, 0
3993, -99
3994, -97
3995, -97
3996, -98
3997, -96
3998, -96
3999, -93
4000, -91
4001, -87
4002, -86
4003, -86
4004, -83
4005, -79
4006, -77
4007, 0
4008, 0
4009, -90
4010, -88
4011, -84
4012, -83
4013, -81
4014, -81
4015, 0
4016, 0
4017, -92
4018, -90
4019, -85
4020, -84
4021, -84
4022, -82
4023, 0
4024, 0
4025, -90
4026, -90
4027, -89
4028, -89
4029, -85
4030, -83
4031, 0
4032, -84
4033, -83
4034, 0
4035, -75
4036, -72
4037, -70
4038, -70
4039, 0
4040, 0
4041, -80
4042, -78
4043, -77
4044, -75
4045, -63
4046, -61
4047, 0
4048, 0
4049, -74
4050, -73
4051, -69
4052, -67
4053, -65
4054, 0
4055, 0
4056, 0
4057, -74
4058, 0
4059, -73
4060, 0
4061, -65
4062, -66
4063, 0
4064, 0
4065, -71
4066, -69
4067, -68
4068, -69
4069, -65
4070, -63
4071, 0
4072, 0
4073, -74
4074, -75
4075, -72
4076, -69
4077, -66
4078, -66
4079, 0
4080, 0
4081, -67
4082, -65
4083, -63
4084, -61
4085, -58
4086, -57
4087, 0
4088, 0
4089, -67
4090, -64
4091, -61
4092, -62
4093, 0
4094, -56
4095, 0
4096, 0
4097, -66
4098, 0
4099, -64
4100, 0
4101, 0
4102, -58
4103, 0
4104, 0
4105, -68
4106, -66
4107, -65
4108, -62
4109, -58
4110, 0
4111, 0
4112, 0
4113, -68
4114, -64
4115, 0
4116, -64
4117, -62
4118, -59
4119, 0
4120, 0
4121, -68
4122, 0
4123, -67
4124, 0
4125, -61
4126, -59
4127, 0
4128, 0
4129, -70
4130, -68
4131, -64
4132, -63
4133, -62
4134, -60
4135, 0
4136, 0
4137, -61
4138, -60
4139, -59
4140, -56
4141, 0
4142, 0
4143, 0
4144, 0
4145, -61
4146, -59
4147, -58
4148, -56
4149, -55
4150, -52
4151, 0
4152, 0
4153, -62
4154, -59
4155, -57
4156, -54
4157, -53
4158, -53
4159, 0
4160, 0
4161, -56
4162, 0
4163, -48
4164, -48
4165, -46
4166, -44
4167, 0
4168, 0
4169, -56
4170, 0
4171, -52
4172, -50
4173, -46
4174, -43
4175, 0
4176, 0
4177, -56
4178, -54
4179, -52
4180, -48
4181, -46
4182, -47
4183, 0
4184, 0
4185, -56
4186, -53
4187, -52
4188, -52
4189, -49
4190, -45
4191, 0
4192, 0
4193, 0
4194, 0
4195, -44
4196, -40
4197, -37
4198, -33
4199, 0
4200, 0
4201, -44
4202, 0
4203, -42
4204, -38
4205, -36
4206, 0
4207, 0
4208, 0
4209, -51
4210, -52
4211, -49
4212, -47
4213, -42
4214, 0
4215, 0
4216, 0
4217, -41
4218, 0
4219, -40
4220, -35
4221, -31
4222, 0
4223, 0
4224, 0
4225, -41
4226, 0
4227, -36
4228, -33
4229, -31
4230, 0
4231, 0
4232, 0
4233, -39
4234, 0
4235, -35
4236, -34
4237, -31
4238, -30
4239, 0
4240, 0
4241, -37
4242, -39
4243, -38
4244, -34
4245, 0
4246, -26
4247, 0
4248, 0
4249, -38
4250, -35
4251, -31
4252, -29
4253, 0
4254, -26
4255, 0
4256, 0
4257, -35
4258, 0
4259, -27
4260, -28
4261, 0
4262, -25
4263, 0
4264, 0
4265, -31
4266, 0
4267, -27
4268, -24
4269, -21
4270, 0
4271, 0
4272, 0
4273, -27
4274, -23
4275, -22
4276, -18
4277, 0
4278, 0
4279, 0
4280, 0
4281, 0
4282, 0
4283, -24
4284, -24
4285, -20
4286, 0
4287, 0
4288, 0
4289, -29
4290, 0
4291, -26
4292, -23
4293, -19
4294, -11
4295, 0
4296, 0
4297, -37
4298, -35
4299, -31
4300, -30
4301, -29
4302, -29
4303, -27
4304, 0
4305, 0
4306, 0
4307, -16
4308, -14
4309, -10
4310, 0
4311, 0
4312, 0
4313, -17
4314, 0
4315, -15
4316, -10
4317, -7
4318, -5
4319, 0
4320, 0
4321, -33
4322, -30
4323, -28
4324, -26
4325, 0
4326, 0
4327, 0
4328, 0
4329, -23
4330, 0
4331, -23
4332, -20
4333, -17
4334, 0
4335, 0
4336, 0
4337, -37
4338, -35
4339, -33
4340, -32
4341, -30
4342, -25
4343, 0
4344, 0
4345, -37
4346, -37
4347, -36
4348, -35
4349, -33
4350, -31
4351, 0
4352, 0
4353, 0
4354, 0
4355, -36
4356, -35
4357, 0
4358, 0
4359, 0
4360, 0
4361, -39
4362, 0
4363, -36
4364, -33
4365, -28
4366, -27
4367, 0
4368, 0
4369, -32
4370, 0
4371, -30
4372, -28
4373, -28
4374, -28
4375, 0
4376, 0
4377, -42
4378, -40
4379, -40
4380, -40
4381, 0
4382, 0
4383, 0
4384, 0
4385, -39
4386, 0
4387, -34
4388, -32
4389, -31
4390, -28
4391, 0
4392, 0
4393, -42
4394, -41
4395, 0
4396, -38
4397, 0
4398, -35
4399, 0
4400, 0
4401, -47
4402, -44
4403, -44
4404, -45
4405, -41
4406, -41
4407, -41
4408, 0
4409, -40
4410, 0
4411, -36
4412, -35
4413, -33
4414, -32
4415, 0
4416, 0
4417, -43
4418, -41
4419, -40
4420, -36
4421, 0
4422, -24
4423, 0
4424, 0
4425, -27
4426, -25
4427, -23
4428, -23
4429, 0
4430, -18
4431, 0
4432, 0
4433, -24
4434, 0
4435, -20
4436, -18
4437, -16
4438, -13
4439, 0
4440, 0
4441, -20
4442, -18
4443, -15
4444, -13
4445, -12
4446, -12
4447, 0
4448, 0
4449, -23
4450, -21
4451, -20
4452, -21
4453, -18
4454, 0
4455, 0
4456, 0
4457, -30
4458, -28
4459, -26
4460, -26
4461, -24
4462, -21
4463, 0
4464, 0
4465, -37
4466, -36
4467, -36
4468, 0
4469, -32
4470, -31
4471, 0
4472, 0
4473, -41
4474, -40
4475, -39
4476, -40
4477, -38
4478, -36
4479, 0
4480, 0
4481, -39
4482, -40
4483, -40
4484, -38
4485, 0
4486, -35
4487, 0
4488, 0
4489, -40
4490, 0
4491, -39
4492, 0
4493, -33
4494, -33
4495, 0
4496, 0
4497, -42
4498, -41
4499, -39
4500, -40
4501, -40
4502, -36
4503, -35
4504, -35
4505, -33
4506, -34
4507, -32
4508, -31
4509, -27
4510, -26
4511, 0
4512, 0
4513, -40
4514, 0
4515, -37
4516, 0
4517, -32
4518, 0
4519, -30
4520, -28
4521, -25
4522, 0
4523, -24
4524, -23
4525, -20
4526, -18
4527, 0
4528, 0
4529, -30
4530, -29
4531, -27
4532, -28
4533, -26
4534, -24
4535, 0
4536, 0
4537, -33
4538, -31
4539, -30
4540, -29
4541, -28
4542, -29
4543, -27
4544, -25
4545, -23
4546, 0
4547, -26
4548, -24
4549, -21
4550, -20
4551, 0
4552, 0
4553, -35
4554, -35
4555, -35
4556, -33
4557, -31
4558, 0
4559, -31
4560, 0
4561, -45
4562, 0
4563, -44
4564, 0
4565, -40
4566, -40
4567, -38
4568, 0
4569, -42
4570, -41
4571, -41
4572, -40
4573, -37
4574, -36
4575, 0
4576, 0
4577, -41
4578, -42
4579, -41
4580, -38
4581, -39
4582, -36
4583, 0
4584, 0
4585, -42
4586, -43
4587, -42
4588, -40
4589, -39
4590, -40
4591, 0
4592, 0
4593, 0
4594, -44
4595, -42
4596, -43
4597, -43
4598, -42
4599, 0
4600, 0
4601, -47
4602, -45
4603, -44
4604, -44
4605, -39
4606, -37
4607, 0
4608, 0
4609, 0
4610, -39
4611, -39
4612, -39
4613, -39
4614, -38
4615, 0
4616, 0
4617, -43
4618, -43
4619, -41
4620, -41
4621, -40
4622, -41
4623, -40
4624, -38
4625, -37
4626, 0
4627, -37
4628, -36
4629, -34
4630, -33
4631, 0
4632, 0
4633, -48
4634, -46
4635, 0
4636, -48
4637, 0
4638, -46
4639, -45
4640, -43
4641, -43
4642, 0
4643, -42
4644, -43
4645, -43
4646, 0
4647, 0
4648, 0
4649, -53
4650, -53
4651, -53
4652, -53
4653, -53
4654, -51
4655, -51
4656, -52
4657, -50
4658, 0
4659, -52
4660, -50
4661, -49
4662, -50
4663, 0
4664, -59
4665, -58
4666, 0
4667, -56
4668, -54
4669, -52
4670, -53
4671, 0
4672, 0
4673, -67
4674, -66
4675, -66
4676, -67
4677, -66
4678, -64
4679, -64
4680, -50
4681, -49
4682, -48
4683, -48
4684, -47
4685, -47
4686, -45
4687, 0
4688, 0
4689, -59
4690, -58
4691, -57
4692, 0
4693, -59
4694, 0
4695, -54
4696, -54
4697, -52
4698, 0
4699, 0
4700, 0
4701, -53
4702, 0
4703, 0
4704, 0
4705, -58
4706, -55
4707, -56
4708, -56
4709, -54
4710, -54
4711, -53
4712, -53
4713, -51
4714, -51
4715, -51
4716, 0
4717, -50
4718, -48
4719, -48
4720, -47
4721, -46
4722, -48
4723, -46
4724, -44
4725, -43
4726, -44
4727, 0
4728, 0
4729, -57
4730, -57
4731, -57
4732, -56
4733, -54
4734, -54
4735, -54
4736, -55
4737, -55
4738, -55
4739, 0
4740, -52
4741, 0
4742, -52
4743, 0
4744, 0
4745, 0
4746, -59
4747, -57
4748, -56
4749, -55
4750, 0
4751, 0
4752, 0
4753, -61
4754, -60
4755, -59
4756, -59
4757, -58
4758, -58
4759, -59
4760, -59
4761, -57
4762, -55
4763, -56
4764, -57
4765, -55
4766, 0
4767, 0
4768, -57
4769, 0
4770, 0
4771, -57
4772, 0
4773, -50
4774, -50
4775, 0
4776, 0
4777, -56
4778, 0
4779, -59
4780, 0
4781, -56
4782, -55
4783, -54
4784, -56
4785, 0
4786, 0
4787, -53
4788, -51
4789, -50
4790, -50
4791, 0
4792, 0
4793, -56
4794, -56
4795, -57
4796, -56
4797, -57
4798, -56
4799, 0
4800, 0
4801, -62
4802, -62
4803, -61
4804, -61
4805, -60
4806, -61
4807, -59
4808, -59
4809, -59
4810, -58
4811, 0
4812, -60
4813, -59
4814, 0
4815, -56
4816, -56
4817, -55
4818, -56
4819, -55
4820, -55
4821, -55
4822, -55
4823, 0
4824, 0
4825, 0
4826, -64
4827, 0
4828, -61
4829, -60
4830, -60
4831, 0
4832, 0
4833, 0
4834, 0
4835, -69
4836, 0
4837, -67
4838, -67
4839, -66
4840, -66
4841, -66
4842, -64
4843, -63
4844, 0
4845, -66
4846, 0
4847, 0
4848, -62
4849, -60
4850, 0
4851, -59
4852, -60
4853, -58
4854, -58
4855, 0
4856, 0
4857, -65
4858, -66
4859, -65
4860, -64
4861, -63
4862, -63
4863, -63
4864, -63
4865, -64
4866, -63
4867, -63
4868, -63
4869, -62
4870, -60
4871, -60
4872, -60
4873, -62
4874, -62
4875, 0
4876, -59
4877, -59
4878, -59
4879, -59
4880, -59
4881, -59
4882, 0
4883, -59
4884, -59
4885, -60
4886, -59
4887, 0
4888, 0
4889, -66
4890, -66
4891, -65
4892, -65
4893, -62
4894, -61
4895, -62
4896, -61
4897, -62
4898, -62
4899, -61
4900, -61
4901, -61
4902, -61
4903, 0
4904, 0
4905, 0
4906, -67
4907, -68
4908, -68
4909, -67
4910, -68
4911, -67
4912, 0
4913, 0
4914, -61
4915, 0
4916, -59
4917, -59
4918, -58
4919, -57
4920, -58
4921, -58
4922, -57
4923, -58
4924, -57
4925, -58
4926, -58
4927, -56
4928, -56
4929, -55
4930, 0
4931, -58
4932, -56
4933, -55
4934, -56
4935, 0
4936, 0
4937, -62
4938, -64
4939, -64
4940, -64
4941, -63
4942, -61
4943, -61
4944, -62
4945, -60
4946, -60
4947, -59
4948, -59
4949, -59
4950, -60
4951, -59
4952, -60
4953, 0
4954, -62
4955, 0
4956, -60
4957, -60
4958, -59
4959, -59
4960, -59
4961, -59
4962, -59
4963, -59
4964, -60
4965, -58
4966, -58
4967, -59
4968, -58
4969, -58
4970, -57
4971, 0
4972, -59
4973, 0
4974, 0
4975, -59
4976, -59
4977, 0
4978, -57
4979, -57
4980, -58
4981, -59
4982, -58
4983, -58
4984, -58
4985, -58
4986, -57
4987, -57
4988, -58
4989, -57
4990, 0
4991, 0
4992, 0
4993, -65
4994, -65
4995, -66
4996, -65
4997, -65
4998, -65
4999, 0
5000, 0
5001, -73
5002, -73
5003, -73
5004, -73
5005, -73
5006, -73
5007, -73
5008, -74
5009, -74
5010, -73
5011, -73
5012, -74
5013, -73
5014, -73
5015, 0
5016, 0
5017, -81
5018, -81
5019, -82
5020, -81
5021, -81
5022, -81
5023, -81
5024, -81
5025, -82
5026, -81
5027, -80
5028, -80
5029, -80
5030, -80
5031, -80
5032, -80
5033, 0
5034, 0
5035, 0
5036, 0
5037, 0
5038, 0
5039, 0
5040, 0
5041, 0
5042, 0
5043, 0
5044, 0
5045, 0
5046, 0
5047, 0
5048, 0
5049, 0
5050, 0
5051, 0
5052, -80
5053, -80
5054, -80
5055, -81
5056, -79
5057, -79
5058, -79
5059, -80
5060, -80
5061, -80
5062, 0
5063, -81
5064, 0
5065, -80
5066, -80
5067, -80
5068, -81
5069, -80
5070, -79
5071, -79
5072, -79
5073, -79
5074, -79
5075, -79
5076, -80
5077, -80
5078, -79
5079, -79
5080, -79
5081, 0
5082, -81
5083, -81
5084, -80
5085, -80
5086, -80
5087, -80
5088, -80
5089, -79
5090, -79
5091, -80
5092, -80
5093, -80
5094, -80
5095, -80
5096, -79
5097, -79
5098, -79
5099, -80
5100, -81
5101, -81
5102, -80
5103, -80
5104, -80
5105, 0
5106, -82
5107, -82
5108, -81
5109, -81
5110, -81
5111, -81
5112, -81
5113, -80
5114, -80
5115, -82
5116, -82
5117, -80
5118, -81
5119, -81
5120, -81
5121, -80
5122, -80
5123, -80
5124, -82
5125, -82
5126, -81
5127, -81
5128, -81
5129, 0
5130, -84
5131, -84
5132, -83
5133, -82
5134, -82
5135, -82
5136, -82
5137, -81
5138, -81
5139, -82
5140, -82
5141, -81
5142, -81
5143, -81
5144, 0
5145, 0
5146, 0
5147, -74
5148, -74
5149, -66
5150, -64
5151, -64
5152, -64
5153, 0
5154, -66
5155, 0
5156, -67
5157, 0
5158, -65
5159, -67
5160, -67
5161, 0
5162, -69
5163, 0
5164, -65
5165, -66
5166, -65
5167, 0
5168, 0
5169, -73
5170, -73
5171, -74
5172, -75
5173, 0
5174, 0
5175, 0
5176, 0
5177, 0
5178, 0
5179, 0
5180, 0
5181, 0
5182, 0
5183, 0
5184, 0
5185, 0
5186, 0
5187, 0
5188, 0
5189, 0
5190, 0
5191, 0
5192, -66
5193, -67
5194, -67
5195, -66
5196, -66
5197, -66
5198, -67
5199, -66
5200, -67
5201, -67
5202, -65
5203, 0
5204, -65
5205, 0
5206, -62
5207, 0
5208, 0
5209, -69
5210, -69
5211, -68
5212, -67
5213, -68
5214, -69
5215, -68
5216, -68
5217, -69
5218, -68
5219, -68
5220, -69
5221, -68
5222, -69
5223, -71
5224, -70
5225, -68
5226, -68
5227, -70
5228, -70
5229, -69
5230, -70
5231, -69
5232, 0
5233, -77
5234, -77
5235, -78
5236, -76
5237, -76
5238, -77
5239, -75
5240, -75
5241, -75
5242, -74
5243, -73
5244, -69
5245, -64
5246, -62
5247, -59
5248, 0
5249, 0
5250, 0
5251, -34
5252, -27
5253, -21
5254, 41
5255, 0
5256, 198
5257, 114
5258, 119
5259, 0
5260, 54
5261, 0
5262, 48
5263, 0
5264, 0
5265, 38
5266, 38
5267, 0
5268, -1257
5269, -1273
5270, -1229
5271, -1365
5272, -1553
5273, 0
5274, 0
5275, 0
5276, 0
5277, 0
5278, 0
5279, 0
5280, 0
5281, 0
5282, 0
5283, 0
5284, 0
5285, 0
5286, 0
5287, 0
5288, 0
5289, 0
5290, 0
5291, 0
5292, 0
5293, 0
5294, 0
5295, 0
5296, 0
5297, 0
5298, 0
5299, 0
5300, 0
5301, 0
5302, 0
5303, 0
5304, 0
5305, 0
5306, 0
5307, 0
5308, 0
5309, 0
5310, 0
5311, 0
5312, 0
5313, 0
5314, 0
5315, 0
5316, 0
5317, 0
5318, 0
5319, 0
5320, 0
5321, 0
5322, 0
5323, 0
5324, 0
5325, 0
5326, 0
5327, 0
5328, 0
5329, 0
5330, 0
5331, 0
5332, 0
5333, 0
5334, 0
5335, 0
5336, 0
5337, 0
5338, 0
5339, 0
5340, 0
5341, 0
5342, 0
5343, 0
5344, 0
5345, 0
5346, 0
5347, 0
5348, 0
5349, 0
5350, 0
5351, 0
5352, 0
5353, 0
5354, 0
5355, 0
5356, 0
5357, 0
5358, 0
5359, 0
5360, 0
5361, 0
5362, 0
5363, 0
5364, 0
5365, 0
5366, 0
5367, 0
5368, 0
5369, 0
5370, 0
5371, 0
5372, 0
5373, 0
5374, 0
5375, 0
5376, 0
5377, 0
5378, 0
5379, 0
5380, 0
5381, 0
5382, 0
5383, 0
5384, 0
5385, 0
5386, 0
5387, 0
5388, 0
5389, 0
5390, 0
5391, 0
5392, 0
5393, 0
5394, 0
5395, 0
5396, 0
5397, 0
5398, 0
5399, 0
5400, 0
5401, 0
5402, 0
5403, 0
5404, 0
5405, 0
5406, 0
5407, 0
5408, 0
5409, 0
5410, 0
5411, 0
5412, 0
5413, 0
5414, 0
5415, 0
5416, 0
5417, 0
5418, 0
5419, 0
5420, 0
5421, 0
5422, 0
5423, 0
5424, 0
5425, 0
5426, 0
5427, 0
5428, 0
5429, 0
5430, 0
5431, 0
5432, 0
5433, 0
5434, 0
5435, 0
5436, 0
5437, 0
