0, 0
1, 0
2, 0
3, 0
4, 0
5, 0
6, 0
7, 0
8, 0
9, 0
10, 0
11, 0
12, 0
13, 0
14, 0
15, 0
16, 0
17, 0
18, 0
19, 0
20, 0
21, 0
22, 0
23, 0
24, 0
25, 0
26, 0
27, 0
28, 0
29, 0
30, 0
31, 0
32, 0
33, 0
34, 0
35, 0
36, 0
37, 0
38, 0
39, 0
40, 0
41, 0
42, 0
43, 0
44, 0
45, 0
46, 0
47, 0
48, 0
49, 0
50, 0
51, 0
52, 0
53, 0
54, 0
55, 0
56, 0
57, 0
58, 0
59, 0
60, 0
61, 0
62, 0
63, 0
64, 0
65, 0
66, 0
67, 0
68, 0
69, 0
70, 0
71, 0
72, 0
73, 0
74, 0
75, 0
76, 0
77, 0
78, 0
79, 0
80, 0
81, 0
82, 0
83, 0
84, 0
85, 0
86, 0
87, 0
88, 0
89, 0
90, 0
91, 0
92, 0
93, 0
94, 0
95, 0
96, 0
97, 0
98, 0
99, 0
100, 0
101, 0
102, 0
103, 0
104, 0
105, 0
106, 0
107, 0
108, 0
109, 0
110, 0
111, 0
112, 0
113, 0
114, 0
115, 0
116, 0
117, 0
118, 0
119, 0
120, 0
121, 0
122, 0
123, 0
124, 0
125, 0
126, 0
127, 0
128, 0
129, 0
130, 0
131, 0
132, 0
133, 0
134, 0
135, 0
136, 0
137, 0
138, 0
139, 0
140, 0
141, 0
142, 0
143, 0
144, 0
145, 0
146, 0
147, 0
148, 0
149, 0
150, 0
151, 0
152, 0
153, 0
154, 0
155, 0
156, 0
157, 0
158, 0
159, 0
160, 0
161, 0
162, 0
163, 0
164, 0
165, 0
166, 0
167, 0
168, 0
169, 0
170, 0
171, 0
172, 0
173, 0
174, 0
175, 0
176, 0
177, 0
178, 0
179, 0
180, 0
181, 0
182, 0
183, 0
184, 0
185, 0
186, 0
187, 0
188, 0
189, 0
190, 0
191, 0
192, 0
193, 0
194, 0
195, 0
196, 0
197, 0
198, 0
199, 0
200, 0
201, 0
202, 0
203, 0
204, 0
205, 0
206, 0
207, 0
208, 0
209, 0
210, 0
211, 0
212, 0
213, 0
214, 0
215, 0
216, 0
217, 0
218, 0
219, 0
220, 0
221, 0
222, 0
223, 0
224, 0
225, 0
226, 0
227, 0
228, 0
229, 0
230, 0
231, 0
232, 0
233, 0
234, 0
235, 0
236, 0
237, 0
238, 0
239, 0
240, 0
241, 0
242, 0
243, 0
244, 0
245, 0
246, 0
247, 0
248, 0
249, 0
250, 0
251, 0
252, 0
253, 0
254, 0
255, 0
256, 0
257, 0
258, 0
259, 0
260, 0
261, 0
262, 0
263, 0
264, 0
265, 0
266, 0
267, 0
268, 0
269, 0
270, 0
271, 0
272, 0
273, 0
274, 0
275, 0
276, 0
277, 0
278, 0
279, 0
280, 0
281, 0
282, 0
283, 0
284, 0
285, 0
286, 0
287, 0
288, 0
289, 0
290, 0
291, 0
292, 0
293, 0
294, 0
295, 0
296, 0
297, 0
298, 0
299, 0
300, 0
301, 0
302, 0
303, 0
304, 0
305, 0
306, 0
307, 0
308, 0
309, 0
310, 0
311, 0
312, 0
313, 0
314, 0
315, 0
316, 0
317, 0
318, 0
319, 0
320, 0
321, 0
322, 0
323, 0
324, 0
325, 0
326, 0
327, 0
328, 0
329, 0
330, 0
331, 0
332, 0
333, 0
334, 0
335, 0
336, 0
337, 0
338, 0
339, 0
340, 0
341, 0
342, 0
343, 0
344, 0
345, 0
346, 0
347, 0
348, 0
349, 0
350, 0
351, 0
352, 0
353, 0
354, 0
355, 0
356, 0
357, 0
358, 0
359, 0
360, 0
361, 0
362, 0
363, 0
364, 0
365, 0
366, 0
367, 0
368, 0
369, 0
370, 0
371, 0
372, 0
373, 0
374, 0
375, 0
376, 0
377, 0
378, 0
379, 0
380, 0
381, 0
382, 0
383, 0
384, 0
385, 0
386, 0
387, 0
388, 0
389, 0
390, 0
391, 0
392, 0
393, 0
394, 0
395, 0
396, 0
397, 0
398, 0
399, 0
400, 0
401, 0
402, 0
403, 0
404, 0
405, 0
406, 0
407, 0
408, 0
409, 0
410, 0
411, 0
412, 0
413, 0
414, 0
415, 0
416, 0
417, 0
418, 0
419, 0
420, 0
421, 0
422, 0
423, 0
424, 0
425, 0
426, 0
427, 0
428, 0
429, 0
430, 0
431, 0
432, 0
433, 0
434, 0
435, 0
436, 0
437, 0
438, 0
439, 0
440, 0
441, 0
442, 0
443, 0
444, 0
445, 0
446, 0
447, 0
448, 0
449, 0
450, 0
451, 0
452, 0
453, 0
454, 0
455, 0
456, 0
457, 0
458, 0
459, 0
460, 0
461, 0
462, 0
463, 0
464, 0
465, 0
466, 0
467, 0
468, 0
469, 0
470, 0
471, 0
472, 0
473, 0
474, 0
475, 0
476, 0
477, 0
478, 0
479, 0
480, 0
481, 0
482, 0
483, 0
484, 0
485, 0
486, 0
487, 0
488, 0
489, 0
490, 0
491, 0
492, 0
493, 0
494, 0
495, 0
496, 0
497, 0
498, 0
499, 0
500, 0
501, 0
502, 0
503, 0
504, 0
505, 0
506, 0
507, 0
508, 0
509, 0
510, 0
511, 0
512, 0
513, 0
514, 0
515, 0
516, 0
517, 0
518, 0
519, 0
520, 0
521, 0
522, 0
523, 0
524, 0
525, 0
526, 0
527, 0
528, 0
529, 0
530, 0
531, 0
532, 0
533, 0
534, 0
535, 0
536, 0
537, 0
538, 0
539, 0
540, 0
541, 0
542, 0
543, 0
544, 0
545, 0
546, 0
547, 0
548, 0
549, 0
550, 0
551, 0
552, 0
553, 0
554, 0
555, 0
556, 0
557, 0
558, 0
559, 0
560, 0
561, 0
562, 0
563, 0
564, 0
565, 0
566, 0
567, 0
568, 0
569, 0
570, 0
571, 0
572, 0
573, 0
574, 0
575, 0
576, 0
577, 0
578, 0
579, 0
580, 0
581, 0
582, 0
583, 0
584, 0
585, 0
586, 0
587, 0
588, 0
589, 0
590, 0
591, 0
592, 0
593, 0
594, 0
595, 0
596, 0
597, 0
598, 0
599, 0
600, 0
601, 0
602, 0
603, 0
604, 0
605, 0
606, 0
607, 0
608, 0
609, 0
610, 0
611, 0
612, 0
613, 0
614, 0
615, 0
616, 0
617, 0
618, 0
619, 0
620, 0
621, 0
622, 0
623, 0
624, 0
625, 0
626, 0
627, 0
628, 0
629, 0
630, 0
631, 0
632, 0
633, 0
634, 0
635, 0
636, 0
637, 0
638, 0
639, 0
640, 0
641, 0
642, 0
643, 0
644, 0
645, 0
646, 0
647, 0
648, 1791
649, 0
650, 1791
651, 1791
652, 1792
653, 1711
654, 1625
655, 1615
656, 1606
657, 1605
658, 1605
659, 1605
660, 1607
661, 1560
662, 1501
663, 0
664, 1480
665, 1478
666, 0
667, 1480
668, 1480
669, 1479
670, 1447
671, 1380
672, 0
673, 0
674, 0
675, 0
676, 1368
677, 0
678, 1341
679, 0
680, 1281
681, 1278
682, 1279
683, 1278
684, 1277
685, 1278
686, 1253
687, 1229
688, 1224
689, 1223
690, 1224
691, 1223
692, 1223
693, 1221
694, 1197
695, 1165
696, 1160
697, 1159
698, 1158
699, 1156
700, 1158
701, 1160
702, 1142
703, 1099
704, 0
705, 0
706, 1103
707, 1102
708, 1102
709, 1101
710, 1098
711, 1052
712, 1049
713, 1047
714, 1047
715, 1047
716, 1047
717, 1046
718, 1047
719, 0
720, 983
721, 0
722, 982
723, 983
724, 984
725, 984
726, 965
727, 947
728, 937
729, 936
730, 934
731, 935
732, 936
733, 935
734, 912
735, 902
736, 887
737, 882
738, 881
739, 884
740, 888
741, 886
742, 871
743, 848
744, 840
745, 839
746, 838
747, 838
748, 838
749, 838
750, 825
751, 807
752, 0
753, 0
754, 807
755, 808
756, 807
757, 805
758, 0
759, 775
760, 772
761, 774
762, 773
763, 775
764, 775
765, 775
766, 767
767, 738
768, 730
769, 727
770, 727
771, 727
772, 725
773, 726
774, 722
775, 711
776, 694
777, 694
778, 695
779, 695
780, 696
781, 696
782, 694
783, 657
784, 0
785, 652
786, 652
787, 652
788, 656
789, 655
790, 0
791, 629
792, 623
793, 622
794, 621
795, 622
796, 622
797, 622
798, 607
799, 585
800, 582
801, 582
802, 582
803, 583
804, 583
805, 582
806, 553
807, 551
808, 0
809, 0
810, 558
811, 557
812, 559
813, 560
814, 559
815, 536
816, 0
817, 0
818, 0
819, 0
820, 525
821, 526
822, 515
823, 0
824, 486
825, 485
826, 0
827, 486
828, 0
829, 483
830, 0
831, 468
832, 461
833, 461
834, 462
835, 462
836, 463
837, 463
838, 463
839, 436
840, 0
841, 0
842, 439
843, 437
844, 438
845, 439
846, 437
847, 415
848, 0
849, 0
850, 0
851, 414
852, 0
853, 412
854, 0
855, 385
856, 382
857, 382
858, 382
859, 384
860, 382
861, 382
862, 367
863, 352
864, 0
865, 0
866, 359
867, 358
868, 359
869, 360
870, 359
871, 338
872, 0
873, 0
874, 334
875, 0
876, 334
877, 334
878, 0
879, 315
880, 310
881, 312
882, 312
883, 310
884, 310
885, 311
886, 303
887, 288
888, 0
889, 0
890, 0
891, 0
892, 295
893, 295
894, 293
895, 272
896, 0
897, 0
898, 277
899, 278
900, 279
901, 279
902, 260
903, 252
904, 250
905, 248
906, 246
907, 246
908, 245
909, 247
910, 248
911, 226
912, 222
913, 0
914, 222
915, 222
916, 223
917, 224
918, 224
919, 202
920, 0
921, 0
922, 0
923, 0
924, 196
925, 0
926, 187
927, 0
928, 174
929, 0
930, 176
931, 175
932, 175
933, 167
934, 167
935, 154
936, 0
937, 0
938, 160
939, 159
940, 159
941, 157
942, 0
943, 139
944, 134
945, 134
946, 136
947, 135
948, 132
949, 132
950, 134
951, 122
952, 118
953, 118
954, 118
955, 117
956, 119
957, 120
958, 96
959, 94
960, 0
961, 0
962, 103
963, 104
964, 104
965, 102
966, 101
967, 93
968, 89
969, 87
970, 88
971, 0
972, 85
973, 85
974, 0
975, 70
976, 0
977, 0
978, 68
979, 71
980, 72
981, 70
982, 72
983, 59
984, 0
985, 0
986, 62
987, 63
988, 63
989, 63
990, 63
991, 43
992, 0
993, 0
994, 46
995, 47
996, 47
997, 48
998, 42
999, 33
1000, 0
1001, 0
1002, 29
1003, 30
1004, 24
1005, 22
1006, 22
1007, 0
1008, 0
1009, 0
1010, 0
1011, 16
1012, 16
1013, 16
1014, 0
1015, 1
1016, 0
1017, 0
1018, -11
1019, -9
1020, -9
1021, -11
1022, -8
1023, 0
1024, 0
1025, 0
1026, 0
1027, -17
1028, -19
1029, 0
1030, -17
1031, 0
1032, 0
1033, 0
1034, -33
1035, -36
1036, -34
1037, -33
1038, -33
1039, -34
1040, 0
1041, 0
1042, -49
1043, -50
1044, -50
1045, -49
1046, -51
1047, -52
1048, 0
1049, 0
1050, -59
1051, -57
1052, -57
1053, -56
1054, -58
1055, -57
1056, 0
1057, 0
1058, -66
1059, -66
1060, -65
1061, -64
1062, -66
1063, -64
1064, 0
1065, 0
1066, -81
1067, -82
1068, -81
1069, -81
1070, 0
1071, -85
1072, 0
1073, 0
1074, -98
1075, 0
1076, -96
1077, -98
1078, -96
1079, -97
1080, 0
1081, 0
1082, 0
1083, -90
1084, -89
1085, -89
1086, -90
1087, -89
1088, -90
1089, -117
1090, -113
1091, -112
1092, 0
1093, -115
1094, 0
1095, -115
1096, 0
1097, 0
1098, -114
1099, -114
1100, 0
1101, -112
1102, -112
1103, -114
1104, -117
1105, -132
1106, -128
1107, -129
1108, -131
1109, -128
1110, -129
1111, -130
1112, 0
1113, 0
1114, -128
1115, -130
1116, -129
1117, -128
1118, -131
1119, -132
1120, 0
1121, 0
1122, 0
1123, -128
1124, -130
1125, -131
1126, 0
1127, -131
1128, -131
1129, -153
1130, -152
1131, -153
1132, -153
1133, -154
1134, -152
1135, -155
1136, 0
1137, 0
1138, 0
1139, -152
1140, -154
1141, -155
1142, -153
1143, -152
1144, 0
1145, 0
1146, -164
1147, -163
1148, -162
1149, -161
1150, 0
1151, -162
1152, 0
1153, 0
1154, 0
1155, 0
1156, 0
1157, -163
1158, 0
1159, -161
1160, 0
1161, 0
1162, -170
1163, -169
1164, 0
1165, 0
1166, 0
1167, 0
1168, 0
1169, 0
1170, 0
1171, -168
1172, -170
1173, -170
1174, -169
1175, 0
1176, 0
1177, 0
1178, -186
1179, -186
1180, -185
1181, -185
1182, -186
1183, -185
1184, 0
1185, 0
1186, -185
1187, -184
1188, -186
1189, -186
1190, 0
1191, 0
1192, 0
1193, 0
1194, -187
1195, -185
1196, -184
1197, -186
1198, -186
1199, -187
1200, 0
1201, 0
1202, -186
1203, -184
1204, -184
1205, -185
1206, -184
1207, -185
1208, 0
1209, 0
1210, -192
1211, -193
1212, -194
1213, -194
1214, -192
1215, -195
1216, 0
1217, 0
1218, -194
1219, -192
1220, -193
1221, -195
1222, 0
1223, -194
1224, 0
1225, 0
1226, -201
1227, -201
1228, -201
1229, -201
1230, -201
1231, -203
1232, 0
1233, 0
1234, -202
1235, -201
1236, -200
1237, -201
1238, -203
1239, -203
1240, 0
1241, 0
1242, 0
1243, 0
1244, 0
1245, -203
1246, 0
1247, -203
1248, 0
1249, 0
1250, -201
1251, -202
1252, -201
1253, -201
1254, 0
1255, -203
1256, 0
1257, 0
1258, -201
1259, -200
1260, -201
1261, -202
1262, 0
1263, -202
1264, 0
1265, 0
1266, -210
1267, -209
1268, -210
1269, -211
1270, 0
1271, 0
1272, 0
1273, 0
1274, -209
1275, -208
1276, -210
1277, -210
1278, -210
1279, 0
1280, 0
1281, 0
1282, 0
1283, -209
1284, -209
1285, -209
1286, -210
1287, -209
1288, 0
1289, 0
1290, -202
1291, -202
1292, -200
1293, -202
1294, -201
1295, -201
1296, 0
1297, 0
1298, -211
1299, -209
1300, -210
1301, -210
1302, -211
1303, -210
1304, 0
1305, 0
1306, 0
1307, -211
1308, 0
1309, -211
1310, 0
1311, -211
1312, 0
1313, -213
1314, 0
1315, -208
1316, -211
1317, -209
1318, -208
1319, -209
1320, 0
1321, 0
1322, 0
1323, -209
1324, -211
1325, -211
1326, -212
1327, -210
1328, 0
1329, 0
1330, 0
1331, -201
1332, -202
1333, -202
1334, -202
1335, -202
1336, 0
1337, 0
1338, 0
1339, -196
1340, 0
1341, -194
1342, 0
1343, -194
1344, 0
1345, 0
1346, -184
1347, -186
1348, -187
1349, -185
1350, -184
1351, -188
1352, 0
1353, 0
1354, 0
1355, -189
1356, -186
1357, -186
1358, -187
1359, -189
1360, 0
1361, 0
1362, 0
1363, -172
1364, -171
1365, -171
1366, -170
1367, -168
1368, 0
1369, 0
1370, -153
1371, -154
1372, -154
1373, -155
1374, 0
1375, -154
1376, 0
1377, 0
1378, -147
1379, -145
1380, -145
1381, -145
1382, -144
1383, -145
1384, 0
1385, 0
1386, -153
1387, -152
1388, -154
1389, -153
1390, -152
1391, -152
1392, 0
1393, 0
1394, -160
1395, -163
1396, -162
1397, -162
1398, 0
1399, -160
1400, 0
1401, 0
1402, 0
1403, -161
1404, -161
1405, -160
1406, -161
1407, -160
1408, 0
1409, 0
1410, -155
1411, -152
1412, 0
1413, -154
1414, -153
1415, -154
1416, 0
1417, 0
1418, -145
1419, -144
1420, -145
1421, -148
1422, 0
1423, 0
1424, 0
1425, 0
1426, -152
1427, -153
1428, -155
1429, -153
1430, -156
1431, -154
1432, 0
1433, 0
1434, 0
1435, 0
1436, -144
1437, 0
1438, -137
1439, -137
1440, 0
1441, 0
1442, -129
1443, -129
1444, -130
1445, -133
1446, 0
1447, 0
1448, 0
1449, 0
1450, 0
1451, -139
1452, 0
1453, -139
1454, 0
1455, -139
1456, 0
1457, 0
1458, -123
1459, -120
1460, -121
1461, -123
1462, 0
1463, -122
1464, 0
1465, -130
1466, -128
1467, -131
1468, -131
1469, -130
1470, -128
1471, -129
1472, 0
1473, 0
1474, 0
1475, -129
1476, -130
1477, -132
1478, -131
1479, -130
1480, 0
1481, 0
1482, -114
1483, -113
1484, -112
1485, -113
1486, -114
1487, -116
1488, 0
1489, 0
1490, 0
1491, -112
1492, 0
1493, -117
1494, 0
1495, -113
1496, 0
1497, 0
1498, 0
1499, -115
1500, 0
1501, -114
1502, 0
1503, -114
1504, 0
1505, 0
1506, 0
1507, 0
1508, 0
1509, -98
1510, 0
1511, -97
1512, 0
1513, 0
1514, -96
1515, 0
1516, -100
1517, -98
1518, -98
1519, -99
1520, 0
1521, 0
1522, 0
1523, -98
1524, -96
1525, -97
1526, -96
1527, -98
1528, 0
1529, 0
1530, -80
1531, -80
1532, -82
1533, -82
1534, 0
1535, 0
1536, 0
1537, 0
1538, -90
1539, -89
1540, -90
1541, -90
1542, 0
1543, -88
1544, 0
1545, 0
1546, -81
1547, -80
1548, -81
1549, -82
1550, 0
1551, -82
1552, 0
1553, 0
1554, 0
1555, -82
1556, -82
1557, -80
1558, -81
1559, -81
1560, 0
1561, 0
1562, -75
1563, -75
1564, -73
1565, -77
1566, -74
1567, -74
1568, 0
1569, 0
1570, -59
1571, -58
1572, -56
1573, -58
1574, -58
1575, -58
1576, 0
1577, 0
1578, -64
1579, -64
1580, -68
1581, -65
1582, -64
1583, -65
1584, 0
1585, 0
1586, -49
1587, -49
1588, -48
1589, -49
1590, -50
1591, -50
1592, 0
1593, 0
1594, 0
1595, -61
1596, 0
1597, -58
1598, 0
1599, -59
1600, 0
1601, 0
1602, 0
1603, 0
1604, -46
1605, 0
1606, 0
1607, -46
1608, 0
1609, 0
1610, 0
1611, -48
1612, -48
1613, -50
1614, 0
1615, -51
1616, 0
1617, 0
1618, -32
1619, -34
1620, -32
1621, -34
1622, -35
1623, -33
1624, 0
1625, 0
1626, -36
1627, -32
1628, -33
1629, -36
1630, 0
1631, -32
1632, 0
1633, 0
1634, -27
1635, -26
1636, -25
1637, -25
1638, -24
1639, -25
1640, 0
1641, 0
1642, -36
1643, -33
1644, 0
1645, -36
1646, 0
1647, -33
1648, 0
1649, 0
1650, -1
1651, -3
1652, -3
1653, 0
1654, -1
1655, -1
1656, 0
1657, 0
1658, 0
1659, -1
1660, -3
1661, -2
1662, 0
1663, -1
1664, 0
1665, 0
1666, 7
1667, 7
1668, 7
1669, 8
1670, 8
1671, 2
1672, 0
1673, 6
1674, 0
1675, 8
1676, 7
1677, 7
1678, 4
1679, 4
1680, 0
1681, 0
1682, 14
1683, 16
1684, 15
1685, 15
1686, 16
1687, 8
1688, 0
1689, 0
1690, 16
1691, 15
1692, 16
1693, 16
1694, 15
1695, 15
1696, 0
1697, 0
1698, 24
1699, 24
1700, 0
1701, 19
1702, 0
1703, 24
1704, 0
1705, 0
1706, 0
1707, 23
1708, 22
1709, 22
1710, 22
1711, 1
1712, 0
1713, 0
1714, 30
1715, 31
1716, 30
1717, 29
1718, 24
1719, 23
1720, 0
1721, 0
1722, 37
1723, 39
1724, 38
1725, 37
1726, 0
1727, 31
1728, 0
1729, 0
1730, 38
1731, 37
1732, 39
1733, 39
1734, 38
1735, 35
1736, 0
1737, 0
1738, 0
1739, 55
1740, 54
1741, 55
1742, 55
1743, 47
1744, 0
1745, 0
1746, 53
1747, 56
1748, 55
1749, 53
1750, 0
1751, 0
1752, 0
1753, 0
1754, 62
1755, 63
1756, 62
1757, 62
1758, 64
1759, 50
1760, 0
1761, 0
1762, 0
1763, 62
1764, 63
1765, 63
1766, 64
1767, 63
1768, 62
1769, 64
1770, 63
1771, 61
1772, 63
1773, 64
1774, 59
1775, 58
1776, 0
1777, 0
1778, 64
1779, 0
1780, 62
1781, 62
1782, 62
1783, 62
1784, 0
1785, 0
1786, 61
1787, 0
1788, 61
1789, 64
1790, 64
1791, 62
1792, 0
1793, 71
1794, 0
1795, 68
1796, 0
1797, 72
1798, 72
1799, 58
1800, 55
1801, 56
1802, 0
1803, 54
1804, 0
1805, 54
1806, 55
1807, 56
1808, 0
1809, 0
1810, 78
1811, 77
1812, 74
1813, 76
1814, 76
1815, 69
1816, 0
1817, 0
1818, 71
1819, 71
1820, 71
1821, 70
1822, 0
1823, 65
1824, 61
1825, 0
1826, 62
1827, 63
1828, 61
1829, 63
1830, 64
1831, 64
1832, 0
1833, 0
1834, 69
1835, 72
1836, 72
1837, 70
1838, 69
1839, 0
1840, 60
1841, 0
1842, 62
1843, 63
1844, 62
1845, 63
1846, 63
1847, 54
1848, 0
1849, 0
1850, 0
1851, 0
1852, 0
1853, 0
1854, 0
1855, 0
1856, 0
1857, 0
1858, 0
1859, 0
1860, 0
1861, 0
1862, 0
1863, 0
1864, 0
1865, 0
1866, 93
1867, 0
1868, 94
1869, 94
1870, 95
1871, 95
1872, 0
1873, 0
1874, 0
1875, 103
1876, 102
1877, 102
1878, 103
1879, 104
1880, 102
1881, 0
1882, 100
1883, 0
1884, 0
1885, 103
1886, 103
1887, 98
1888, 0
1889, 0
1890, 0
1891, 103
1892, 103
1893, 100
1894, 94
1895, 0
1896, 0
1897, 0
1898, 0
1899, 88
1900, 85
1901, 84
1902, 0
1903, 88
1904, 0
1905, 0
1906, 0
1907, 0
1908, 111
1909, 111
1910, 111
1911, 0
1912, 0
1913, 0
1914, 109
1915, 110
1916, 111
1917, 111
1918, 112
1919, 111
1920, 0
1921, 0
1922, 126
1923, 125
1924, 125
1925, 127
1926, 128
1927, 122
1928, 119
1929, 119
1930, 119
1931, 118
1932, 116
1933, 117
1934, 117
1935, 118
1936, 0
1937, 0
1938, 120
1939, 119
1940, 118
1941, 119
1942, 119
1943, 120
1944, 0
1945, 0
1946, 135
1947, 0
1948, 134
1949, 0
1950, 134
1951, 128
1952, 0
1953, 0
1954, 0
1955, 135
1956, 133
1957, 135
1958, 127
1959, 0
1960, 122
1961, 123
1962, 124
1963, 124
1964, 125
1965, 127
1966, 127
1967, 125
1968, 0
1969, 0
1970, 135
1971, 0
1972, 133
1973, 134
1974, 131
1975, 126
1976, 0
1977, 0
1978, 136
1979, 134
1980, 135
1981, 135
1982, 136
1983, 136
1984, 0
1985, 0
1986, 143
1987, 142
1988, 0
1989, 140
1990, 0
1991, 0
1992, 130
1993, 0
1994, 134
1995, 136
1996, 135
1997, 135
1998, 133
1999, 131
2000, 0
2001, 0
2002, 0
2003, 142
2004, 141
2005, 142
2006, 143
2007, 142
2008, 141
2009, 143
2010, 143
2011, 140
2012, 142
2013, 143
2014, 143
2015, 138
2016, 0
2017, 0
2018, 152
2019, 151
2020, 151
2021, 150
2022, 0
2023, 0
2024, 140
2025, 139
2026, 140
2027, 0
2028, 143
2029, 141
2030, 141
2031, 139
2032, 135
2033, 136
2034, 143
2035, 143
2036, 143
2037, 142
2038, 144
2039, 143
2040, 0
2041, 0
2042, 158
2043, 158
2044, 159
2045, 157
2046, 157
2047, 152
2048, 150
2049, 151
2050, 150
2051, 149
2052, 0
2053, 152
2054, 151
2055, 152
2056, 0
2057, 0
2058, 166
2059, 167
2060, 166
2061, 159
2062, 161
2063, 161
2064, 158
2065, 158
2066, 160
2067, 159
2068, 159
2069, 159
2070, 159
2071, 160
2072, 0
2073, 0
2074, 168
2075, 168
2076, 167
2077, 166
2078, 168
2079, 0
2080, 0
2081, 0
2082, 0
2083, 170
2084, 0
2085, 172
2086, 174
2087, 173
2088, 167
2089, 167
2090, 0
2091, 164
2092, 0
2093, 167
2094, 166
2095, 165
2096, 0
2097, 0
2098, 0
2099, 182
2100, 183
2101, 183
2102, 183
2103, 176
2104, 175
2105, 175
2106, 176
2107, 176
2108, 176
2109, 175
2110, 176
2111, 175
2112, 173
2113, 176
2114, 176
2115, 175
2116, 176
2117, 175
2118, 174
2119, 176
2120, 0
2121, 0
2122, 0
2123, 191
2124, 191
2125, 190
2126, 191
2127, 190
2128, 189
2129, 188
2130, 188
2131, 190
2132, 191
2133, 188
2134, 191
2135, 191
2136, 0
2137, 0
2138, 200
2139, 198
2140, 196
2141, 195
2142, 0
2143, 199
2144, 0
2145, 0
2146, 205
2147, 0
2148, 205
2149, 0
2150, 207
2151, 202
2152, 200
2153, 200
2154, 199
2155, 199
2156, 199
2157, 200
2158, 199
2159, 198
2160, 0
2161, 0
2162, 0
2163, 215
2164, 214
2165, 213
2166, 0
2167, 215
2168, 214
2169, 214
2170, 215
2171, 214
2172, 215
2173, 215
2174, 216
2175, 215
2176, 215
2177, 214
2178, 212
2179, 215
2180, 216
2181, 216
2182, 213
2183, 215
2184, 0
2185, 0
2186, 224
2187, 224
2188, 223
2189, 223
2190, 224
2191, 224
2192, 0
2193, 0
2194, 232
2195, 231
2196, 231
2197, 229
2198, 229
2199, 229
2200, 228
2201, 231
2202, 232
2203, 230
2204, 232
2205, 231
2206, 231
2207, 0
2208, 0
2209, 0
2210, 232
2211, 230
2212, 231
2213, 232
2214, 230
2215, 232
2216, 0
2217, 0
2218, 239
2219, 240
2220, 238
2221, 238
2222, 237
2223, 238
2224, 0
2225, 238
2226, 237
2227, 238
2228, 238
2229, 239
2230, 240
2231, 0
2232, 0
2233, 0
2234, 0
2235, 237
2236, 238
2237, 239
2238, 239
2239, 0
2240, 0
2241, 0
2242, 247
2243, 248
2244, 247
2245, 246
2246, 246
2247, 241
2248, 238
2249, 239
2250, 0
2251, 237
2252, 239
2253, 238
2254, 238
2255, 238
2256, 0
2257, 0
2258, 246
2259, 246
2260, 246
2261, 246
2262, 246
2263, 244
2264, 239
2265, 239
2266, 237
2267, 238
2268, 239
2269, 239
2270, 240
2271, 240
2272, 0
2273, 0
2274, 248
2275, 248
2276, 247
2277, 0
2278, 0
2279, 247
2280, 0
2281, 0
2282, 0
2283, 0
2284, 254
2285, 254
2286, 254
2287, 255
2288, 256
2289, 256
2290, 256
2291, 255
2292, 0
2293, 251
2294, 0
2295, 255
2296, 0
2297, 262
2298, 262
2299, 264
2300, 0
2301, 262
2302, 0
2303, 262
2304, 261
2305, 0
2306, 260
2307, 0
2308, 263
2309, 263
2310, 263
2311, 262
2312, 0
2313, 0
2314, 0
2315, 271
2316, 271
2317, 270
2318, 270
2319, 271
2320, 269
2321, 270
2322, 271
2323, 270
2324, 270
2325, 271
2326, 271
2327, 271
2328, 0
2329, 279
2330, 279
2331, 280
2332, 278
2333, 279
2334, 280
2335, 278
2336, 270
2337, 0
2338, 0
2339, 269
2340, 0
2341, 271
2342, 272
2343, 271
2344, 0
2345, 0
2346, 0
2347, 279
2348, 280
2349, 279
2350, 278
2351, 278
2352, 278
2353, 279
2354, 279
2355, 279
2356, 279
2357, 279
2358, 280
2359, 278
2360, 277
2361, 279
2362, 280
2363, 280
2364, 280
2365, 280
2366, 279
2367, 279
2368, 0
2369, 0
2370, 288
2371, 286
2372, 287
2373, 287
2374, 287
2375, 287
2376, 286
2377, 287
2378, 286
2379, 288
2380, 287
2381, 286
2382, 287
2383, 288
2384, 0
2385, 0
2386, 295
2387, 296
2388, 296
2389, 295
2390, 295
2391, 295
2392, 293
2393, 0
2394, 292
2395, 0
2396, 295
2397, 293
2398, 294
2399, 294
2400, 0
2401, 0
2402, 0
2403, 304
2404, 303
2405, 304
2406, 303
2407, 301
2408, 0
2409, 302
2410, 0
2411, 304
2412, 304
2413, 303
2414, 304
2415, 0
2416, 0
2417, 0
2418, 317
2419, 318
2420, 320
2421, 320
2422, 319
2423, 319
2424, 318
2425, 315
2426, 318
2427, 0
2428, 316
2429, 0
2430, 320
2431, 319
2432, 318
2433, 320
2434, 319
2435, 319
2436, 320
2437, 318
2438, 319
2439, 319
2440, 317
2441, 318
2442, 319
2443, 318
2444, 320
2445, 320
2446, 320
2447, 319
2448, 0
2449, 0
2450, 334
2451, 335
2452, 334
2453, 334
2454, 333
2455, 334
2456, 334
2457, 334
2458, 334
2459, 333
2460, 0
2461, 332
2462, 0
2463, 336
2464, 333
2465, 336
2466, 0
2467, 332
2468, 0
2469, 334
2470, 331
2471, 334
2472, 334
2473, 336
2474, 336
2475, 334
2476, 334
2477, 334
2478, 336
2479, 0
2480, 332
2481, 0
2482, 335
2483, 333
2484, 336
2485, 336
2486, 334
2487, 335
2488, 0
2489, 0
2490, 350
2491, 350
2492, 352
2493, 351
2494, 349
2495, 349
2496, 0
2497, 0
2498, 358
2499, 359
2500, 358
2501, 357
2502, 358
2503, 0
2504, 357
2505, 0
2506, 360
2507, 357
2508, 360
2509, 360
2510, 359
2511, 358
2512, 358
2513, 360
2514, 360
2515, 358
2516, 360
2517, 359
2518, 360
2519, 359
2520, 357
2521, 358
2522, 359
2523, 360
2524, 360
2525, 358
2526, 359
2527, 360
2528, 359
2529, 364
2530, 0
2531, 362
2532, 0
2533, 368
2534, 366
2535, 368
2536, 367
2537, 366
2538, 366
2539, 365
2540, 367
2541, 367
2542, 368
2543, 368
2544, 0
2545, 0
2546, 373
2547, 374
2548, 373
2549, 374
2550, 374
2551, 372
2552, 0
2553, 0
2554, 0
2555, 382
2556, 383
2557, 383
2558, 381
2559, 379
2560, 379
2561, 381
2562, 383
2563, 383
2564, 383
2565, 383
2566, 384
2567, 383
2568, 382
2569, 0
2570, 379
2571, 0
2572, 0
2573, 382
2574, 382
2575, 383
2576, 383
2577, 0
2578, 381
2579, 382
2580, 0
2581, 384
2582, 384
2583, 382
2584, 384
2585, 390
2586, 389
2587, 390
2588, 390
2589, 0
2590, 391
2591, 391
2592, 393
2593, 395
2594, 397
2595, 398
2596, 398
2597, 400
2598, 399
2599, 397
2600, 396
2601, 397
2602, 398
2603, 399
2604, 399
2605, 398
2606, 398
2607, 400
2608, 399
2609, 399
2610, 398
2611, 399
2612, 399
2613, 400
2614, 399
2615, 398
2616, 398
2617, 398
2618, 400
2619, 400
2620, 398
2621, 399
2622, 399
2623, 398
2624, 0
2625, 0
2626, 407
2627, 407
2628, 407
2629, 406
2630, 408
2631, 408
2632, 0
2633, 0
2634, 0
2635, 415
2636, 414
2637, 416
2638, 0
2639, 0
2640, 0
2641, 0
2642, 423
2643, 422
2644, 421
2645, 422
2646, 423
2647, 423
2648, 423
2649, 426
2650, 425
2651, 425
2652, 430
2653, 429
2654, 430
2655, 430
2656, 428
2657, 431
2658, 0
2659, 430
2660, 431
2661, 430
2662, 429
2663, 429
2664, 431
2665, 432
2666, 431
2667, 429
2668, 429
2669, 430
2670, 431
2671, 429
2672, 428
2673, 431
2674, 432
2675, 430
2676, 431
2677, 432
2678, 432
2679, 431
2680, 428
2681, 430
2682, 431
2683, 430
2684, 432
2685, 432
2686, 432
2687, 432
2688, 432
2689, 433
2690, 438
2691, 439
2692, 440
2693, 439
2694, 440
2695, 440
2696, 0
2697, 438
2698, 0
2699, 442
2700, 447
2701, 448
2702, 446
2703, 446
2704, 445
2705, 447
2706, 447
2707, 447
2708, 0
2709, 443
2710, 0
2711, 0
2712, 445
2713, 446
2714, 0
2715, 444
2716, 447
2717, 448
2718, 447
2719, 447
2720, 446
2721, 450
2722, 453
2723, 452
2724, 456
2725, 455
2726, 455
2727, 455
2728, 455
2729, 453
2730, 453
2731, 0
2732, 456
2733, 454
2734, 454
2735, 455
2736, 456
2737, 459
2738, 461
2739, 461
2740, 460
2741, 459
2742, 459
2743, 461
2744, 462
2745, 463
2746, 463
2747, 461
2748, 463
2749, 462
2750, 463
2751, 464
2752, 463
2753, 463
2754, 462
2755, 461
2756, 463
2757, 463
2758, 463
2759, 464
2760, 0
2761, 0
2762, 480
2763, 0
2764, 478
2765, 479
2766, 480
2767, 480
2768, 480
2769, 483
2770, 487
2771, 484
2772, 485
2773, 486
2774, 487
2775, 487
2776, 0
2777, 484
2778, 0
2779, 488
2780, 485
2781, 487
2782, 488
2783, 0
2784, 483
2785, 0
2786, 487
2787, 488
2788, 486
2789, 487
2790, 487
2791, 487
2792, 0
2793, 492
2794, 0
2795, 0
2796, 493
2797, 0
2798, 495
2799, 494
2800, 495
2801, 496
2802, 503
2803, 502
2804, 502
2805, 503
2806, 503
2807, 503
2808, 0
2809, 502
2810, 501
2811, 499
2812, 499
2813, 501
2814, 503
2815, 502
2816, 503
2817, 504
2818, 502
2819, 504
2820, 504
2821, 504
2822, 503
2823, 503
2824, 506
2825, 510
2826, 518
2827, 516
2828, 517
2829, 519
2830, 518
2831, 520
2832, 519
2833, 517
2834, 516
2835, 518
2836, 519
2837, 518
2838, 520
2839, 520
2840, 518
2841, 519
2842, 517
2843, 517
2844, 518
2845, 519
2846, 519
2847, 519
2848, 522
2849, 527
2850, 530
2851, 535
2852, 532
2853, 533
2854, 536
2855, 534
2856, 532
2857, 532
2858, 532
2859, 533
2860, 533
2861, 536
2862, 535
2863, 533
2864, 534
2865, 535
2866, 535
2867, 0
2868, 532
2869, 534
2870, 535
2871, 534
2872, 534
2873, 0
2874, 544
2875, 544
2876, 544
2877, 544
2878, 544
2879, 543
2880, 544
2881, 545
2882, 551
2883, 552
2884, 552
2885, 551
2886, 551
2887, 551
2888, 551
2889, 552
2890, 550
2891, 552
2892, 551
2893, 552
2894, 552
2895, 550
2896, 552
2897, 554
2898, 568
2899, 567
2900, 567
2901, 567
2902, 567
2903, 568
2904, 565
2905, 564
2906, 565
2907, 565
2908, 566
2909, 567
2910, 567
2911, 567
2912, 564
2913, 565
2914, 566
2915, 566
2916, 568
2917, 568
2918, 566
2919, 566
2920, 568
2921, 571
2922, 584
2923, 583
2924, 581
2925, 581
2926, 580
2927, 0
2928, 582
2929, 583
2930, 582
2931, 583
2932, 582
2933, 582
2934, 584
2935, 583
2936, 581
2937, 0
2938, 582
2939, 0
2940, 583
2941, 581
2942, 583
2943, 0
2944, 583
2945, 587
2946, 0
2947, 599
2948, 598
2949, 599
2950, 598
2951, 599
2952, 598
2953, 600
2954, 600
2955, 599
2956, 600
2957, 598
2958, 599
2959, 598
2960, 597
2961, 598
2962, 597
2963, 598
2964, 599
2965, 598
2966, 598
2967, 0
2968, 0
2969, 599
2970, 600
2971, 604
2972, 604
2973, 606
2974, 608
2975, 0
2976, 605
2977, 607
2978, 606
2979, 606
2980, 607
2981, 608
2982, 607
2983, 608
2984, 610
2985, 613
2986, 621
2987, 622
2988, 623
2989, 620
2990, 622
2991, 0
2992, 620
2993, 622
2994, 0
2995, 622
2996, 622
2997, 0
2998, 621
2999, 0
3000, 0
3001, 616
3002, 615
3003, 616
3004, 615
3005, 615
3006, 616
3007, 615
3008, 613
3009, 616
3010, 0
3011, 629
3012, 0
3013, 628
3014, 0
3015, 631
3016, 627
3017, 629
3018, 632
3019, 631
3020, 629
3021, 631
3022, 632
3023, 631
3024, 633
3025, 643
3026, 0
3027, 645
3028, 0
3029, 643
3030, 642
3031, 643
3032, 644
3033, 646
3034, 646
3035, 648
3036, 648
3037, 646
3038, 0
3039, 646
3040, 0
3041, 650
3042, 0
3043, 664
3044, 663
3045, 664
3046, 662
3047, 0
3048, 0
3049, 653
3050, 652
3051, 649
3052, 0
3053, 654
3054, 655
3055, 655
3056, 656
3057, 658
3058, 664
3059, 664
3060, 662
3061, 0
3062, 0
3063, 0
3064, 0
3065, 662
3066, 663
3067, 663
3068, 662
3069, 664
3070, 664
3071, 662
3072, 663
3073, 663
3074, 663
3075, 663
3076, 664
3077, 0
3078, 661
3079, 0
3080, 0
3081, 664
3082, 0
3083, 679
3084, 679
3085, 680
3086, 680
3087, 672
3088, 671
3089, 670
3090, 668
3091, 0
3092, 671
3093, 671
3094, 671
3095, 669
3096, 670
3097, 674
3098, 686
3099, 687
3100, 685
3101, 686
3102, 687
3103, 685
3104, 684
3105, 686
3106, 686
3107, 687
3108, 688
3109, 687
3110, 688
3111, 687
3112, 689
3113, 695
3114, 702
3115, 704
3116, 703
3117, 701
3118, 703
3119, 0
3120, 0
3121, 686
3122, 685
3123, 687
3124, 688
3125, 686
3126, 688
3127, 0
3128, 687
3129, 0
3130, 695
3131, 694
3132, 694
3133, 694
3134, 0
3135, 695
3136, 695
3137, 697
3138, 703
3139, 703
3140, 702
3141, 701
3142, 702
3143, 701
3144, 703
3145, 709
3146, 718
3147, 720
3148, 719
3149, 719
3150, 720
3151, 719
3152, 718
3153, 720
3154, 718
3155, 719
3156, 718
3157, 718
3158, 720
3159, 0
3160, 0
3161, 715
3162, 0
3163, 726
3164, 727
3165, 727
3166, 727
3167, 0
3168, 0
3169, 721
3170, 727
3171, 727
3172, 725
3173, 725
3174, 726
3175, 727
3176, 727
3177, 0
3178, 0
3179, 0
3180, 735
3181, 732
3182, 735
3183, 0
3184, 735
3185, 0
3186, 751
3187, 752
3188, 752
3189, 751
3190, 750
3191, 749
3192, 749
3193, 751
3194, 750
3195, 750
3196, 751
3197, 752
3198, 752
3199, 751
3200, 753
3201, 757
3202, 766
3203, 0
3204, 765
3205, 0
3206, 0
3207, 0
3208, 0
3209, 750
3210, 751
3211, 751
3212, 750
3213, 749
3214, 752
3215, 0
3216, 752
3217, 758
3218, 0
3219, 767
3220, 766
3221, 766
3222, 768
3223, 768
3224, 766
3225, 769
3226, 776
3227, 774
3228, 774
3229, 776
3230, 776
3231, 776
3232, 777
3233, 779
3234, 779
3235, 784
3236, 783
3237, 782
3238, 783
3239, 0
3240, 0
3241, 782
3242, 789
3243, 790
3244, 791
3245, 791
3246, 791
3247, 0
3248, 0
3249, 786
3250, 791
3251, 790
3252, 791
3253, 789
3254, 789
3255, 791
3256, 791
3257, 793
3258, 797
3259, 799
3260, 799
3261, 797
3262, 798
3263, 800
3264, 800
3265, 804
3266, 814
3267, 815
3268, 814
3269, 816
3270, 814
3271, 812
3272, 813
3273, 0
3274, 813
3275, 814
3276, 814
3277, 815
3278, 0
3279, 0
3280, 0
3281, 804
3282, 811
3283, 814
3284, 814
3285, 816
3286, 815
3287, 816
3288, 817
3289, 825
3290, 831
3291, 831
3292, 831
3293, 831
3294, 830
3295, 0
3296, 830
3297, 0
3298, 831
3299, 832
3300, 830
3301, 831
3302, 831
3303, 830
3304, 834
3305, 840
3306, 845
3307, 848
3308, 0
3309, 845
3310, 0
3311, 0
3312, 0
3313, 845
3314, 846
3315, 846
3316, 844
3317, 844
3318, 846
3319, 845
3320, 843
3321, 842
3322, 846
3323, 847
3324, 847
3325, 848
3326, 847
3327, 846
3328, 848
3329, 864
3330, 871
3331, 870
3332, 870
3333, 869
3334, 870
3335, 0
3336, 0
3337, 869
3338, 879
3339, 879
3340, 878
3341, 878
3342, 878
3343, 0
3344, 0
3345, 875
3346, 877
3347, 878
3348, 880
3349, 878
3350, 877
3351, 0
3352, 882
3353, 0
3354, 0
3355, 0
3356, 892
3357, 0
3358, 895
3359, 895
3360, 896
3361, 899
3362, 902
3363, 902
3364, 903
3365, 902
3366, 901
3367, 0
3368, 0
3369, 899
3370, 900
3371, 900
3372, 904
3373, 903
3374, 903
3375, 904
3376, 904
3377, 906
3378, 907
3379, 912
3380, 911
3381, 908
3382, 0
3383, 912
3384, 910
3385, 911
3386, 916
3387, 0
3388, 925
3389, 925
3390, 926
3391, 0
3392, 0
3393, 928
3394, 925
3395, 927
3396, 928
3397, 927
3398, 927
3399, 0
3400, 0
3401, 926
3402, 934
3403, 936
3404, 0
3405, 934
3406, 0
3407, 932
3408, 933
3409, 938
3410, 950
3411, 950
3412, 948
3413, 0
3414, 951
3415, 0
3416, 0
3417, 934
3418, 942
3419, 943
3420, 944
3421, 942
3422, 942
3423, 943
3424, 943
3425, 947
3426, 960
3427, 959
3428, 958
3429, 955
3430, 957
3431, 959
3432, 960
3433, 962
3434, 965
3435, 968
3436, 968
3437, 967
3438, 0
3439, 0
3440, 0
3441, 953
3442, 955
3443, 959
3444, 958
3445, 959
3446, 959
3447, 958
3448, 961
3449, 968
3450, 981
3451, 984
3452, 984
3453, 983
3454, 982
3455, 980
3456, 981
3457, 985
3458, 990
3459, 999
3460, 1000
3461, 0
3462, 0
3463, 0
3464, 0
3465, 986
3466, 989
3467, 991
3468, 991
3469, 991
3470, 991
3471, 989
3472, 990
3473, 998
3474, 0
3475, 1006
3476, 0
3477, 1007
3478, 1006
3479, 0
3480, 0
3481, 1003
3482, 1011
3483, 0
3484, 1013
3485, 1015
3486, 1016
3487, 0
3488, 0
3489, 1011
3490, 1020
3491, 1021
3492, 1024
3493, 1021
3494, 1021
3495, 1024
3496, 1024
3497, 1030
3498, 1030
3499, 1032
3500, 1031
3501, 1030
3502, 1031
3503, 0
3504, 0
3505, 1033
3506, 1038
3507, 1038
3508, 1039
3509, 1039
3510, 1040
3511, 0
3512, 0
3513, 1041
3514, 1046
3515, 1047
3516, 1047
3517, 1047
3518, 1048
3519, 0
3520, 1045
3521, 0
3522, 1064
3523, 1063
3524, 1062
3525, 1062
3526, 0
3527, 0
3528, 0
3529, 1049
3530, 1064
3531, 1063
3532, 1062
3533, 1062
3534, 1063
3535, 0
3536, 1064
3537, 0
3538, 1076
3539, 1079
3540, 1078
3541, 1079
3542, 1080
3543, 1079
3544, 1081
3545, 1083
3546, 1088
3547, 1094
3548, 1095
3549, 1093
3550, 1092
3551, 0
3552, 0
3553, 1086
3554, 1096
3555, 1096
3556, 1096
3557, 1095
3558, 1095
3559, 1095
3560, 1096
3561, 1098
3562, 1104
3563, 1111
3564, 1111
3565, 1112
3566, 1112
3567, 0
3568, 0
3569, 1110
3570, 0
3571, 1116
3572, 1118
3573, 1119
3574, 1118
3575, 0
3576, 0
3577, 1119
3578, 1119
3579, 1124
3580, 1126
3581, 1127
3582, 1125
3583, 1125
3584, 1127
3585, 0
3586, 0
3587, 1141
3588, 1142
3589, 1143
3590, 0
3591, 0
3592, 0
3593, 1133
3594, 1139
3595, 1144
3596, 1143
3597, 1140
3598, 1142
3599, 1142
3600, 1143
3601, 1152
3602, 1158
3603, 1157
3604, 1157
3605, 1159
3606, 1159
3607, 0
3608, 0
3609, 1152
3610, 1157
3611, 1159
3612, 0
3613, 1155
3614, 1157
3615, 0
3616, 1160
3617, 1164
3618, 1174
3619, 1174
3620, 1173
3621, 1173
3622, 1175
3623, 0
3624, 0
3625, 1172
3626, 1191
3627, 1191
3628, 1190
3629, 1190
3630, 1189
3631, 0
3632, 0
3633, 1188
3634, 0
3635, 1197
3636, 0
3637, 1199
3638, 1197
3639, 0
3640, 0
3641, 1199
3642, 1208
3643, 1207
3644, 1207
3645, 1206
3646, 1206
3647, 1207
3648, 0
3649, 0
3650, 1222
3651, 0
3652, 1223
3653, 1219
3654, 1219
3655, 1220
3656, 0
3657, 1223
3658, 1235
3659, 1238
3660, 1239
3661, 1237
3662, 0
3663, 0
3664, 0
3665, 1222
3666, 1237
3667, 1237
3668, 1239
3669, 1240
3670, 1239
3671, 1239
3672, 1239
3673, 0
3674, 1244
3675, 1245
3676, 0
3677, 1247
3678, 1246
3679, 0
3680, 0
3681, 1230
3682, 1246
3683, 1245
3684, 0
3685, 1245
3686, 1247
3687, 1248
3688, 1249
3689, 1253
3690, 0
3691, 1270
3692, 1270
3693, 1270
3694, 0
3695, 0
3696, 0
3697, 1260
3698, 1269
3699, 1271
3700, 1270
3701, 1272
3702, 1272
3703, 1271
3704, 1272
3705, 1280
3706, 1294
3707, 1292
3708, 1293
3709, 1293
3710, 1293
3711, 0
3712, 0
3713, 1285
3714, 1292
3715, 1294
3716, 1296
3717, 1295
3718, 1293
3719, 0
3720, 1295
3721, 1302
3722, 1312
3723, 1318
3724, 1319
3725, 1318
3726, 1320
3727, 0
3728, 0
3729, 1307
3730, 1311
3731, 1334
3732, 1335
3733, 1335
3734, 1335
3735, 1334
3736, 1335
3737, 1342
3738, 1347
3739, 1359
3740, 1357
3741, 1358
3742, 1359
3743, 0
3744, 0
3745, 1359
3746, 1367
3747, 1365
3748, 1365
3749, 1366
3750, 1365
3751, 1367
3752, 1367
3753, 1370
3754, 0
3755, 1381
3756, 1383
3757, 1383
3758, 1383
3759, 0
3760, 0
3761, 1372
3762, 1391
3763, 1399
3764, 1397
3765, 1397
3766, 1397
3767, 0
3768, 0
3769, 1392
3770, 1408
3771, 1408
3772, 1406
3773, 1408
3774, 1408
3775, 0
3776, 0
3777, 1401
3778, 1423
3779, 1422
3780, 1424
3781, 1423
3782, 0
3783, 0
3784, 0
3785, 1411
3786, 1431
3787, 1431
3788, 1432
3789, 1432
3790, 1431
3791, 1431
3792, 1432
3793, 1437
3794, 0
3795, 1452
3796, 1455
3797, 1455
3798, 1454
3799, 0
3800, 0
3801, 1448
3802, 1461
3803, 1462
3804, 1461
3805, 0
3806, 0
3807, 0
3808, 0
3809, 1457
3810, 0
3811, 1478
3812, 1479
3813, 1479
3814, 1478
3815, 0
3816, 0
3817, 0
3818, 1496
3819, 1495
3820, 1495
3821, 0
3822, 0
3823, 0
3824, 0
3825, 1491
3826, 1503
3827, 1503
3828, 1502
3829, 1502
3830, 1502
3831, 1503
3832, 1505
3833, 1521
3834, 1560
3835, 1560
3836, 1559
3837, 0
3838, 0
3839, 0
3840, 0
3841, 1542
3842, 1558
3843, 1559
3844, 1560
3845, 0
3846, 1556
3847, 1552
3848, 0
3849, 1553
3850, 0
3851, 1556
3852, 1558
3853, 0
3854, 0
3855, 0
3856, 0
3857, 1559
3858, 1563
3859, 1575
3860, 1576
3861, 1574
3862, 1573
3863, 0
3864, 0
3865, 1565
3866, 1592
3867, 1591
3868, 1591
3869, 1590
3870, 0
3871, 0
3872, 1590
3873, 0
3874, 1602
3875, 1608
3876, 1606
3877, 1607
3878, 0
3879, 0
3880, 0
3881, 1613
3882, 1624
3883, 1622
3884, 1620
3885, 1621
3886, 1623
3887, 0
3888, 0
3889, 1622
3890, 1647
3891, 1646
3892, 0
3893, 1645
3894, 0
3895, 0
3896, 0
3897, 1642
3898, 1671
3899, 1671
3900, 1671
3901, 1670
3902, 1671
3903, 0
3904, 0
3905, 1656
3906, 1670
3907, 1672
3908, 0
3909, 1668
3910, 0
3911, 0
3912, 0
3913, 1677
3914, 1687
3915, 1686
3916, 1687
3917, 0
3918, 0
3919, 0
3920, 0
3921, 1692
3922, 1710
3923, 1710
3924, 1712
3925, 1711
3926, 0
3927, 0
3928, 0
3929, 1705
3930, 0
3931, 1741
3932, 0
3933, 1743
3934, 1742
3935, 0
3936, 0
3937, 1758
3938, 1776
3939, 0
3940, 1773
3941, 1772
3942, 1774
3943, 0
3944, 0
3945, 1782
3946, 1789
3947, 1797
3948, 1798
3949, 1798
3950, 1798
3951, 0
3952, 0
3953, 1785
3954, 1810
3955, 0
3956, 1860
3957, 0
3958, 1862
3959, 0
3960, 0
3961, 1857
3962, 1870
3963, 1877
3964, 1878
3965, 1878
3966, 1863
3967, 1855
3968, 1855
3969, 1855
3970, 1859
3971, 1871
3972, 1872
3973, 0
3974, 0
3975, 0
3976, 0
3977, 1859
3978, 1871
3979, 1895
3980, 1896
3981, 1895
3982, 0
3983, 0
3984, 0
3985, 1885
3986, 1904
3987, 1919
3988, 1918
3989, 1917
3990, 1917
3991, 1917
3992, 0
3993, 1903
3994, 1944
3995, 1942
3996, 1941
3997, 1941
3998, 1941
3999, 1942
4000, 1944
4001, 1958
4002, 1959
4003, 1973
4004, 1990
4005, 1992
4006, 1992
4007, 0
4008, 0
4009, 1982
4010, 2020
4011, 2031
4012, 2030
4013, 2030
4014, 2030
4015, 0
4016, 0
4017, 2016
4018, 2031
4019, 2053
4020, 2054
4021, 2055
4022, 2053
4023, 0
4024, 0
4025, 2043
4026, 2051
4027, 2088
4028, 2087
4029, 2087
4030, 2086
4031, 0
4032, 2085
4033, 2098
4034, 0
4035, 2152
4036, 2150
4037, 2148
4038, 2148
4039, 0
4040, 0
4041, 2144
4042, 2154
4043, 2167
4044, 2165
4045, 2166
4046, 2168
4047, 0
4048, 0
4049, 2164
4050, 2166
4051, 2215
4052, 2214
4053, 2213
4054, 0
4055, 0
4056, 0
4057, 2211
4058, 0
4059, 2213
4060, 0
4061, 2215
4062, 2212
4063, 0
4064, 0
4065, 2202
4066, 2240
4067, 2272
4068, 2271
4069, 2272
4070, 2272
4071, 0
4072, 0
4073, 2274
4074, 2334
4075, 2334
4076, 2334
4077, 2332
4078, 2332
4079, 0
4080, 0
4081, 2334
4082, 2354
4083, 2364
4084, 2398
4085, 2400
4086, 2399
4087, 0
4088, 0
4089, 2387
4090, 2470
4091, 2525
4092, 2533
4093, 0
4094, 2544
4095, 0
4096, 0
4097, 2536
4098, 0
4099, 2593
4100, 0
4101, 0
4102, 2620
4103, 0
4104, 0
4105, 2623
4106, 2739
4107, 2755
4108, 2800
4109, 2935
4110, 0
4111, 0
4112, 0
4113, 2926
