0, 0
1, 0
2, 0
3, 0
4, 0
5, 0
6, 0
7, 0
8, 0
9, 0
10, 0
11, 0
12, 0
13, 0
14, 0
15, 0
16, 0
17, 0
18, 0
19, 0
20, 0
21, 0
22, 0
23, 0
24, 0
25, 0
26, 0
27, 0
28, 0
29, 0
30, 0
31, 0
32, 0
33, 0
34, 0
35, 0
36, 0
37, 0
38, 0
39, 0
40, 0
41, 0
42, 0
43, 0
44, 0
45, 0
46, 0
47, 0
48, 0
49, 0
50, 0
51, 0
52, 0
53, 0
54, 0
55, 0
56, 0
57, 0
58, 0
59, 0
60, 0
61, 0
62, 0
63, 0
64, 0
65, 0
66, 0
67, 0
68, 0
69, 0
70, 0
71, 0
72, 0
73, 0
74, 0
75, 0
76, 0
77, 0
78, 0
79, 0
80, 0
81, 0
82, 0
83, 0
84, 0
85, 0
86, 0
87, 0
88, 0
89, 0
90, 0
91, 0
92, 0
93, 0
94, 0
95, 0
96, 0
97, 0
98, 0
99, 0
100, 0
101, 0
102, 0
103, 0
104, 0
105, 0
106, 0
107, 0
108, 0
109, 0
110, 0
111, 0
112, 0
113, 0
114, 0
115, 0
116, 0
117, 0
118, 0
119, 0
120, 0
121, 0
122, 0
123, 0
124, 0
125, 0
126, 0
127, 0
128, 0
129, 0
130, 0
131, 0
132, 0
133, 0
134, 0
135, 0
136, 0
137, 0
138, 0
139, 0
140, 0
141, 0
142, 0
143, 0
144, 0
145, 0
146, 0
147, 0
148, 0
149, 0
150, 0
151, 0
152, 0
153, 0
154, 0
155, 0
156, 0
157, 0
158, 0
159, 0
160, 0
161, 0
162, 0
163, 0
164, 0
165, 0
166, 0
167, 0
168, 0
169, 0
170, 0
171, 0
172, 0
173, 0
174, 0
175, 0
176, 0
177, 0
178, 0
179, 0
180, 0
181, 0
182, 0
183, 0
184, 0
185, 0
186, 0
187, 0
188, 0
189, 0
190, 0
191, 0
192, 0
193, 0
194, 0
195, 0
196, 0
197, 0
198, 0
199, 0
200, 0
201, 0
202, 0
203, 0
204, 0
205, 0
206, 0
207, 0
208, 0
209, 0
210, 0
211, 0
212, 0
213, 0
214, 0
215, 0
216, 0
217, 0
218, 0
219, 0
220, 0
221, 0
222, 0
223, 0
224, 0
225, 0
226, 0
227, 0
228, 0
229, 0
230, 0
231, 0
232, 0
233, 0
234, 0
235, 0
236, 0
237, 0
238, 0
239, 0
240, 0
241, 0
242, 0
243, 0
244, 0
245, 0
246, 0
247, 0
248, 0
249, 0
250, 0
251, 0
252, 0
253, 0
254, 0
255, 0
256, 0
257, 0
258, 0
259, 0
260, 0
261, 0
262, 0
263, 0
264, 0
265, 0
266, 0
267, 0
268, 0
269, 0
270, 0
271, 0
272, 0
273, 0
274, 0
275, 0
276, 0
277, 0
278, 0
279, 0
280, 0
281, 0
282, 0
283, 0
284, 0
285, 0
286, 0
287, 0
288, 0
289, 0
290, 0
291, 0
292, 0
293, 0
294, 0
295, 0
296, 0
297, 0
298, 0
299, 0
300, 0
301, 0
302, 0
303, 0
304, 0
305, 0
306, 0
307, 0
308, 0
309, 0
310, 0
311, 0
312, 0
313, 0
314, 0
315, 0
316, 0
317, 0
318, 0
319, 0
320, 0
321, 0
322, 0
323, 0
324, 0
325, 0
326, 0
327, 0
328, 0
329, 0
330, 0
331, 0
332, 0
333, 0
334, 0
335, 0
336, 0
337, 0
338, 0
339, 0
340, 0
341, 0
342, 0
343, 0
344, 0
345, 0
346, 0
347, 0
348, 0
349, 0
350, 0
351, 0
352, 0
353, 0
354, 0
355, 0
356, 0
357, 0
358, 0
359, 0
360, 0
361, 0
362, 0
363, 0
364, 0
365, 0
366, 0
367, 0
368, 0
369, 0
370, 0
371, 0
372, 0
373, 0
374, 0
375, 0
376, 0
377, 0
378, 0
379, 0
380, 0
381, 0
382, 0
383, 0
384, 0
385, 0
386, 0
387, 0
388, 0
389, 0
390, 0
391, 0
392, 0
393, 0
394, 0
395, 0
396, 0
397, 0
398, 0
399, 0
400, 0
401, 0
402, 0
403, 0
404, 0
405, 0
406, 0
407, 0
408, 0
409, 0
410, 0
411, 0
412, 0
413, 0
414, 0
415, 0
416, 0
417, 0
418, 0
419, 0
420, 0
421, 0
422, 0
423, 0
424, 0
425, 0
426, 0
427, 0
428, 0
429, 0
430, 0
431, 0
432, 0
433, 0
434, 0
435, 0
436, 0
437, 0
438, 0
439, 0
440, 0
441, 0
442, 0
443, 0
444, 0
445, 0
446, 0
447, 0
448, 0
449, 0
450, 0
451, 0
452, 0
453, 0
454, 0
455, 0
456, 0
457, 0
458, 0
459, 0
460, 0
461, 0
462, 0
463, 0
464, 0
465, 0
466, 0
467, 0
468, 0
469, 0
470, 0
471, 0
472, 0
473, 0
474, 0
475, 0
476, 0
477, 0
478, 0
479, 0
480, 0
481, 0
482, 0
483, 0
484, 0
485, 0
486, 0
487, 0
488, 0
489, 0
490, 0
491, 0
492, 0
493, 0
494, 0
495, 0
496, 0
497, 0
498, 0
499, 0
500, 0
501, 0
502, 0
503, 0
504, 0
505, 0
506, 0
507, 0
508, 0
509, 0
510, 0
511, 0
512, 0
513, 0
514, 0
515, 0
516, 0
517, 0
518, 0
519, 0
520, 0
521, 0
522, 0
523, 0
524, 0
525, 0
526, 0
527, 0
528, 0
529, 0
530, 0
531, 0
532, 0
533, 0
534, 0
535, 0
536, 0
537, 0
538, 0
539, 0
540, 0
541, 0
542, 0
543, 0
544, 0
545, 0
546, 0
547, 0
548, 0
549, 0
550, 0
551, 0
552, 0
553, 0
554, 0
555, 0
556, 0
557, 0
558, 0
559, 0
560, 0
561, 0
562, 0
563, 0
564, 0
565, 0
566, 0
567, 0
568, 0
569, 0
570, 0
571, 0
572, 0
573, 0
574, 0
575, 0
576, 0
577, 0
578, 0
579, 0
580, 0
581, 0
582, 0
583, 0
584, 0
585, 0
586, 0
587, 0
588, 0
589, 0
590, 0
591, 0
592, 0
593, 0
594, 0
595, 0
596, 0
597, 0
598, 0
599, 0
600, 0
601, 0
602, 0
603, 0
604, 0
605, 0
606, 0
607, 0
608, 0
609, 0
610, 0
611, 0
612, 0
613, 0
614, 0
615, 0
616, 0
617, 0
618, 0
619, 0
620, 0
621, 0
622, 0
623, 0
624, 0
625, 0
626, 0
627, 0
628, 0
629, 0
630, 0
631, 0
632, 0
633, 0
634, 0
635, 0
636, 0
637, 0
638, 0
639, 0
640, 0
641, 0
642, 0
643, 0
644, 0
645, 858
646, 826
647, 0
648, 789
649, 0
650, 791
651, 790
652, 790
653, 790
654, 729
655, 727
656, 726
657, 726
658, 727
659, 726
660, 704
661, 673
662, 672
663, 0
664, 669
665, 669
666, 0
667, 671
668, 670
669, 670
670, 625
671, 624
672, 0
673, 0
674, 0
675, 0
676, 623
677, 0
678, 585
679, 0
680, 583
681, 581
682, 583
683, 583
684, 583
685, 583
686, 560
687, 558
688, 558
689, 559
690, 559
691, 559
692, 558
693, 558
694, 523
695, 520
696, 518
697, 519
698, 518
699, 518
700, 519
701, 499
702, 492
703, 487
704, 0
705, 0
706, 495
707, 495
708, 495
709, 494
710, 473
711, 472
712, 471
713, 470
714, 470
715, 471
716, 470
717, 454
718, 454
719, 0
720, 443
721, 0
722, 447
723, 446
724, 446
725, 445
726, 429
727, 423
728, 422
729, 422
730, 421
731, 422
732, 423
733, 407
734, 403
735, 399
736, 397
737, 396
738, 397
739, 398
740, 398
741, 397
742, 377
743, 375
744, 374
745, 374
746, 375
747, 375
748, 373
749, 374
750, 368
751, 352
752, 0
753, 0
754, 359
755, 359
756, 357
757, 341
758, 0
759, 342
760, 343
761, 342
762, 340
763, 342
764, 343
765, 343
766, 323
767, 318
768, 318
769, 319
770, 319
771, 318
772, 312
773, 311
774, 303
775, 296
776, 294
777, 293
778, 292
779, 293
780, 295
781, 295
782, 282
783, 279
784, 0
785, 279
786, 279
787, 278
788, 278
789, 279
790, 0
791, 262
792, 261
793, 261
794, 261
795, 261
796, 262
797, 262
798, 239
799, 238
800, 238
801, 239
802, 239
803, 239
804, 239
805, 232
806, 231
807, 224
808, 0
809, 0
810, 230
811, 226
812, 226
813, 226
814, 218
815, 216
816, 0
817, 0
818, 0
819, 0
820, 215
821, 199
822, 197
823, 0
824, 199
825, 199
826, 0
827, 198
828, 0
829, 186
830, 0
831, 182
832, 182
833, 182
834, 182
835, 183
836, 182
837, 177
838, 175
839, 168
840, 0
841, 0
842, 173
843, 173
844, 174
845, 160
846, 159
847, 159
848, 0
849, 0
850, 0
851, 158
852, 0
853, 156
854, 0
855, 143
856, 141
857, 143
858, 143
859, 143
860, 141
861, 134
862, 128
863, 127
864, 0
865, 0
866, 133
867, 133
868, 135
869, 135
870, 126
871, 125
872, 0
873, 0
874, 125
875, 0
876, 127
877, 126
878, 0
879, 112
880, 110
881, 111
882, 110
883, 110
884, 110
885, 97
886, 97
887, 96
888, 0
889, 0
890, 0
891, 0
892, 103
893, 102
894, 96
895, 94
896, 0
897, 0
898, 95
899, 94
900, 93
901, 92
902, 79
903, 77
904, 79
905, 78
906, 76
907, 78
908, 79
909, 78
910, 70
911, 63
912, 62
913, 0
914, 63
915, 62
916, 63
917, 63
918, 55
919, 54
920, 0
921, 0
922, 0
923, 0
924, 63
925, 0
926, 48
927, 0
928, 43
929, 0
930, 47
931, 47
932, 47
933, 38
934, 32
935, 32
936, 0
937, 0
938, 38
939, 38
940, 36
941, 34
942, 0
943, 30
944, 29
945, 31
946, 31
947, 31
948, 31
949, 29
950, 18
951, 15
952, 14
953, 14
954, 15
955, 15
956, 14
957, 7
958, 6
959, 6
960, 0
961, 0
962, 12
963, 13
964, 15
965, 15
966, 0
967, 0
968, -1
969, -1
970, -1
971, 0
972, -1
973, -1
974, 0
975, -3
976, 0
977, 0
978, -3
979, -2
980, -1
981, -1
982, -4
983, -4
984, 0
985, 0
986, -3
987, -2
988, -1
989, -1
990, -1
991, -1
992, 0
993, 0
994, -18
995, -17
996, -17
997, 0
998, -17
999, 0
1000, 0
1001, 0
1002, -17
1003, 0
1004, -18
1005, -18
1006, 0
1007, -19
1008, 0
1009, -27
1010, 0
1011, 0
1012, -25
1013, -25
1014, -25
1015, 0
1016, 0
1017, 0
1018, -34
1019, -33
1020, -33
1021, -34
1022, -33
1023, -39
1024, 0
1025, 0
1026, 0
1027, 0
1028, -42
1029, -41
1030, -42
1031, -42
1032, 0
1033, 0
1034, -50
1035, -52
1036, -53
1037, -51
1038, -50
1039, -50
1040, 0
1041, 0
1042, -65
1043, -66
1044, -66
1045, -67
1046, -67
1047, -68
1048, 0
1049, 0
1050, -66
1051, -66
1052, -65
1053, -65
1054, -65
1055, -66
1056, 0
1057, 0
1058, -65
1059, -66
1060, -65
1061, -65
1062, -67
1063, -67
1064, 0
1065, 0
1066, -74
1067, -73
1068, -73
1069, -74
1070, 0
1071, -76
1072, 0
1073, 0
1074, -85
1075, 0
1076, -81
1077, -82
1078, -81
1079, -81
1080, 0
1081, 0
1082, 0
1083, -81
1084, -81
1085, -83
1086, -84
1087, -83
1088, -89
1089, -90
1090, -89
1091, -89
1092, 0
1093, -89
1094, 0
1095, -91
1096, 0
1097, 0
1098, -90
1099, -89
1100, 0
1101, -89
1102, -89
1103, -90
1104, -99
1105, -98
1106, -97
1107, -98
1108, -98
1109, -97
1110, -98
1111, -98
1112, 0
1113, 0
1114, -98
1115, -98
1116, -97
1117, -97
1118, -98
1119, -100
1120, 0
1121, 0
1122, 0
1123, -97
1124, -100
1125, -98
1126, 0
1127, -98
1128, -106
1129, -106
1130, -106
1131, -106
1132, -105
1133, -106
1134, -108
1135, -108
1136, 0
1137, 0
1138, 0
1139, -106
1140, -105
1141, -105
1142, -105
1143, -105
1144, 0
1145, 0
1146, -106
1147, -105
1148, -105
1149, -106
1150, 0
1151, -109
1152, 0
1153, 0
1154, 0
1155, 0
1156, 0
1157, -107
1158, 0
1159, -108
1160, 0
1161, 0
1162, -114
1163, -114
1164, 0
1165, 0
1166, 0
1167, 0
1168, 0
1169, 0
1170, 0
1171, -115
1172, -113
1173, -113
1174, -114
1175, 0
1176, 0
1177, 0
1178, -114
1179, -114
1180, -113
1181, -114
1182, -117
1183, -117
1184, 0
1185, 0
1186, -121
1187, -121
1188, -122
1189, -124
1190, 0
1191, 0
1192, 0
1193, 0
1194, -123
1195, -123
1196, -121
1197, -121
1198, -121
1199, -121
1200, 0
1201, 0
1202, -123
1203, -122
1204, -121
1205, -121
1206, -124
1207, -124
1208, 0
1209, 0
1210, -121
1211, -121
1212, -121
1213, -122
1214, -121
1215, -121
1216, 0
1217, 0
1218, -123
1219, -122
1220, -122
1221, -123
1222, 0
1223, -121
1224, 0
1225, 0
1226, -138
1227, -139
1228, -138
1229, -137
1230, -137
1231, -138
1232, 0
1233, 0
1234, -132
1235, -130
1236, -129
1237, -129
1238, -129
1239, -130
1240, 0
1241, 0
1242, 0
1243, 0
1244, 0
1245, -131
1246, 0
1247, -132
1248, 0
1249, 0
1250, -130
1251, -130
1252, -129
1253, -129
1254, 0
1255, -132
1256, 0
1257, 0
1258, -129
1259, -130
1260, -130
1261, -131
1262, 0
1263, -129
1264, 0
1265, 0
1266, -129
1267, -129
1268, -130
1269, -131
1270, 0
1271, 0
1272, 0
1273, 0
1274, -137
1275, -137
1276, -137
1277, -137
1278, -137
1279, 0
1280, 0
1281, 0
1282, 0
1283, -137
1284, -138
1285, -139
1286, -138
1287, -138
1288, 0
1289, 0
1290, -139
1291, -138
1292, -137
1293, -138
1294, -137
1295, -137
1296, 0
1297, 0
1298, -137
1299, -137
1300, -138
1301, -138
1302, -137
1303, -137
1304, 0
1305, 0
1306, 0
1307, -138
1308, 0
1309, -139
1310, 0
1311, -141
1312, 0
1313, -138
1314, 0
1315, -137
1316, -137
1317, -138
1318, -139
1319, -140
1320, 0
1321, 0
1322, 0
1323, -138
1324, -138
1325, -138
1326, -138
1327, -137
1328, 0
1329, 0
1330, 0
1331, -130
1332, -129
1333, -129
1334, -129
1335, -131
1336, 0
1337, 0
1338, 0
1339, -124
1340, 0
1341, -121
1342, 0
1343, -121
1344, 0
1345, 0
1346, -122
1347, -121
1348, -122
1349, -122
1350, -122
1351, -123
1352, 0
1353, 0
1354, 0
1355, -123
1356, -123
1357, -122
1358, -122
1359, -123
1360, 0
1361, 0
1362, 0
1363, -114
1364, -113
1365, -114
1366, -115
1367, -114
1368, 0
1369, 0
1370, -106
1371, -107
1372, -107
1373, -107
1374, 0
1375, -105
1376, 0
1377, 0
1378, -98
1379, -99
1380, -97
1381, -97
1382, -98
1383, -99
1384, 0
1385, 0
1386, -92
1387, -90
1388, -89
1389, -89
1390, -89
1391, -89
1392, 0
1393, 0
1394, -98
1395, -97
1396, -97
1397, -97
1398, 0
1399, -98
1400, 0
1401, 0
1402, 0
1403, -106
1404, -106
1405, -106
1406, -105
1407, -105
1408, 0
1409, 0
1410, -108
1411, -105
1412, 0
1413, -106
1414, -105
1415, -105
1416, 0
1417, 0
1418, -98
1419, -98
1420, -97
1421, -97
1422, 0
1423, 0
1424, 0
1425, 0
1426, -98
1427, -98
1428, -97
1429, -98
1430, -97
1431, -97
1432, 0
1433, 0
1434, 0
1435, 0
1436, -102
1437, 0
1438, -98
1439, -98
1440, 0
1441, 0
1442, -90
1443, -89
1444, -90
1445, -91
1446, 0
1447, 0
1448, 0
1449, 0
1450, 0
1451, -89
1452, 0
1453, -92
1454, 0
1455, -89
1456, 0
1457, 0
1458, -89
1459, -89
1460, -90
1461, -91
1462, 0
1463, -89
1464, 0
1465, -91
1466, -90
1467, -90
1468, -90
1469, -89
1470, -89
1471, -90
1472, 0
1473, 0
1474, 0
1475, -93
1476, -93
1477, -92
1478, -90
1479, -90
1480, 0
1481, 0
1482, -90
1483, -90
1484, -89
1485, -90
1486, -91
1487, -91
1488, 0
1489, 0
1490, 0
1491, -82
1492, 0
1493, -81
1494, 0
1495, -82
1496, 0
1497, 0
1498, 0
1499, -81
1500, 0
1501, -85
1502, 0
1503, -82
1504, 0
1505, 0
1506, 0
1507, 0
1508, 0
1509, -73
1510, 0
1511, -74
1512, 0
1513, 0
1514, -74
1515, 0
1516, -73
1517, -73
1518, -73
1519, -73
1520, 0
1521, 0
1522, 0
1523, -74
1524, -73
1525, -73
1526, -73
1527, -74
1528, 0
1529, 0
1530, -65
1531, -65
1532, -66
1533, -65
1534, 0
1535, 0
1536, 0
1537, 0
1538, -65
1539, -65
1540, -67
1541, -67
1542, 0
1543, -65
1544, 0
1545, 0
1546, -65
1547, -65
1548, -66
1549, -67
1550, 0
1551, -65
1552, 0
1553, 0
1554, 0
1555, -66
1556, -65
1557, -65
1558, -66
1559, -66
1560, 0
1561, 0
1562, -69
1563, -67
1564, -66
1565, -67
1566, -65
1567, -65
1568, 0
1569, 0
1570, -57
1571, -58
1572, -57
1573, -58
1574, -58
1575, -58
1576, 0
1577, 0
1578, -49
1579, -49
1580, -50
1581, -50
1582, -49
1583, -50
1584, 0
1585, 0
1586, -41
1587, -42
1588, -41
1589, -41
1590, -42
1591, -43
1592, 0
1593, 0
1594, 0
1595, -52
1596, 0
1597, -49
1598, 0
1599, -49
1600, 0
1601, 0
1602, 0
1603, 0
1604, -44
1605, 0
1606, 0
1607, -42
1608, 0
1609, 0
1610, 0
1611, -43
1612, -44
1613, -41
1614, 0
1615, -44
1616, 0
1617, 0
1618, -33
1619, -33
1620, -33
1621, -34
1622, -34
1623, -36
1624, 0
1625, 0
1626, -33
1627, -33
1628, -34
1629, -35
1630, 0
1631, -34
1632, 0
1633, 0
1634, -34
1635, -35
1636, -34
1637, -33
1638, -33
1639, -33
1640, 0
1641, 0
1642, -35
1643, -33
1644, 0
1645, -36
1646, 0
1647, -33
1648, 0
1649, 0
1650, -9
1651, -10
1652, -9
1653, -9
1654, -10
1655, -10
1656, 0
1657, 0
1658, 0
1659, 0
1660, 0
1661, -9
1662, -9
1663, 0
1664, 0
1665, 0
1666, -2
1667, -2
1668, -2
1669, -2
1670, -2
1671, -3
1672, 0
1673, -3
1674, -1
1675, 0
1676, -1
1677, 0
1678, -2
1679, -1
1680, 0
1681, 0
1682, -1
1683, 0
1684, -1
1685, 0
1686, 0
1687, -2
1688, 0
1689, 0
1690, 7
1691, 7
1692, 7
1693, 6
1694, 1
1695, 0
1696, 0
1697, 0
1698, 0
1699, 0
1700, 0
1701, 6
1702, 5
1703, 0
1704, 0
1705, 0
1706, 0
1707, 14
1708, 14
1709, 14
1710, 15
1711, 0
1712, 0
1713, 0
1714, 6
1715, 6
1716, 5
1717, 6
1718, 7
1719, 7
1720, 0
1721, 0
1722, 23
1723, 22
1724, 22
1725, 21
1726, 0
1727, 16
1728, 0
1729, 0
1730, 14
1731, 12
1732, 13
1733, 14
1734, 13
1735, 13
1736, 0
1737, 0
1738, 0
1739, 31
1740, 30
1741, 30
1742, 25
1743, 24
1744, 0
1745, 0
1746, 31
1747, 31
1748, 29
1749, 27
1750, 0
1751, 0
1752, 0
1753, 0
1754, 31
1755, 30
1756, 30
1757, 31
1758, 26
1759, 24
1760, 0
1761, 0
1762, 0
1763, 30
1764, 31
1765, 31
1766, 30
1767, 31
1768, 30
1769, 30
1770, 30
1771, 29
1772, 29
1773, 30
1774, 31
1775, 31
1776, 0
1777, 0
1778, 39
1779, 0
1780, 39
1781, 39
1782, 33
1783, 32
1784, 0
1785, 0
1786, 31
1787, 0
1788, 30
1789, 31
1790, 30
1791, 29
1792, 0
1793, 31
1794, 0
1795, 31
1796, 0
1797, 29
1798, 30
1799, 31
1800, 30
1801, 30
1802, 0
1803, 31
1804, 0
1805, 31
1806, 25
1807, 24
1808, 0
1809, 0
1810, 30
1811, 30
1812, 27
1813, 27
1814, 27
1815, 26
1816, 0
1817, 0
1818, 22
1819, 23
1820, 23
1821, 22
1822, 0
1823, 22
1824, 22
1825, 0
1826, 20
1827, 21
1828, 22
1829, 21
1830, 20
1831, 16
1832, 0
1833, 0
1834, 15
1835, 15
1836, 14
1837, 15
1838, 14
1839, 0
1840, 15
1841, 0
1842, 15
1843, 15
1844, 14
1845, 15
1846, 15
1847, 13
1848, 0
1849, 0
1850, 0
1851, 0
1852, 0
1853, 0
1854, 0
1855, 0
1856, 0
1857, 0
1858, 0
1859, 0
1860, 0
1861, 0
1862, 0
1863, 0
1864, 0
1865, 0
1866, 36
1867, 0
1868, 39
1869, 39
1870, 35
1871, 32
1872, 0
1873, 0
1874, 0
1875, 39
1876, 38
1877, 39
1878, 39
1879, 39
1880, 38
1881, 0
1882, 35
1883, 0
1884, 0
1885, 38
1886, 38
1887, 39
1888, 0
1889, 0
1890, 0
1891, 39
1892, 39
1893, 38
1894, 37
1895, 0
1896, 0
1897, 0
1898, 0
1899, 23
1900, 21
1901, 22
1902, 0
1903, 15
1904, 0
1905, 0
1906, 0
1907, 0
1908, 39
1909, 38
1910, 39
1911, 0
1912, 0
1913, 0
1914, 46
1915, 46
1916, 47
1917, 47
1918, 47
1919, 46
1920, 0
1921, 0
1922, 54
1923, 55
1924, 53
1925, 53
1926, 54
1927, 47
1928, 46
1929, 46
1930, 47
1931, 46
1932, 44
1933, 45
1934, 47
1935, 47
1936, 0
1937, 0
1938, 46
1939, 47
1940, 46
1941, 45
1942, 47
1943, 47
1944, 0
1945, 0
1946, 55
1947, 0
1948, 52
1949, 0
1950, 55
1951, 55
1952, 0
1953, 0
1954, 0
1955, 54
1956, 55
1957, 54
1958, 55
1959, 0
1960, 54
1961, 54
1962, 53
1963, 53
1964, 55
1965, 55
1966, 55
1967, 54
1968, 0
1969, 0
1970, 54
1971, 0
1972, 54
1973, 54
1974, 46
1975, 45
1976, 0
1977, 0
1978, 54
1979, 55
1980, 55
1981, 55
1982, 54
1983, 53
1984, 0
1985, 0
1986, 54
1987, 55
1988, 0
1989, 53
1990, 0
1991, 0
1992, 54
1993, 0
1994, 54
1995, 53
1996, 54
1997, 55
1998, 54
1999, 54
2000, 0
2001, 0
2002, 0
2003, 62
2004, 62
2005, 54
2006, 54
2007, 53
2008, 52
2009, 54
2010, 54
2011, 54
2012, 54
2013, 52
2014, 52
2015, 48
2016, 0
2017, 0
2018, 55
2019, 55
2020, 54
2021, 55
2022, 0
2023, 0
2024, 55
2025, 53
2026, 54
2027, 0
2028, 54
2029, 54
2030, 54
2031, 55
2032, 54
2033, 55
2034, 55
2035, 53
2036, 55
2037, 55
2038, 55
2039, 55
2040, 0
2041, 0
2042, 62
2043, 62
2044, 63
2045, 62
2046, 59
2047, 54
2048, 53
2049, 54
2050, 54
2051, 53
2052, 0
2053, 55
2054, 53
2055, 54
2056, 0
2057, 0
2058, 62
2059, 61
2060, 60
2061, 60
2062, 62
2063, 62
2064, 61
2065, 62
2066, 63
2067, 62
2068, 62
2069, 62
2070, 62
2071, 62
2072, 0
2073, 0
2074, 60
2075, 61
2076, 62
2077, 62
2078, 61
2079, 0
2080, 0
2081, 0
2082, 0
2083, 71
2084, 0
2085, 71
2086, 71
2087, 71
2088, 71
2089, 70
2090, 0
2091, 69
2092, 0
2093, 71
2094, 64
2095, 63
2096, 0
2097, 0
2098, 0
2099, 70
2100, 71
2101, 70
2102, 70
2103, 71
2104, 71
2105, 70
2106, 70
2107, 69
2108, 70
2109, 71
2110, 71
2111, 71
2112, 70
2113, 71
2114, 70
2115, 70
2116, 71
2117, 70
2118, 69
2119, 70
2120, 0
2121, 0
2122, 0
2123, 78
2124, 79
2125, 79
2126, 79
2127, 79
2128, 78
2129, 77
2130, 77
2131, 79
2132, 79
2133, 77
2134, 78
2135, 78
2136, 0
2137, 0
2138, 87
2139, 87
2140, 86
2141, 85
2142, 0
2143, 80
2144, 0
2145, 0
2146, 79
2147, 0
2148, 76
2149, 0
2150, 79
2151, 77
2152, 78
2153, 79
2154, 79
2155, 78
2156, 77
2157, 78
2158, 79
2159, 79
2160, 0
2161, 0
2162, 0
2163, 87
2164, 86
2165, 86
2166, 0
2167, 85
2168, 85
2169, 87
2170, 87
2171, 86
2172, 86
2173, 87
2174, 87
2175, 86
2176, 86
2177, 86
2178, 85
2179, 85
2180, 87
2181, 87
2182, 84
2183, 84
2184, 0
2185, 0
2186, 94
2187, 95
2188, 95
2189, 94
2190, 94
2191, 93
2192, 0
2193, 0
2194, 95
2195, 95
2196, 95
2197, 94
2198, 92
2199, 91
2200, 90
2201, 91
2202, 92
2203, 102
2204, 103
2205, 103
2206, 96
2207, 0
2208, 0
2209, 0
2210, 102
2211, 103
2212, 103
2213, 102
2214, 101
2215, 102
2216, 0
2217, 0
2218, 102
2219, 103
2220, 103
2221, 102
2222, 102
2223, 103
2224, 0
2225, 101
2226, 101
2227, 100
2228, 101
2229, 103
2230, 103
2231, 0
2232, 0
2233, 0
2234, 0
2235, 109
2236, 110
2237, 111
2238, 110
2239, 0
2240, 0
2241, 0
2242, 111
2243, 110
2244, 111
2245, 111
2246, 110
2247, 111
2248, 110
2249, 110
2250, 0
2251, 109
2252, 111
2253, 110
2254, 109
2255, 103
2256, 0
2257, 0
2258, 109
2259, 108
2260, 109
2261, 110
2262, 110
2263, 110
2264, 110
2265, 111
2266, 110
2267, 110
2268, 110
2269, 110
2270, 111
2271, 111
2272, 0
2273, 0
2274, 109
2275, 109
2276, 109
2277, 0
2278, 0
2279, 104
2280, 0
2281, 0
2282, 0
2283, 0
2284, 111
2285, 110
2286, 110
2287, 110
2288, 111
2289, 111
2290, 110
2291, 111
2292, 0
2293, 109
2294, 0
2295, 109
2296, 0
2297, 110
2298, 110
2299, 111
2300, 0
2301, 108
2302, 0
2303, 105
2304, 103
2305, 0
2306, 101
2307, 0
2308, 103
2309, 103
2310, 103
2311, 103
2312, 0
2313, 0
2314, 0
2315, 111
2316, 111
2317, 111
2318, 110
2319, 112
2320, 118
2321, 119
2322, 119
2323, 119
2324, 118
2325, 118
2326, 117
2327, 116
2328, 0
2329, 118
2330, 119
2331, 118
2332, 119
2333, 119
2334, 118
2335, 117
2336, 117
2337, 0
2338, 0
2339, 117
2340, 0
2341, 119
2342, 118
2343, 112
2344, 0
2345, 0
2346, 0
2347, 119
2348, 119
2349, 119
2350, 119
2351, 118
2352, 118
2353, 119
2354, 119
2355, 118
2356, 119
2357, 119
2358, 119
2359, 118
2360, 118
2361, 119
2362, 119
2363, 119
2364, 119
2365, 119
2366, 118
2367, 118
2368, 0
2369, 0
2370, 119
2371, 119
2372, 118
2373, 118
2374, 118
2375, 118
2376, 118
2377, 119
2378, 119
2379, 119
2380, 119
2381, 119
2382, 119
2383, 119
2384, 0
2385, 0
2386, 127
2387, 127
2388, 127
2389, 127
2390, 127
2391, 127
2392, 127
2393, 0
2394, 126
2395, 0
2396, 127
2397, 126
2398, 127
2399, 127
2400, 0
2401, 0
2402, 0
2403, 127
2404, 127
2405, 127
2406, 127
2407, 126
2408, 0
2409, 125
2410, 0
2411, 127
2412, 127
2413, 127
2414, 127
2415, 0
2416, 0
2417, 0
2418, 135
2419, 134
2420, 135
2421, 135
2422, 135
2423, 135
2424, 135
2425, 134
2426, 134
2427, 0
2428, 135
2429, 0
2430, 135
2431, 135
2432, 134
2433, 135
2434, 135
2435, 135
2436, 135
2437, 135
2438, 134
2439, 136
2440, 137
2441, 142
2442, 143
2443, 142
2444, 141
2445, 142
2446, 142
2447, 141
2448, 0
2449, 0
2450, 151
2451, 150
2452, 151
2453, 151
2454, 149
2455, 150
2456, 151
2457, 151
2458, 150
2459, 150
2460, 0
2461, 151
2462, 0
2463, 151
2464, 151
2465, 151
2466, 0
2467, 150
2468, 0
2469, 149
2470, 150
2471, 151
2472, 151
2473, 151
2474, 150
2475, 151
2476, 151
2477, 150
2478, 151
2479, 0
2480, 150
2481, 0
2482, 150
2483, 150
2484, 151
2485, 151
2486, 150
2487, 151
2488, 0
2489, 0
2490, 151
2491, 151
2492, 151
2493, 151
2494, 151
2495, 150
2496, 0
2497, 0
2498, 158
2499, 159
2500, 158
2501, 157
2502, 158
2503, 0
2504, 157
2505, 0
2506, 158
2507, 157
2508, 159
2509, 159
2510, 159
2511, 158
2512, 159
2513, 159
2514, 158
2515, 158
2516, 157
2517, 158
2518, 158
2519, 157
2520, 157
2521, 159
2522, 159
2523, 158
2524, 157
2525, 157
2526, 158
2527, 159
2528, 159
2529, 159
2530, 0
2531, 157
2532, 0
2533, 159
2534, 158
2535, 159
2536, 159
2537, 156
2538, 155
2539, 155
2540, 156
2541, 157
2542, 159
2543, 158
2544, 0
2545, 0
2546, 158
2547, 159
2548, 158
2549, 157
2550, 157
2551, 158
2552, 0
2553, 0
2554, 0
2555, 167
2556, 167
2557, 166
2558, 166
2559, 166
2560, 166
2561, 167
2562, 167
2563, 166
2564, 167
2565, 167
2566, 167
2567, 168
2568, 174
2569, 0
2570, 172
2571, 0
2572, 0
2573, 173
2574, 174
2575, 175
2576, 174
2577, 0
2578, 173
2579, 172
2580, 0
2581, 175
2582, 175
2583, 174
2584, 173
2585, 174
2586, 173
2587, 173
2588, 174
2589, 0
2590, 174
2591, 174
2592, 174
2593, 174
2594, 175
2595, 175
2596, 174
2597, 174
2598, 174
2599, 173
2600, 174
2601, 174
2602, 175
2603, 174
2604, 175
2605, 175
2606, 173
2607, 174
2608, 175
2609, 175
2610, 174
2611, 174
2612, 175
2613, 175
2614, 174
2615, 174
2616, 174
2617, 173
2618, 175
2619, 175
2620, 175
2621, 175
2622, 175
2623, 175
2624, 0
2625, 0
2626, 175
2627, 175
2628, 174
2629, 174
2630, 174
2631, 175
2632, 0
2633, 0
2634, 0
2635, 191
2636, 190
2637, 190
2638, 0
2639, 0
2640, 0
2641, 0
2642, 191
2643, 190
2644, 190
2645, 190
2646, 191
2647, 191
2648, 191
2649, 191
2650, 189
2651, 190
2652, 190
2653, 189
2654, 190
2655, 189
2656, 189
2657, 190
2658, 0
2659, 191
2660, 191
2661, 190
2662, 191
2663, 190
2664, 191
2665, 191
2666, 191
2667, 190
2668, 191
2669, 190
2670, 191
2671, 191
2672, 190
2673, 191
2674, 191
2675, 191
2676, 190
2677, 191
2678, 191
2679, 190
2680, 190
2681, 190
2682, 189
2683, 189
2684, 191
2685, 191
2686, 191
2687, 192
2688, 196
2689, 197
2690, 197
2691, 199
2692, 198
2693, 198
2694, 199
2695, 198
2696, 0
2697, 196
2698, 0
2699, 197
2700, 199
2701, 199
2702, 198
2703, 197
2704, 196
2705, 198
2706, 199
2707, 199
2708, 0
2709, 197
2710, 0
2711, 0
2712, 199
2713, 197
2714, 0
2715, 194
2716, 196
2717, 198
2718, 197
2719, 198
2720, 197
2721, 198
2722, 198
2723, 197
2724, 199
2725, 199
2726, 199
2727, 199
2728, 203
2729, 206
2730, 205
2731, 0
2732, 207
2733, 205
2734, 206
2735, 207
2736, 207
2737, 206
2738, 206
2739, 207
2740, 206
2741, 207
2742, 207
2743, 206
2744, 206
2745, 206
2746, 207
2747, 207
2748, 207
2749, 206
2750, 207
2751, 207
2752, 206
2753, 207
2754, 206
2755, 206
2756, 206
2757, 205
2758, 206
2759, 206
2760, 0
2761, 0
2762, 215
2763, 0
2764, 212
2765, 213
2766, 215
2767, 215
2768, 214
2769, 215
2770, 215
2771, 214
2772, 215
2773, 215
2774, 214
2775, 216
2776, 0
2777, 221
2778, 0
2779, 223
2780, 222
2781, 223
2782, 222
2783, 0
2784, 220
2785, 0
2786, 223
2787, 223
2788, 222
2789, 222
2790, 223
2791, 223
2792, 0
2793, 221
2794, 0
2795, 0
2796, 221
2797, 0
2798, 222
2799, 221
2800, 222
2801, 222
2802, 223
2803, 223
2804, 222
2805, 223
2806, 223
2807, 224
2808, 0
2809, 229
2810, 229
2811, 230
2812, 231
2813, 231
2814, 231
2815, 231
2816, 231
2817, 231
2818, 229
2819, 231
2820, 231
2821, 231
2822, 230
2823, 229
2824, 230
2825, 231
2826, 231
2827, 230
2828, 229
2829, 228
2830, 230
2831, 230
2832, 230
2833, 237
2834, 237
2835, 237
2836, 238
2837, 239
2838, 238
2839, 238
2840, 239
2841, 239
2842, 237
2843, 239
2844, 238
2845, 237
2846, 237
2847, 238
2848, 239
2849, 238
2850, 239
2851, 239
2852, 237
2853, 238
2854, 239
2855, 238
2856, 237
2857, 238
2858, 237
2859, 237
2860, 238
2861, 239
2862, 239
2863, 240
2864, 241
2865, 247
2866, 247
2867, 0
2868, 243
2869, 245
2870, 245
2871, 244
2872, 244
2873, 0
2874, 247
2875, 246
2876, 247
2877, 247
2878, 247
2879, 246
2880, 246
2881, 245
2882, 246
2883, 247
2884, 246
2885, 246
2886, 247
2887, 248
2888, 249
2889, 255
2890, 254
2891, 254
2892, 253
2893, 254
2894, 254
2895, 253
2896, 254
2897, 254
2898, 254
2899, 255
2900, 254
2901, 254
2902, 255
2903, 255
2904, 254
2905, 252
2906, 250
2907, 250
2908, 252
2909, 254
2910, 253
2911, 254
2912, 255
2913, 255
2914, 255
2915, 255
2916, 255
2917, 255
2918, 254
2919, 256
2920, 259
2921, 262
2922, 263
2923, 262
2924, 262
2925, 263
2926, 262
2927, 0
2928, 263
2929, 263
2930, 262
2931, 261
2932, 262
2933, 262
2934, 262
2935, 261
2936, 262
2937, 0
2938, 260
2939, 0
2940, 263
2941, 262
2942, 263
2943, 0
2944, 262
2945, 269
2946, 0
2947, 271
2948, 270
2949, 271
2950, 269
2951, 267
2952, 268
2953, 270
2954, 271
2955, 270
2956, 271
2957, 271
2958, 271
2959, 271
2960, 270
2961, 271
2962, 270
2963, 271
2964, 271
2965, 270
2966, 271
2967, 0
2968, 0
2969, 270
2970, 270
2971, 270
2972, 268
2973, 270
2974, 269
2975, 0
2976, 269
2977, 271
2978, 270
2979, 270
2980, 270
2981, 271
2982, 271
2983, 271
2984, 271
2985, 270
2986, 270
2987, 271
2988, 271
2989, 271
2990, 271
2991, 0
2992, 277
2993, 277
2994, 0
2995, 278
2996, 278
2997, 0
2998, 277
2999, 0
3000, 0
3001, 278
3002, 278
3003, 279
3004, 279
3005, 277
3006, 279
3007, 280
3008, 285
3009, 286
3010, 0
3011, 287
3012, 0
3013, 283
3014, 0
3015, 287
3016, 286
3017, 285
3018, 285
3019, 286
3020, 287
3021, 287
3022, 287
3023, 288
3024, 290
3025, 294
3026, 0
3027, 293
3028, 0
3029, 295
3030, 294
3031, 294
3032, 293
3033, 293
3034, 293
3035, 292
3036, 291
3037, 291
3038, 0
3039, 290
3040, 0
3041, 294
3042, 0
3043, 295
3044, 294
3045, 295
3046, 295
3047, 0
3048, 0
3049, 295
3050, 295
3051, 295
3052, 0
3053, 295
3054, 294
3055, 295
3056, 295
3057, 294
3058, 294
3059, 295
3060, 294
3061, 0
3062, 0
3063, 0
3064, 0
3065, 303
3066, 303
3067, 303
3068, 302
3069, 302
3070, 303
3071, 303
3072, 303
3073, 302
3074, 302
3075, 303
3076, 303
3077, 0
3078, 301
3079, 0
3080, 0
3081, 302
3082, 0
3083, 303
3084, 301
3085, 302
3086, 302
3087, 303
3088, 304
3089, 310
3090, 309
3091, 0
3092, 311
3093, 310
3094, 310
3095, 310
3096, 310
3097, 310
3098, 310
3099, 310
3100, 309
3101, 310
3102, 311
3103, 312
3104, 314
3105, 316
3106, 316
3107, 318
3108, 318
3109, 318
3110, 319
3111, 319
3112, 318
3113, 318
3114, 318
3115, 319
3116, 319
3117, 319
3118, 319
3119, 0
3120, 0
3121, 310
3122, 311
3123, 311
3124, 311
3125, 311
3126, 311
3127, 0
3128, 312
3129, 0
3130, 319
3131, 318
3132, 318
3133, 319
3134, 0
3135, 319
3136, 319
3137, 318
3138, 319
3139, 319
3140, 319
3141, 318
3142, 319
3143, 318
3144, 320
3145, 324
3146, 324
3147, 327
3148, 326
3149, 325
3150, 326
3151, 327
3152, 327
3153, 327
3154, 326
3155, 326
3156, 326
3157, 326
3158, 327
3159, 0
3160, 0
3161, 327
3162, 0
3163, 327
3164, 327
3165, 326
3166, 327
3167, 0
3168, 0
3169, 335
3170, 334
3171, 333
3172, 333
3173, 334
3174, 333
3175, 332
3176, 332
3177, 0
3178, 0
3179, 0
3180, 334
3181, 334
3182, 335
3183, 0
3184, 337
3185, 0
3186, 343
3187, 343
3188, 343
3189, 343
3190, 343
3191, 342
3192, 341
3193, 342
3194, 343
3195, 342
3196, 343
3197, 343
3198, 343
3199, 344
3200, 345
3201, 351
3202, 351
3203, 0
3204, 350
3205, 0
3206, 0
3207, 0
3208, 0
3209, 343
3210, 343
3211, 342
3212, 342
3213, 342
3214, 343
3215, 0
3216, 342
3217, 348
3218, 0
3219, 351
3220, 350
3221, 349
3222, 349
3223, 349
3224, 349
3225, 351
3226, 351
3227, 351
3228, 349
3229, 349
3230, 350
3231, 351
3232, 356
3233, 359
3234, 359
3235, 359
3236, 359
3237, 359
3238, 359
3239, 0
3240, 0
3241, 358
3242, 358
3243, 358
3244, 358
3245, 358
3246, 358
3247, 0
3248, 0
3249, 359
3250, 359
3251, 357
3252, 358
3253, 359
3254, 358
3255, 360
3256, 361
3257, 367
3258, 366
3259, 367
3260, 367
3261, 366
3262, 367
3263, 367
3264, 366
3265, 366
3266, 366
3267, 366
3268, 365
3269, 366
3270, 367
3271, 368
3272, 369
3273, 0
3274, 372
3275, 373
3276, 374
3277, 374
3278, 0
3279, 0
3280, 0
3281, 364
3282, 367
3283, 366
3284, 367
3285, 367
3286, 367
3287, 367
3288, 367
3289, 373
3290, 372
3291, 374
3292, 375
3293, 374
3294, 374
3295, 0
3296, 373
3297, 0
3298, 381
3299, 383
3300, 382
3301, 382
3302, 382
3303, 382
3304, 383
3305, 383
3306, 382
3307, 382
3308, 0
3309, 379
3310, 0
3311, 0
3312, 0
3313, 383
3314, 382
3315, 383
3316, 383
3317, 382
3318, 382
3319, 383
3320, 383
3321, 382
3322, 383
3323, 382
3324, 382
3325, 383
3326, 383
3327, 384
3328, 385
3329, 385
3330, 391
3331, 390
3332, 391
3333, 390
3334, 390
3335, 0
3336, 0
3337, 398
3338, 399
3339, 398
3340, 399
3341, 399
3342, 397
3343, 0
3344, 0
3345, 391
3346, 391
3347, 391
3348, 390
3349, 390
3350, 389
3351, 0
3352, 394
3353, 0
3354, 0
3355, 0
3356, 395
3357, 0
3358, 398
3359, 398
3360, 399
3361, 407
3362, 406
3363, 405
3364, 406
3365, 406
3366, 405
3367, 0
3368, 0
3369, 399
3370, 399
3371, 397
3372, 399
3373, 399
3374, 399
3375, 400
3376, 400
3377, 406
3378, 406
3379, 405
3380, 406
3381, 406
3382, 0
3383, 405
3384, 406
3385, 407
3386, 414
3387, 0
3388, 414
3389, 413
3390, 414
3391, 0
3392, 0
3393, 415
3394, 415
3395, 413
3396, 413
3397, 414
3398, 414
3399, 0
3400, 0
3401, 414
3402, 414
3403, 415
3404, 0
3405, 413
3406, 0
3407, 416
3408, 419
3409, 423
3410, 423
3411, 422
3412, 421
3413, 0
3414, 423
3415, 0
3416, 0
3417, 418
3418, 422
3419, 422
3420, 423
3421, 422
3422, 420
3423, 419
3424, 418
3425, 420
3426, 423
3427, 422
3428, 422
3429, 422
3430, 423
3431, 424
3432, 426
3433, 431
3434, 430
3435, 430
3436, 431
3437, 430
3438, 0
3439, 0
3440, 0
3441, 431
3442, 431
3443, 431
3444, 431
3445, 429
3446, 429
3447, 429
3448, 430
3449, 432
3450, 438
3451, 439
3452, 438
3453, 437
3454, 438
3455, 439
3456, 440
3457, 447
3458, 447
3459, 447
3460, 447
3461, 0
3462, 0
3463, 0
3464, 0
3465, 439
3466, 438
3467, 438
3468, 438
3469, 438
3470, 438
3471, 438
3472, 445
3473, 445
3474, 0
3475, 445
3476, 0
3477, 445
3478, 446
3479, 0
3480, 0
3481, 449
3482, 450
3483, 0
3484, 453
3485, 455
3486, 454
3487, 0
3488, 0
3489, 454
3490, 454
3491, 454
3492, 454
3493, 453
3494, 455
3495, 456
3496, 457
3497, 463
3498, 463
3499, 463
3500, 463
3501, 463
3502, 462
3503, 0
3504, 0
3505, 469
3506, 471
3507, 470
3508, 470
3509, 471
3510, 471
3511, 0
3512, 0
3513, 463
3514, 463
3515, 462
3516, 461
3517, 462
3518, 463
3519, 0
3520, 465
3521, 0
3522, 471
3523, 471
3524, 469
3525, 469
3526, 0
3527, 0
3528, 0
3529, 471
3530, 470
3531, 469
3532, 470
3533, 470
3534, 471
3535, 0
3536, 472
3537, 0
3538, 479
3539, 478
3540, 479
3541, 479
3542, 478
3543, 478
3544, 479
3545, 486
3546, 487
3547, 487
3548, 487
3549, 486
3550, 486
3551, 0
3552, 0
3553, 485
3554, 486
3555, 486
3556, 486
3557, 484
3558, 486
3559, 487
3560, 488
3561, 490
3562, 493
3563, 494
3564, 495
3565, 494
3566, 495
3567, 0
3568, 0
3569, 503
3570, 0
3571, 501
3572, 502
3573, 503
3574, 503
3575, 0
3576, 0
3577, 503
3578, 502
3579, 501
3580, 503
3581, 503
3582, 503
3583, 503
3584, 504
3585, 0
3586, 0
3587, 511
3588, 511
3589, 510
3590, 0
3591, 0
3592, 0
3593, 510
3594, 509
3595, 510
3596, 509
3597, 507
3598, 509
3599, 511
3600, 518
3601, 518
3602, 519
3603, 519
3604, 517
3605, 518
3606, 519
3607, 0
3608, 0
3609, 519
3610, 519
3611, 519
3612, 0
3613, 517
3614, 518
3615, 0
3616, 518
3617, 525
3618, 525
3619, 526
3620, 526
3621, 525
3622, 526
3623, 0
3624, 0
3625, 534
3626, 535
3627, 535
3628, 535
3629, 535
3630, 533
3631, 0
3632, 0
3633, 534
3634, 0
3635, 533
3636, 0
3637, 534
3638, 534
3639, 0
3640, 0
3641, 542
3642, 543
3643, 543
3644, 543
3645, 542
3646, 543
3647, 544
3648, 0
3649, 0
3650, 541
3651, 0
3652, 543
3653, 542
3654, 542
3655, 544
3656, 0
3657, 549
3658, 550
3659, 549
3660, 551
3661, 551
3662, 0
3663, 0
3664, 0
3665, 549
3666, 548
3667, 549
3668, 549
3669, 549
3670, 550
3671, 552
3672, 556
3673, 0
3674, 557
3675, 556
3676, 0
3677, 559
3678, 557
3679, 0
3680, 0
3681, 557
3682, 557
3683, 557
3684, 0
3685, 559
3686, 559
3687, 559
3688, 559
3689, 564
3690, 0
3691, 567
3692, 566
3693, 566
3694, 0
3695, 0
3696, 0
3697, 562
3698, 566
3699, 566
3700, 566
3701, 567
3702, 560
3703, 559
3704, 558
3705, 559
3706, 559
3707, 559
3708, 559
3709, 558
3710, 558
3711, 0
3712, 0
3713, 566
3714, 566
3715, 567
3716, 567
3717, 566
3718, 564
3719, 0
3720, 571
3721, 575
3722, 575
3723, 573
3724, 575
3725, 575
3726, 575
3727, 0
3728, 0
3729, 583
3730, 582
3731, 582
3732, 583
3733, 583
3734, 583
3735, 584
3736, 590
3737, 591
3738, 591
3739, 589
3740, 589
3741, 590
3742, 590
3743, 0
3744, 0
3745, 585
3746, 591
3747, 590
3748, 589
3749, 588
3750, 589
3751, 591
3752, 592
3753, 598
3754, 0
3755, 599
3756, 599
3757, 599
3758, 599
3759, 0
3760, 0
3761, 623
3762, 623
3763, 621
3764, 620
3765, 621
3766, 622
3767, 0
3768, 0
3769, 630
3770, 631
3771, 630
3772, 631
3773, 631
3774, 631
3775, 0
3776, 0
3777, 630
3778, 630
3779, 631
3780, 631
3781, 630
3782, 0
3783, 0
3784, 0
3785, 631
3786, 631
3787, 630
3788, 630
3789, 631
3790, 630
3791, 632
3792, 635
3793, 644
3794, 0
3795, 645
3796, 646
3797, 647
3798, 646
3799, 0
3800, 0
3801, 647
3802, 646
3803, 645
3804, 646
3805, 0
3806, 0
3807, 0
3808, 0
3809, 652
3810, 0
3811, 655
3812, 654
3813, 655
3814, 654
3815, 0
3816, 0
3817, 0
3818, 663
3819, 663
3820, 662
3821, 0
3822, 0
3823, 0
3824, 0
3825, 663
3826, 663
3827, 661
3828, 660
3829, 662
3830, 663
3831, 664
3832, 665
3833, 665
3834, 679
3835, 679
3836, 679
3837, 0
3838, 0
3839, 0
3840, 0
3841, 677
3842, 679
3843, 679
3844, 679
3845, 0
3846, 677
3847, 679
3848, 0
3849, 692
3850, 0
3851, 694
3852, 694
3853, 0
3854, 0
3855, 0
3856, 0
3857, 694
3858, 695
3859, 694
3860, 695
3861, 694
3862, 694
3863, 0
3864, 0
3865, 703
3866, 703
3867, 702
3868, 703
3869, 703
3870, 0
3871, 0
3872, 701
3873, 0
3874, 719
3875, 718
3876, 717
3877, 718
3878, 0
3879, 0
3880, 0
3881, 710
3882, 719
3883, 718
3884, 717
3885, 718
3886, 719
3887, 0
3888, 0
3889, 734
3890, 735
3891, 735
3892, 0
3893, 734
3894, 0
3895, 0
3896, 0
3897, 735
3898, 735
3899, 735
3900, 735
3901, 735
3902, 735
3903, 0
3904, 0
3905, 742
3906, 741
3907, 742
3908, 0
3909, 742
3910, 0
3911, 0
3912, 0
3913, 759
3914, 757
3915, 758
3916, 759
3917, 0
3918, 0
3919, 0
3920, 0
3921, 766
3922, 766
3923, 767
3924, 767
3925, 766
3926, 0
3927, 0
3928, 0
3929, 774
3930, 0
3931, 771
3932, 0
3933, 774
3934, 774
3935, 0
3936, 0
3937, 781
3938, 783
3939, 0
3940, 783
3941, 783
3942, 782
3943, 0
3944, 0
3945, 780
3946, 791
3947, 790
3948, 790
3949, 789
3950, 789
3951, 0
3952, 0
3953, 794
3954, 798
3955, 0
3956, 799
3957, 0
3958, 799
3959, 0
3960, 0
3961, 798
3962, 807
3963, 807
3964, 806
3965, 807
3966, 806
3967, 806
3968, 807
3969, 822
3970, 822
3971, 823
3972, 823
3973, 0
3974, 0
3975, 0
3976, 0
3977, 823
3978, 838
3979, 838
3980, 837
3981, 837
3982, 0
3983, 0
3984, 0
3985, 831
3986, 887
3987, 886
3988, 886
3989, 886
3990, 885
3991, 885
3992, 0
3993, 894
3994, 894
3995, 894
3996, 894
3997, 887
3998, 873
3999, 871
4000, 870
4001, 871
4002, 870
4003, 869
4004, 871
4005, 871
4006, 871
4007, 0
4008, 0
4009, 885
4010, 886
4011, 887
4012, 887
4013, 887
4014, 886
4015, 0
4016, 0
4017, 889
4018, 895
4019, 894
4020, 894
4021, 894
4022, 893
4023, 0
4024, 0
4025, 911
4026, 911
4027, 911
4028, 910
4029, 911
4030, 911
4031, 0
4032, 918
4033, 934
4034, 0
4035, 935
4036, 935
4037, 935
4038, 934
4039, 0
4040, 0
4041, 949
4042, 951
4043, 950
4044, 950
4045, 951
4046, 950
4047, 0
4048, 0
4049, 965
4050, 966
4051, 966
4052, 966
4053, 966
4054, 0
4055, 0
4056, 0
4057, 982
4058, 0
4059, 979
4060, 0
4061, 982
4062, 982
4063, 0
4064, 0
4065, 986
4066, 987
4067, 999
4068, 999
4069, 999
4070, 998
4071, 0
4072, 0
4073, 997
4074, 1014
4075, 1014
4076, 1015
4077, 1014
4078, 1013
4079, 0
4080, 0
4081, 1022
4082, 1038
4083, 1039
4084, 1039
4085, 1039
4086, 1039
4087, 0
4088, 0
4089, 1036
4090, 1037
4091, 1037
4092, 1036
4093, 0
4094, 1038
4095, 0
4096, 0
4097, 1047
4098, 0
4099, 1045
4100, 0
4101, 0
4102, 1044
4103, 0
4104, 0
4105, 1050
4106, 1078
4107, 1078
4108, 1078
4109, 1078
4110, 0
4111, 0
4112, 0
4113, 1103
4114, 1102
4115, 0
4116, 1103
4117, 1102
4118, 1103
4119, 0
4120, 0
4121, 1121
4122, 0
4123, 1135
4124, 0
4125, 1135
4126, 1134
4127, 0
4128, 0
4129, 1227
4130, 1279
4131, 1278
4132, 1276
4133, 1277
4134, 1279
4135, 0
4136, 0
4137, 1307
4138, 1405
4139, 1404
4140, 0
