0, 0
1, 0
2, 0
3, 0
4, 0
5, 0
6, 0
7, 0
8, 0
9, 0
10, 0
11, 0
12, 0
13, 0
14, 0
15, 0
16, 0
17, 0
18, 0
19, 0
20, 0
21, 0
22, 0
23, 0
24, 0
25, 0
26, 0
27, 0
28, 0
29, 0
30, 0
31, 0
32, 0
33, 0
34, 0
35, 0
36, 0
37, 0
38, 0
39, 0
40, 0
41, 0
42, 0
43, 0
44, 0
45, 0
46, 0
47, 0
48, 0
49, 0
50, 0
51, 0
52, 0
53, 0
54, 0
55, 0
56, 0
57, 0
58, 0
59, 0
60, 0
61, 0
62, 0
63, 0
64, 0
65, 0
66, 0
67, 0
68, 0
69, 0
70, 0
71, 0
72, 0
73, 0
74, 0
75, 0
76, 0
77, 0
78, 0
79, 0
80, 0
81, 0
82, 0
83, 0
84, 0
85, 0
86, 0
87, 0
88, 0
89, 0
90, 0
91, 0
92, 0
93, 0
94, 0
95, 0
96, 0
97, 0
98, 0
99, 0
100, 0
101, 0
102, 0
103, 0
104, 0
105, 0
106, 0
107, 0
108, 0
109, 0
110, 0
111, 0
112, 0
113, 0
114, 0
115, 0
116, 0
117, 0
118, 0
119, 0
120, 0
121, 0
122, 0
123, 0
124, 0
125, 0
126, 0
127, 0
128, 0
129, 0
130, 0
131, 0
132, 0
133, 0
134, 0
135, 0
136, 0
137, 0
138, 0
139, 0
140, 0
141, 0
142, 0
143, 0
144, 0
145, 0
146, 0
147, 0
148, 0
149, 0
150, 0
151, 0
152, 0
153, 0
154, 0
155, 0
156, 0
157, 0
158, 0
159, 0
160, 0
161, 0
162, 0
163, 0
164, 0
165, 0
166, 0
167, 0
168, 0
169, 0
170, 0
171, 0
172, 0
173, 0
174, 0
175, 0
176, 0
177, 0
178, 0
179, 0
180, 0
181, 0
182, 0
183, 0
184, 0
185, 0
186, 0
187, 0
188, 0
189, 0
190, 0
191, 0
192, 0
193, 0
194, 0
195, 0
196, 0
197, 0
198, 0
199, 0
200, 0
201, 0
202, 0
203, 0
204, 0
205, 0
206, 0
207, 0
208, 0
209, 0
210, 0
211, 0
212, 0
213, 0
214, 0
215, 0
216, 0
217, 0
218, 0
219, 0
220, 0
221, 0
222, 0
223, 0
224, 0
225, 0
226, 0
227, 0
228, 0
229, 0
230, 0
231, 0
232, 0
233, 0
234, 0
235, 0
236, 0
237, 0
238, 0
239, 0
240, 0
241, 0
242, 0
243, 0
244, 0
245, 0
246, 0
247, 0
248, 0
249, 0
250, 0
251, 0
252, 0
253, 0
254, 0
255, 0
256, 0
257, 0
258, 0
259, 0
260, 0
261, 0
262, 0
263, 0
264, 0
265, 0
266, 0
267, 0
268, 0
269, 0
270, 0
271, 0
272, 0
273, 0
274, 0
275, 0
276, 0
277, 0
278, 0
279, 0
280, 0
281, 0
282, 0
283, 0
284, 0
285, 0
286, 0
287, 0
288, 0
289, 0
290, 0
291, 0
292, 0
293, 0
294, 0
295, 0
296, 0
297, 0
298, 0
299, 0
300, 0
301, 0
302, 0
303, 0
304, 0
305, 0
306, 0
307, 0
308, 0
309, 0
310, 0
311, 0
312, 0
313, 0
314, 0
315, 0
316, 0
317, 0
318, 0
319, 0
320, 0
321, 0
322, 0
323, 0
324, 0
325, 0
326, 0
327, 0
328, 0
329, 0
330, 0
331, 0
332, 0
333, 0
334, 0
335, 0
336, 0
337, 0
338, 0
339, 0
340, 0
341, 0
342, 0
343, 0
344, 0
345, 0
346, 0
347, 0
348, 0
349, 0
350, 0
351, 0
352, 0
353, 0
354, 0
355, 0
356, 0
357, 0
358, 0
359, 0
360, 0
361, 0
362, 0
363, 0
364, 0
365, 0
366, 0
367, 0
368, 0
369, 0
370, 0
371, 0
372, 0
373, 0
374, 0
375, 0
376, 0
377, 0
378, 0
379, 0
380, 0
381, 0
382, 0
383, 0
384, 0
385, 0
386, 0
387, 0
388, 0
389, 0
390, 0
391, 0
392, 0
393, 0
394, 0
395, 0
396, 0
397, 0
398, 0
399, 0
400, 0
401, 0
402, 0
403, 0
404, 0
405, 0
406, 0
407, 0
408, 0
409, 0
410, 0
411, 0
412, 0
413, 0
414, 0
415, 0
416, 0
417, 0
418, 0
419, 0
420, 0
421, 0
422, 0
423, 0
424, 0
425, 0
426, 0
427, 0
428, 0
429, 0
430, 0
431, 0
432, 0
433, 0
434, 0
435, 0
436, 0
437, 0
438, 0
439, 0
440, 0
441, 0
442, 0
443, 0
444, 0
445, 0
446, 0
447, 0
448, 0
449, 0
450, 0
451, 0
452, 0
453, 0
454, 0
455, 0
456, 0
457, 0
458, 0
459, 0
460, 0
461, 0
462, 0
463, 0
464, 0
465, 0
466, 0
467, 0
468, 0
469, 0
470, 0
471, 0
472, 0
473, 0
474, 0
475, 0
476, 0
477, 0
478, 0
479, 0
480, 0
481, 0
482, 0
483, 0
484, 0
485, 0
486, 0
487, 0
488, 0
489, 0
490, 0
491, 0
492, 0
493, 0
494, 0
495, 0
496, 0
497, 0
498, 0
499, 0
500, 0
501, 0
502, 0
503, 0
504, 0
505, 0
506, 0
507, 0
508, 0
509, 0
510, 0
511, 0
512, 0
513, 0
514, 0
515, 0
516, 0
517, 0
518, 0
519, 0
520, 0
521, 0
522, 0
523, 0
524, 0
525, 0
526, 0
527, 0
528, 0
529, 0
530, 0
531, 0
532, 0
533, 0
534, 0
535, 0
536, 0
537, 0
538, 0
539, 0
540, 0
541, 0
542, 0
543, 0
544, 0
545, 0
546, 0
547, 0
548, 0
549, 0
550, 0
551, 0
552, 0
553, 0
554, 0
555, 0
556, 0
557, 0
558, 0
559, 0
560, 0
561, 0
562, 0
563, 0
564, 0
565, 0
566, 0
567, 0
568, 0
569, 0
570, 0
571, 0
572, 0
573, 0
574, 0
575, 0
576, 0
577, 0
578, 0
579, 0
580, 0
581, 0
582, 0
583, 0
584, 0
585, 0
586, 0
587, 0
588, 0
589, 0
590, 0
591, 0
592, 0
593, 0
594, 0
595, 0
596, 0
597, 0
598, 0
599, 0
600, 0
601, 0
602, 0
603, 0
604, 0
605, 0
606, 0
607, 0
608, 0
609, 0
610, 0
611, 0
612, 0
613, 0
614, 0
615, 0
616, 0
617, 0
618, 0
619, 0
620, 0
621, 0
622, 0
623, 0
624, 0
625, 0
626, 0
627, 0
628, 0
629, 0
630, 0
631, 0
632, 0
633, 0
634, 0
635, 0
636, 0
637, 0
638, 0
639, 0
640, 0
641, 0
642, 0
643, 0
644, 0
645, 0
646, 0
647, 0
648, 0
649, 0
650, 0
651, 0
652, 0
653, 0
654, 0
655, 0
656, 0
657, 0
658, 0
659, 0
660, 0
661, 0
662, 0
663, 0
664, 0
665, 0
666, 0
667, 0
668, 0
669, 0
670, 0
671, 0
672, 0
673, 0
674, 0
675, 0
676, 0
677, 0
678, 0
679, 0
680, 0
681, 0
682, 0
683, 0
684, 0
685, 0
686, 0
687, 0
688, 0
689, 0
690, 0
691, 0
692, 0
693, 0
694, 0
695, 0
696, 0
697, 0
698, 0
699, 0
700, 0
701, 0
702, 0
703, 0
704, 0
705, 0
706, 0
707, 0
708, 0
709, 0
710, 0
711, 0
712, 0
713, 0
714, 0
715, 0
716, 0
717, 0
718, 0
719, 0
720, 0
721, 0
722, 0
723, 0
724, 0
725, 0
726, 0
727, 0
728, 0
729, 0
730, 0
731, 0
732, 0
733, 0
734, 0
735, 0
736, 0
737, 0
738, 0
739, 0
740, 0
741, 0
742, 0
743, 0
744, 0
745, 0
746, 0
747, 0
748, 0
749, 0
750, 0
751, 0
752, 0
753, 0
754, 0
755, 0
756, 0
757, 0
758, 0
759, 0
760, 0
761, 0
762, 0
763, 0
764, 0
765, 0
766, 0
767, 0
768, 0
769, 0
770, 0
771, 0
772, 0
773, 0
774, 0
775, 0
776, 0
777, 0
778, 0
779, 0
780, 0
781, 0
782, 0
783, 0
784, 0
785, 0
786, 0
787, 0
788, 0
789, 0
790, 0
791, 0
792, 0
793, 0
794, 0
795, 0
796, 0
797, 0
798, 0
799, 0
800, 0
801, 0
802, 0
803, 0
804, 0
805, 0
806, 0
807, 0
808, 0
809, 0
810, 0
811, 0
812, 0
813, 0
814, 0
815, 0
816, 0
817, 0
818, 0
819, 0
820, 0
821, 0
822, 0
823, 0
824, 0
825, 0
826, 0
827, 0
828, 0
829, 0
830, 0
831, 0
832, 0
833, 0
834, 0
835, 0
836, 0
837, 0
838, 0
839, 0
840, 0
841, 0
842, 0
843, 0
844, 0
845, 0
846, 0
847, 0
848, 0
849, 0
850, 0
851, 0
852, 0
853, 0
854, 0
855, 0
856, 0
857, 0
858, 0
859, 0
860, 0
861, 0
862, 0
863, 0
864, 0
865, 0
866, 0
867, 0
868, 0
869, 0
870, 0
871, 0
872, 0
873, 0
874, 0
875, 0
876, 0
877, 0
878, 0
879, 0
880, 0
881, 0
882, 0
883, 0
884, 0
885, 0
886, 0
887, 0
888, 0
889, 0
890, 0
891, 0
892, 0
893, 0
894, 0
895, 0
896, 0
897, 0
898, 0
899, 0
900, 0
901, 0
902, 0
903, 0
904, 0
905, 0
906, 0
907, 0
908, 0
909, 0
910, 0
911, 0
912, 0
913, 0
914, 0
915, 0
916, 0
917, 0
918, 0
919, 0
920, 0
921, 0
922, 0
923, 0
924, 0
925, 0
926, 0
927, 0
928, 0
929, 0
930, 0
931, 0
932, 0
933, 0
934, 0
935, 0
936, 0
937, 0
938, 0
939, 0
940, 0
941, 0
942, 0
943, 0
944, 0
945, 0
946, 0
947, 0
948, 0
949, 0
950, 0
951, 0
952, 0
953, 0
954, 0
955, 0
956, 0
957, 0
958, 0
959, 0
960, 0
961, 0
962, 0
963, 0
964, 0
965, 0
966, 0
967, 0
968, 0
969, 0
970, 0
971, 0
972, 0
973, 0
974, 0
975, 0
976, 0
977, 0
978, 0
979, 0
980, 0
981, 0
982, 0
983, 0
984, 0
985, 0
986, 0
987, 0
988, 0
989, 0
990, 0
991, 0
992, 0
993, 0
994, 0
995, 0
996, 0
997, 0
998, 0
999, 0
1000, 0
1001, 0
1002, 0
1003, 0
1004, 0
1005, 0
1006, 0
1007, 0
1008, 0
1009, 0
1010, 0
1011, 0
1012, 0
1013, 0
1014, 0
1015, 0
1016, 0
1017, 0
1018, 0
1019, 0
1020, 0
1021, 0
1022, 0
1023, 0
1024, 0
1025, 0
1026, 0
1027, 0
1028, 0
1029, 0
1030, 0
1031, 0
1032, 0
1033, 0
1034, 0
1035, 0
1036, 0
1037, 0
1038, 0
1039, 0
1040, 0
1041, 0
1042, 0
1043, 0
1044, 0
1045, 0
1046, 0
1047, 0
1048, 0
1049, 0
1050, 0
1051, 0
1052, 0
1053, 0
1054, 0
1055, 0
1056, 0
1057, 0
1058, 0
1059, 0
1060, 0
1061, 0
1062, 0
1063, 0
1064, 0
1065, 0
1066, 0
1067, 298
1068, 297
1069, 0
1070, 0
1071, 0
1072, 0
1073, 416
1074, 0
1075, 418
1076, 0
1077, 0
1078, 0
1079, 0
1080, 0
1081, 545
1082, 544
1083, 545
1084, 544
1085, 0
1086, 0
1087, 0
1088, 0
1089, -1510
1090, -1510
1091, -1513
1092, 0
1093, 0
1094, 0
1095, 0
1096, 0
1097, -1455
1098, -1455
1099, -1458
1100, 0
1101, 0
1102, 0
1103, 0
1104, 0
1105, -1400
1106, -1399
1107, -1402
1108, -1408
1109, -1407
1110, 0
1111, 0
1112, 0
1113, -1343
1114, -1345
1115, -1349
1116, -1355
1117, -1360
1118, -1359
1119, 0
1120, 0
1121, -1311
1122, -1311
1123, -1311
1124, -1311
1125, -1311
1126, 0
1127, 0
1128, 0
1129, -1247
1130, -1249
1131, 0
1132, -1254
1133, 0
1134, 0
1135, 0
1136, 0
1137, -1215
1138, 0
1139, -1221
1140, -1223
1141, -1223
1142, -1224
1143, 0
1144, 0
1145, -1176
1146, -1175
1147, -1178
1148, -1178
1149, -1179
1150, 0
1151, 0
1152, 0
1153, -1136
1154, 0
1155, -1137
1156, -1142
1157, -1144
1158, -1144
1159, 0
1160, 0
1161, 0
1162, 0
1163, -1103
1164, -1110
1165, -1111
1166, -1111
1167, 0
1168, 0
1169, -1070
1170, -1071
1171, -1074
1172, -1080
1173, -1080
1174, 0
1175, 0
1176, 0
1177, -1040
1178, 0
1179, -1039
1180, -1045
1181, -1047
1182, -1048
1183, 0
1184, 0
1185, 0
1186, -999
1187, -1006
1188, -1013
1189, -1015
1190, -1014
1191, 0
1192, 0
1193, -983
1194, -982
1195, -986
1196, 0
1197, -1022
1198, 0
1199, 0
1200, 0
1201, 0
1202, -975
1203, -977
1204, 0
1205, 0
1206, 0
1207, 0
1208, 0
1209, -951
1210, -951
1211, -953
1212, -955
1213, -962
1214, 0
1215, 0
1216, 0
1217, -935
1218, -936
1219, -939
1220, -952
1221, -951
1222, -950
1223, 0
1224, 0
1225, -911
1226, -911
1227, -913
1228, -927
1229, -927
1230, 0
1231, 0
1232, 0
1233, -888
1234, -886
1235, -886
1236, -884
1237, 0
1238, 0
1239, 0
1240, 0
1241, -856
1242, -858
1243, -866
1244, -871
1245, 0
1246, 0
1247, 0
1248, 0
1249, -837
1250, -839
1251, 0
1252, -852
1253, -854
1254, 0
1255, 0
1256, 0
1257, -832
1258, 0
1259, -833
1260, -845
1261, -847
1262, 0
1263, 0
1264, 0
1265, -807
1266, -808
1267, -813
1268, -822
1269, -820
1270, -822
1271, 0
1272, 0
1273, -797
1274, -798
1275, -799
1276, 0
1277, -803
1278, 0
1279, 0
1280, 0
1281, -783
1282, 0
1283, -793
1284, -798
1285, -800
1286, -799
1287, 0
1288, 0
1289, -765
1290, -768
1291, -777
1292, -778
1293, -784
1294, -783
1295, 0
1296, 0
1297, 0
1298, -751
1299, 0
1300, -764
1301, -766
1302, -767
1303, 0
1304, 0
1305, -744
1306, -745
1307, -748
1308, -758
1309, -757
1310, -759
1311, 0
1312, 0
1313, -739
1314, -744
1315, -746
1316, -750
1317, -754
1318, -759
1319, 0
1320, 0
1321, -718
1322, -720
1323, -719
1324, -725
1325, 0
1326, 0
1327, 0
1328, 0
1329, -704
1330, -705
1331, -705
1332, -703
1333, -705
1334, -711
1335, 0
1336, 0
1337, -678
1338, -679
1339, -680
1340, -686
1341, 0
1342, -696
1343, 0
1344, 0
1345, -672
1346, -674
1347, -675
1348, -680
1349, -693
1350, -692
1351, 0
1352, 0
1353, -671
1354, -671
1355, -670
1356, 0
1357, 0
1358, 0
1359, 0
1360, 0
1361, -645
1362, 0
1363, -654
1364, -672
1365, -672
1366, 0
1367, 0
1368, 0
1369, -646
1370, -645
1371, -651
1372, -662
1373, 0
1374, -661
1375, 0
1376, 0
1377, -640
1378, -641
1379, -646
1380, -651
1381, -655
1382, -655
1383, 0
1384, 0
1385, 0
1386, 0
1387, -636
1388, -647
1389, -655
1390, -655
1391, 0
1392, 0
1393, -633
1394, 0
1395, -638
1396, -649
1397, -655
1398, -653
1399, 0
1400, 0
1401, -630
1402, -631
1403, -635
1404, -644
1405, -647
1406, 0
1407, 0
1408, 0
1409, -631
1410, -632
1411, -635
1412, -644
1413, 0
1414, 0
1415, 0
1416, 0
1417, -660
1418, 0
1419, -666
1420, -671
1421, -672
1422, -679
1423, 0
1424, 0
1425, -654
1426, 0
1427, -666
1428, -669
1429, -672
1430, 0
1431, 0
1432, 0
1433, 0
1434, 0
1435, 0
1436, 0
1437, 0
1438, -659
1439, 0
1440, 0
1441, -647
1442, -650
1443, 0
1444, -661
1445, 0
1446, -664
1447, 0
1448, 0
1449, -640
1450, -641
1451, -644
1452, -655
1453, -654
1454, 0
1455, 0
1456, 0
1457, -632
1458, -633
1459, -634
1460, -646
1461, -647
1462, -647
1463, 0
1464, 0
1465, -631
1466, 0
1467, -634
1468, 0
1469, -643
1470, 0
1471, 0
1472, 0
1473, -630
1474, 0
1475, -633
1476, 0
1477, -646
1478, -646
1479, 0
1480, 0
1481, -632
1482, -633
1483, -636
1484, -647
1485, -648
1486, 0
1487, 0
1488, 0
1489, -623
1490, -624
1491, -627
1492, -638
1493, -639
1494, 0
1495, 0
1496, 0
1497, -624
1498, 0
1499, -627
1500, -638
1501, -638
1502, -637
1503, 0
1504, 0
1505, -624
1506, 0
1507, -631
1508, -639
1509, -640
1510, -639
1511, 0
1512, 0
1513, -615
1514, -615
1515, -618
1516, -621
1517, -623
1518, -624
1519, 0
1520, 0
1521, 0
1522, 0
1523, -617
1524, -627
1525, -631
1526, -632
1527, 0
1528, 0
1529, -607
1530, -608
1531, -612
1532, -621
1533, -621
1534, 0
1535, 0
1536, 0
1537, -604
1538, -606
1539, -610
1540, -619
1541, 0
1542, 0
1543, 0
1544, 0
1545, -605
1546, -606
1547, -607
1548, -614
1549, -615
1550, 0
1551, 0
1552, 0
1553, -598
1554, -598
1555, -601
1556, 0
1557, -615
1558, 0
1559, 0
1560, 0
1561, -599
1562, -598
1563, -605
1564, -607
1565, 0
1566, 0
1567, 0
1568, 0
1569, -591
1570, -590
1571, -591
1572, -599
1573, -599
1574, -599
1575, 0
1576, 0
1577, -582
1578, -584
1579, 0
1580, -587
1581, 0
1582, 0
1583, 0
1584, 0
1585, -572
1586, 0
1587, -586
1588, -592
1589, -590
1590, -590
1591, 0
1592, 0
1593, -575
1594, -576
1595, -576
1596, -583
1597, -584
1598, 0
1599, 0
1600, 0
1601, -563
1602, 0
1603, -566
1604, -565
1605, -581
1606, -581
1607, 0
1608, 0
1609, -559
1610, -558
1611, -558
1612, -558
1613, 0
1614, 0
1615, 0
1616, 0
1617, -542
1618, -552
1619, -552
1620, -551
1621, -575
1622, -575
1623, 0
1624, 0
1625, -559
1626, -565
1627, -570
1628, -575
1629, -575
1630, 0
1631, 0
1632, 0
1633, -560
1634, -569
1635, -570
1636, -575
1637, -576
1638, 0
1639, 0
1640, 0
1641, -560
1642, -576
1643, -578
1644, -584
1645, -583
1646, -581
1647, 0
1648, 0
1649, -573
1650, -577
1651, -578
1652, -584
1653, -584
1654, -583
1655, 0
1656, 0
1657, -568
1658, 0
1659, -571
1660, -575
1661, -576
1662, -574
1663, 0
1664, 0
1665, -565
1666, 0
1667, -581
1668, -581
1669, -584
1670, -584
1671, 0
1672, 0
1673, -568
1674, 0
1675, -577
1676, -580
1677, 0
1678, 0
1679, 0
1680, 0
1681, -567
1682, -567
1683, 0
1684, -573
1685, 0
1686, -576
1687, 0
1688, 0
1689, -560
1690, -568
1691, -573
1692, -574
1693, 0
1694, -572
1695, 0
1696, 0
1697, -567
1698, -574
1699, -576
1700, -576
1701, -574
1702, -576
1703, 0
1704, 0
1705, -566
1706, -567
1707, -575
1708, -574
1709, -574
1710, 0
1711, 0
1712, 0
1713, -563
1714, 0
1715, -582
1716, -583
1717, -582
1718, -582
1719, 0
1720, 0
1721, -560
1722, -566
1723, -567
1724, -575
1725, -576
1726, 0
1727, 0
1728, 0
1729, -558
1730, -567
1731, -568
1732, -575
1733, 0
1734, 0
1735, 0
1736, 0
1737, -555
1738, -558
1739, 0
1740, -568
1741, -567
1742, -568
1743, 0
1744, 0
1745, -552
1746, -559
1747, -559
1748, -559
1749, 0
1750, 0
1751, 0
1752, 0
1753, -547
1754, 0
1755, -565
1756, -564
1757, -564
1758, 0
1759, 0
1760, 0
1761, -555
1762, 0
1763, -560
1764, -564
1765, -567
1766, -566
1767, 0
1768, 0
1769, -551
1770, -559
1771, -561
1772, -567
1773, -567
1774, -566
1775, 0
1776, -565
1777, 0
1778, -567
1779, -567
1780, -567
1781, -567
1782, -566
1783, 0
1784, 0
1785, -560
1786, -567
1787, -568
1788, -575
1789, 0
1790, -574
1791, 0
1792, 0
1793, -560
1794, -567
1795, -570
1796, -576
1797, -575
1798, -575
1799, -576
1800, 0
1801, -565
1802, -565
1803, -564
1804, 0
1805, -567
1806, -566
1807, 0
1808, 0
1809, -560
1810, 0
1811, -564
1812, -562
1813, -565
1814, -566
1815, 0
1816, 0
1817, -543
1818, -549
1819, -549
1820, -550
1821, -551
1822, 0
1823, 0
1824, 0
1825, -526
1826, -525
1827, -527
1828, -528
1829, -528
1830, -526
1831, -526
1832, -527
1833, -527
1834, -535
1835, 0
1836, -534
1837, 0
1838, -535
1839, 0
1840, 0
1841, -518
1842, -550
1843, -551
1844, -551
1845, -551
1846, -550
1847, 0
1848, 0
1849, -539
1850, -542
1851, -543
1852, -543
1853, -541
1854, -542
1855, 0
1856, 0
1857, -535
1858, -535
1859, -536
1860, -559
1861, -559
1862, -556
1863, 0
1864, 0
1865, -544
1866, 0
1867, 0
1868, 0
1869, 0
1870, -551
1871, -551
1872, -550
1873, -552
1874, 0
1875, -552
1876, -559
1877, -558
1878, -558
1879, 0
1880, 0
1881, -544
1882, 0
1883, -550
1884, 0
1885, -557
1886, -559
1887, 0
1888, 0
1889, -544
1890, -544
1891, -535
1892, -540
1893, -544
1894, -544
1895, -544
1896, -544
1897, -541
1898, -542
1899, -543
1900, -543
1901, -542
1902, -542
1903, 0
1904, 0
1905, -511
1906, -516
1907, -515
1908, -518
1909, -519
1910, -518
1911, -517
1912, -517
1913, 0
1914, 0
1915, -516
1916, -518
1917, -519
1918, -519
1919, 0
1920, 0
1921, -502
1922, -508
1923, -510
1924, -538
1925, -540
1926, 0
1927, 0
1928, 0
1929, -527
1930, -526
1931, -525
1932, 0
1933, -525
1934, -525
1935, 0
1936, -525
1937, -527
1938, -545
1939, -551
1940, -550
1941, -551
1942, -550
1943, 0
1944, 0
1945, -535
1946, -543
1947, -542
1948, -544
1949, -544
1950, -542
1951, 0
1952, -541
1953, 0
1954, 0
1955, -542
1956, -543
1957, -544
1958, -544
1959, 0
1960, 0
1961, -527
1962, -527
1963, -520
1964, -523
1965, -525
1966, -528
1967, 0
1968, 0
1969, -511
1970, -518
1971, -520
1972, -519
1973, -519
1974, -519
1975, 0
1976, -517
1977, -517
1978, -519
1979, -523
1980, -527
1981, 0
1982, 0
1983, 0
1984, 0
1985, -510
1986, -518
1987, -518
1988, -520
1989, -519
1990, -518
1991, 0
1992, -514
1993, 0
1994, -520
1995, -520
1996, -528
1997, -528
1998, -527
1999, 0
2000, 0
2001, 0
2002, 0
2003, -525
2004, -527
2005, -528
2006, -526
2007, 0
2008, 0
2009, -517
2010, -519
2011, -518
2012, -516
2013, -520
2014, 0
2015, 0
2016, 0
2017, -504
2018, -509
2019, -518
2020, -518
2021, 0
2022, -517
2023, 0
2024, -518
2025, -519
2026, -518
2027, -517
2028, -520
2029, -519
2030, -519
2031, 0
2032, 0
2033, 0
2034, 0
2035, -518
2036, -527
2037, -528
2038, -527
2039, 0
2040, 0
2041, -519
2042, -515
2043, -519
2044, -519
2045, -519
2046, -519
2047, 0
2048, 0
2049, 0
2050, 0
2051, -502
2052, -502
2053, -502
2054, -503
2055, 0
2056, 0
2057, -492
2058, -502
2059, -504
2060, -508
2061, 0
2062, -512
2063, 0
2064, 0
2065, -502
2066, -502
2067, -504
2068, -504
2069, -503
2070, -503
2071, 0
2072, 0
2073, -495
2074, 0
2075, -501
2076, -502
2077, -504
2078, -504
2079, 0
2080, 0
2081, -495
2082, -496
2083, -496
2084, -502
2085, 0
2086, -504
2087, 0
2088, 0
2089, 0
2090, -492
2091, 0
2092, -495
2093, 0
2094, 0
2095, 0
2096, 0
2097, -488
2098, -496
2099, -498
2100, -498
2101, 0
2102, 0
2103, 0
2104, 0
2105, -494
2106, -493
2107, -494
2108, -495
2109, -494
2110, -495
2111, 0
2112, 0
2113, -487
2114, -494
2115, -500
2116, -503
2117, -502
2118, -502
2119, 0
2120, 0
2121, -494
2122, -496
2123, -494
2124, -492
2125, -492
2126, -494
2127, -492
2128, 0
2129, -486
2130, -485
2131, -487
2132, -487
2133, -488
2134, -488
2135, -486
2136, 0
2137, -479
2138, -487
2139, -489
2140, -492
2141, -493
2142, -496
2143, -496
2144, -495
2145, -494
2146, -493
2147, -494
2148, -495
2149, -495
2150, -494
2151, 0
2152, 0
2153, 0
2154, 0
2155, -492
2156, -494
2157, -495
2158, -495
2159, 0
2160, 0
2161, -487
2162, -487
2163, -492
2164, -493
2165, -496
2166, 0
2167, 0
2168, 0
2169, -485
2170, -484
2171, 0
2172, -479
2173, -477
2174, -478
2175, 0
2176, 0
2177, 0
2178, -469
2179, -470
2180, -470
2181, -471
2182, -471
2183, -471
2184, -472
2185, -471
2186, 0
2187, -480
2188, 0
2189, -488
2190, 0
2191, 0
2192, 0
2193, 0
2194, -475
2195, 0
2196, -480
2197, -479
2198, -479
2199, 0
2200, 0
2201, -472
2202, -489
2203, -492
2204, -494
2205, -496
2206, -495
2207, 0
2208, 0
2209, -486
2210, -499
2211, -500
2212, -504
2213, -502
2214, -501
2215, 0
2216, 0
2217, 0
2218, -490
2219, -494
2220, -494
2221, -492
2222, -491
2223, -493
2224, -494
2225, -493
2226, -493
2227, -494
2228, -499
2229, 0
2230, -504
2231, 0
2232, 0
2233, -495
2234, -500
2235, -503
2236, -503
2237, -503
2238, -504
2239, 0
2240, 0
2241, -495
2242, -496
2243, -495
2244, -496
2245, -496
2246, -494
2247, -495
2248, 0
2249, -493
2250, -495
2251, -496
2252, -499
2253, 0
2254, -503
2255, 0
2256, 0
2257, -495
2258, -494
2259, -488
2260, -488
2261, -487
2262, 0
2263, 0
2264, 0
2265, -478
2266, -478
2267, -478
2268, -480
2269, -479
2270, -478
2271, -479
2272, -478
2273, -479
2274, -479
2275, -483
2276, -487
2277, 0
2278, -485
2279, 0
2280, 0
2281, -480
2282, -478
2283, -470
2284, -471
2285, -471
2286, 0
2287, 0
2288, 0
2289, 0
2290, -469
2291, -470
2292, -471
2293, -470
2294, -468
2295, -469
2296, -470
2297, 0
2298, -478
2299, -479
2300, -479
2301, 0
2302, -477
2303, 0
2304, 0
2305, -472
2306, -472
2307, -473
2308, 0
2309, -478
2310, -479
2311, -479
2312, -479
2313, -479
2314, 0
2315, -484
2316, -485
2317, -486
2318, -487
2319, 0
2320, 0
2321, -479
2322, -480
2323, -479
2324, -478
2325, -478
2326, -479
2327, 0
2328, -476
2329, 0
2330, 0
2331, -481
2332, -486
2333, -487
2334, -488
2335, 0
2336, 0
2337, -480
2338, -484
2339, -488
2340, 0
2341, -482
2342, 0
2343, 0
2344, 0
2345, -479
2346, -477
2347, -477
2348, -478
2349, -477
2350, -479
2351, -480
2352, -478
2353, -476
2354, -479
2355, -479
2356, -477
2357, 0
2358, -480
2359, 0
2360, 0
2361, -471
2362, -472
2363, -471
2364, -472
2365, -469
2366, -470
2367, -471
2368, -469
2369, -471
2370, 0
2371, -483
2372, -486
2373, -488
2374, -487
2375, 0
2376, 0
2377, 0
2378, -476
2379, -477
2380, -478
2381, -479
2382, -477
2383, -478
2384, -476
2385, -479
2386, -478
2387, -479
2388, -480
2389, -479
2390, -479
2391, 0
2392, 0
2393, -471
2394, -470
2395, -474
2396, 0
2397, -476
2398, 0
2399, -480
2400, -478
2401, 0
2402, -482
2403, 0
2404, -486
2405, -485
2406, -485
2407, 0
2408, 0
2409, -477
2410, -479
2411, -480
2412, -480
2413, 0
2414, -477
2415, -477
2416, -476
2417, 0
2418, -478
2419, -478
2420, -478
2421, -478
2422, 0
2423, 0
2424, 0
2425, -469
2426, -470
2427, -472
2428, -479
2429, -479
2430, -480
2431, -479
2432, -479
2433, -479
2434, -477
2435, -476
2436, 0
2437, -478
2438, -477
2439, 0
2440, 0
2441, -469
2442, -470
2443, -470
2444, -470
2445, -472
2446, -472
2447, -469
2448, -469
2449, -471
2450, -475
2451, -477
2452, 0
2453, 0
2454, -475
2455, -477
2456, -476
2457, 0
2458, -479
2459, -478
2460, -478
2461, -480
2462, -480
2463, 0
2464, 0
2465, -463
2466, -464
2467, -469
2468, -471
2469, -470
2470, -472
2471, 0
2472, -468
2473, 0
2474, -471
2475, -470
2476, -470
2477, -470
2478, -468
2479, -467
2480, -467
2481, 0
2482, -479
2483, -480
2484, -478
2485, -477
2486, -479
2487, -480
2488, -479
2489, -478
2490, -478
2491, -478
2492, -480
2493, -479
2494, 0
2495, -477
2496, -477
2497, 0
2498, -478
2499, -478
2500, -478
2501, -480
2502, -479
2503, 0
2504, 0
2505, -471
2506, -472
2507, -474
2508, -476
2509, -478
2510, -479
2511, 0
2512, 0
2513, -472
2514, -470
2515, -469
2516, -470
2517, -471
2518, -472
2519, -472
2520, -471
2521, -471
2522, -471
2523, -471
2524, -471
2525, -470
2526, -470
2527, -471
2528, -470
2529, -470
2530, -471
2531, -471
2532, -472
2533, -472
2534, 0
2535, -470
2536, -469
2537, -470
2538, -478
2539, 0
2540, -476
2541, -476
2542, 0
2543, 0
2544, 0
2545, -471
2546, -471
2547, -471
2548, -470
2549, -470
2550, -471
2551, 0
2552, -470
2553, 0
2554, 0
2555, 0
2556, -467
2557, 0
2558, -470
2559, 0
2560, -470
2561, -469
2562, -471
2563, -474
2564, -479
2565, -478
2566, -480
2567, -478
2568, 0
2569, -469
2570, -471
2571, 0
2572, -469
2573, -470
2574, -470
2575, -470
2576, -470
2577, -471
2578, -472
2579, -468
2580, -466
2581, -467
2582, -468
2583, -469
2584, 0
2585, -471
2586, -472
2587, -471
2588, 0
2589, -468
2590, 0
2591, -471
2592, -470
2593, -470
2594, -471
2595, -469
2596, -469
2597, -469
2598, -469
2599, -468
2600, -469
2601, -471
2602, -472
2603, 0
2604, -468
2605, -470
2606, -470
2607, -471
2608, -470
2609, -470
2610, -470
2611, -469
2612, -470
2613, -470
2614, -471
2615, 0
2616, -468
2617, 0
2618, -478
2619, -479
2620, -479
2621, -479
2622, -476
2623, -478
2624, -480
2625, -480
2626, -479
2627, -479
2628, -480
2629, -480
2630, -480
2631, 0
2632, -478
2633, 0
2634, -479
2635, -479
2636, -478
2637, -479
2638, -480
2639, -479
2640, -480
2641, -479
2642, -478
2643, -482
2644, -485
2645, -494
2646, -494
2647, -494
2648, -496
2649, -494
2650, -496
2651, -496
2652, -494
2653, -495
2654, -492
2655, 0
2656, 0
2657, -487
2658, -486
2659, -487
2660, -487
2661, -486
2662, -487
2663, -486
2664, -486
2665, -488
2666, -486
2667, -488
2668, -487
2669, -486
2670, -488
2671, 0
2672, 0
2673, -479
2674, -480
2675, -478
2676, -480
2677, 0
2678, -477
2679, -478
2680, -479
2681, -479
2682, 0
2683, -484
2684, -486
2685, -487
2686, -487
2687, 0
2688, 0
2689, -477
2690, -477
2691, -475
2692, 0
2693, -476
2694, 0
2695, -479
2696, -478
2697, 0
2698, -476
2699, -476
2700, 0
2701, -479
2702, -477
2703, -478
2704, -480
2705, 0
2706, -477
2707, -477
2708, -478
2709, -478
2710, -479
2711, -479
2712, -479
2713, -480
2714, -487
2715, 0
2716, -485
2717, -487
2718, -486
2719, -486
2720, -487
2721, -486
2722, 0
2723, 0
2724, -485
2725, 0
2726, -486
2727, -487
2728, -485
2729, 0
2730, -484
2731, 0
2732, -487
2733, -488
2734, -488
2735, 0
2736, 0
2737, -479
2738, -480
2739, -479
2740, -480
2741, -479
2742, -479
2743, 0
2744, -476
2745, 0
2746, -477
2747, -477
2748, -479
2749, 0
2750, -474
2751, -478
2752, 0
2753, -476
2754, 0
2755, -477
2756, -477
2757, -479
2758, -479
2759, 0
2760, -477
2761, -478
2762, -479
2763, -479
2764, -480
2765, -477
2766, -480
2767, 0
2768, -476
2769, 0
2770, -479
2771, -477
2772, -480
2773, -480
2774, -479
2775, 0
2776, 0
2777, 0
2778, 0
2779, -478
2780, -479
2781, -480
2782, -480
2783, -478
2784, -477
2785, -479
2786, -480
2787, -478
2788, -480
2789, -479
2790, -480
2791, 0
2792, -477
2793, 0
2794, -479
2795, -478
2796, -480
2797, -480
2798, -479
2799, 0
2800, 0
2801, 0
2802, 0
2803, -478
2804, -479
2805, -480
2806, -480
2807, -478
2808, -477
2809, -480
2810, -480
2811, -479
2812, -480
2813, -480
2814, -479
2815, 0
2816, -478
2817, 0
2818, -479
2819, -478
2820, -480
2821, -480
2822, -479
2823, 0
2824, 0
2825, 0
2826, 0
2827, -477
2828, -478
2829, -480
2830, -480
2831, -478
2832, -478
2833, -479
2834, -481
2835, -487
2836, -487
2837, -487
2838, -488
2839, 0
2840, -485
2841, 0
2842, -486
2843, -486
2844, -488
2845, -488
2846, -487
2847, 0
2848, 0
2849, 0
2850, 0
2851, -486
2852, -486
2853, -488
2854, -488
2855, -486
2856, -488
2857, -482
2858, -480
2859, -480
2860, -480
2861, -480
2862, -478
2863, 0
2864, -476
2865, -477
2866, 0
2867, 0
2868, -476
2869, 0
2870, -479
2871, -479
2872, -478
2873, -478
2874, -478
2875, -477
2876, -477
2877, -479
2878, -480
2879, -480
2880, -479
2881, -479
2882, -479
2883, -479
2884, -478
2885, -478
2886, -477
2887, 0
2888, -477
2889, -476
2890, 0
2891, 0
2892, -477
2893, 0
2894, -478
2895, -479
2896, 0
2897, 0
2898, -486
2899, -486
2900, -485
2901, -486
2902, 0
2903, -488
2904, -487
2905, -487
2906, -486
2907, -487
2908, -488
2909, -486
2910, -488
2911, -488
2912, -486
2913, -487
2914, 0
2915, -482
2916, 0
2917, -487
2918, -486
2919, -486
2920, -484
2921, -485
2922, -486
2923, -486
2924, -484
2925, -485
2926, -486
2927, -485
2928, -486
2929, -486
2930, -485
2931, -487
2932, -486
2933, -487
2934, -486
2935, -486
2936, -487
2937, -488
2938, -486
2939, -486
2940, -485
2941, -484
2942, -486
2943, 0
2944, -484
2945, -486
2946, -485
2947, -479
2948, -479
2949, -479
2950, -480
2951, -480
2952, -479
2953, -472
2954, -471
2955, -471
2956, -472
2957, -470
2958, -472
2959, -470
2960, -468
2961, -469
2962, -471
2963, -471
2964, -471
2965, -470
2966, -470
2967, -471
2968, 0
2969, 0
2970, -477
2971, -479
2972, -480
2973, -479
2974, -480
2975, -480
2976, 0
2977, 0
2978, -487
2979, -485
2980, -485
2981, -486
2982, -485
2983, -487
2984, -488
2985, -487
2986, -481
2987, -480
2988, -479
2989, -480
2990, -479
2991, -476
2992, -479
2993, -479
2994, -478
2995, -479
2996, -476
2997, -479
2998, -480
2999, -478
3000, -478
3001, -476
3002, -474
3003, -475
3004, -476
3005, -476
3006, -480
3007, -478
3008, -477
3009, -479
3010, -478
3011, -479
3012, -479
3013, -480
3014, -479
3015, -478
3016, -479
3017, -479
3018, -477
3019, 0
3020, -475
3021, 0
3022, -477
3023, -479
3024, -479
3025, -478
3026, 0
3027, -475
3028, -478
3029, -479
3030, -479
3031, -480
3032, -478
3033, -478
3034, -478
3035, -470
3036, -471
3037, -471
3038, -469
3039, -469
3040, -470
3041, -472
3042, -471
3043, -470
3044, -471
3045, -472
3046, -472
3047, -472
3048, 0
3049, 0
3050, 0
3051, 0
3052, -479
3053, -478
3054, -479
3055, -480
3056, 0
3057, 0
3058, -479
3059, -480
3060, -480
3061, -480
3062, -479
3063, -478
3064, 0
3065, -477
3066, -478
3067, -480
3068, -480
3069, -479
3070, 0
3071, -477
3072, 0
3073, -480
3074, -479
3075, -476
3076, -479
3077, -480
3078, -479
3079, -480
3080, -479
3081, -477
3082, -478
3083, -477
3084, -478
3085, -479
3086, -480
3087, -479
3088, -479
3089, -479
3090, -476
3091, -471
3092, 0
3093, -470
3094, 0
3095, -470
3096, -469
3097, -471
3098, -471
3099, -471
3100, -471
3101, -469
3102, 0
3103, -472
3104, 0
3105, 0
3106, -477
3107, -476
3108, -479
3109, -480
3110, 0
3111, -477
3112, 0
3113, 0
3114, -485
3115, -485
3116, -486
3117, -488
3118, -488
3119, -488
3120, -486
3121, -483
3122, -480
3123, -479
3124, -479
3125, -479
3126, -477
3127, -479
3128, -479
3129, -479
3130, -479
3131, -472
3132, -470
3133, -471
3134, -472
3135, -471
3136, -471
3137, -469
3138, -469
3139, -471
3140, -472
3141, -470
3142, -472
3143, -472
3144, -470
3145, -471
3146, -471
3147, -471
3148, -471
3149, -471
3150, -471
3151, -471
3152, 0
3153, 0
3154, -476
3155, 0
3156, -479
3157, -479
3158, -480
3159, -479
3160, 0
3161, -484
3162, -481
3163, -480
3164, -479
3165, -479
3166, -477
3167, -479
3168, -479
3169, -478
3170, -477
3171, -478
3172, -480
3173, -480
3174, -479
3175, -479
3176, -480
3177, -479
3178, -477
3179, -477
3180, -480
3181, -480
3182, -478
3183, -479
3184, 0
3185, 0
3186, -482
3187, -479
3188, -479
3189, -478
3190, 0
3191, -477
3192, 0
3193, 0
3194, -487
3195, -486
3196, -485
3197, -487
3198, -488
3199, 0
3200, -484
3201, -485
3202, 0
3203, -484
3204, 0
3205, -482
3206, 0
3207, -487
3208, -481
3209, -480
3210, -477
3211, -479
3212, -477
3213, -475
3214, 0
3215, -478
3216, -478
3217, -480
3218, -477
3219, -472
3220, -470
3221, -471
3222, -472
3223, -472
3224, 0
3225, 0
3226, 0
3227, -485
3228, 0
3229, -484
3230, -485
3231, -488
3232, -488
3233, -487
3234, -487
3235, -486
3236, -485
3237, -488
3238, -487
3239, -487
3240, 0
3241, 0
3242, -492
3243, -494
3244, -493
3245, -495
3246, -495
3247, -493
3248, -494
3249, -493
3250, 0
3251, -487
3252, 0
3253, -485
3254, 0
3255, -487
3256, 0
3257, 0
3258, -489
3259, -486
3260, -486
3261, -481
3262, -484
3263, 0
3264, -485
3265, -486
3266, -487
3267, -486
3268, -487
3269, -488
3270, -484
3271, -485
3272, 0
3273, 0
3274, -492
3275, -493
3276, -493
3277, -494
3278, -495
3279, -493
3280, -495
3281, -492
3282, -488
3283, -487
3284, -486
3285, -488
3286, -488
3287, -488
3288, 0
3289, 0
3290, -500
3291, 0
3292, -493
3293, -495
3294, -495
3295, 0
3296, 0
3297, 0
3298, -493
3299, 0
3300, -495
3301, -495
3302, -495
3303, -495
3304, -494
3305, -494
3306, -493
3307, -494
3308, 0
3309, 0
3310, 0
3311, 0
3312, 0
3313, 0
3314, -502
3315, -494
3316, -495
3317, -494
3318, -494
3319, -495
3320, -493
3321, -495
3322, -494
3323, -494
3324, -495
3325, -494
3326, -494
3327, -494
3328, -493
3329, -494
3330, -495
3331, -496
3332, -494
3333, -493
3334, -495
3335, -494
3336, 0
3337, 0
3338, -496
3339, -495
3340, -496
3341, -496
3342, -495
3343, -496
3344, 0
3345, 0
3346, 0
3347, -496
3348, -495
3349, -493
3350, -494
3351, -494
3352, -495
3353, -494
3354, -494
3355, -495
3356, -496
3357, -494
3358, -496
3359, -496
3360, -494
3361, -496
3362, 0
3363, -493
3364, 0
3365, -495
3366, -496
3367, -495
3368, 0
3369, 0
3370, 0
3371, -494
3372, -493
3373, -494
3374, -495
3375, -494
3376, -493
3377, -492
3378, -492
3379, -495
3380, -496
3381, -495
3382, -494
3383, -494
3384, -495
3385, -494
3386, -494
3387, -494
3388, -495
3389, -496
3390, -494
3391, -495
3392, 0
3393, -498
3394, -496
3395, -488
3396, -486
3397, -488
3398, -488
3399, -485
3400, 0
3401, -495
3402, -492
3403, -494
3404, -493
3405, -495
3406, -496
3407, 0
3408, 0
3409, 0
3410, 0
3411, 0
3412, -504
3413, -502
3414, -500
3415, 0
3416, -498
3417, 0
3418, 0
3419, -488
3420, 0
3421, -486
3422, -486
3423, -486
3424, -487
3425, -487
3426, -487
3427, -487
3428, -487
3429, -487
3430, -487
3431, -487
3432, 0
3433, 0
3434, 0
3435, -503
3436, -503
3437, 0
3438, -501
3439, 0
3440, 0
3441, -496
3442, -496
3443, -479
3444, -480
3445, -480
3446, -478
3447, -480
3448, 0
3449, 0
3450, -493
3451, -488
3452, -488
3453, -487
3454, -486
3455, -487
3456, 0
3457, -484
3458, 0
3459, -480
3460, -479
3461, -478
3462, -478
3463, -479
3464, 0
3465, 0
3466, -487
3467, -488
3468, -487
3469, -487
3470, -486
3471, -487
3472, 0
3473, 0
3474, -494
3475, 0
3476, -485
3477, -487
3478, -487
3479, -486
3480, -486
3481, -486
3482, -494
3483, -495
3484, -493
3485, -494
3486, -494
3487, -494
3488, 0
3489, 0
3490, -505
3491, -504
3492, -501
3493, -501
3494, -500
3495, -504
3496, -504
3497, -501
3498, -500
3499, -487
3500, 0
3501, -484
3502, -486
3503, -487
3504, 0
3505, 0
3506, -487
3507, -486
3508, -487
3509, -488
3510, -487
3511, -485
3512, 0
3513, 0
3514, -496
3515, -494
3516, 0
3517, -491
3518, 0
3519, -495
3520, -493
3521, -490
3522, 0
3523, -486
3524, -487
3525, -487
3526, -486
3527, -487
3528, 0
3529, 0
3530, -485
3531, 0
3532, -486
3533, 0
3534, -487
3535, -487
3536, 0
3537, 0
3538, -494
3539, -487
3540, -485
3541, -486
3542, -488
3543, -486
3544, 0
3545, 0
3546, -489
3547, -488
3548, -486
3549, -486
3550, -487
3551, -487
3552, 0
3553, 0
3554, 0
3555, -494
3556, -495
3557, 0
3558, -493
3559, 0
3560, 0
3561, 0
3562, -502
3563, -494
3564, -496
3565, -495
3566, -492
3567, -494
3568, 0
3569, 0
3570, -495
3571, -495
3572, -495
3573, -495
3574, 0
3575, -492
3576, 0
3577, 0
3578, -502
3579, -492
3580, 0
3581, -495
3582, 0
3583, -492
3584, 0
3585, 0
3586, -494
3587, 0
3588, -493
3589, 0
3590, -495
3591, 0
3592, 0
3593, -502
3594, -497
3595, -492
3596, 0
3597, -493
3598, -493
3599, -492
3600, 0
3601, 0
3602, -505
3603, -504
3604, -503
3605, 0
3606, 0
3607, 0
3608, 0
3609, 0
3610, -503
3611, -504
3612, 0
3613, -501
3614, -502
3615, -502
3616, 0
3617, 0
3618, 0
3619, -501
3620, 0
3621, -503
3622, -501
3623, -502
3624, 0
3625, -508
3626, -503
3627, -502
3628, -502
3629, -501
3630, -501
3631, -500
3632, 0
3633, 0
3634, 0
3635, -511
3636, -511
3637, -511
3638, 0
3639, -509
3640, 0
3641, 0
3642, -511
3643, -511
3644, -512
3645, 0
3646, -509
3647, -511
3648, 0
3649, 0
3650, 0
3651, 0
3652, -511
3653, -512
3654, -512
3655, -509
3656, 0
3657, 0
3658, 0
3659, -511
3660, -511
3661, -510
3662, -512
3663, -510
3664, 0
3665, 0
3666, 0
3667, -510
3668, 0
3669, -509
3670, 0
3671, -511
3672, 0
3673, 0
3674, -521
3675, -517
3676, -518
3677, -516
3678, 0
3679, -518
3680, -519
3681, -519
3682, -511
3683, -511
3684, -511
3685, -510
3686, -511
3687, -512
3688, 0
3689, 0
3690, -518
3691, -519
3692, -517
3693, -520
3694, 0
3695, -514
3696, -517
3697, 0
3698, -518
3699, 0
3700, -510
3701, 0
3702, -511
3703, -512
3704, 0
3705, 0
3706, -518
3707, -517
3708, 0
3709, -518
3710, 0
3711, -519
3712, 0
3713, 0
3714, -528
3715, 0
3716, -517
3717, -517
3718, -513
3719, -511
3720, 0
3721, 0
3722, -518
3723, -518
3724, -519
3725, -516
3726, -517
3727, -519
3728, 0
3729, 0
3730, 0
3731, -527
3732, -527
3733, -528
3734, -528
3735, -526
3736, -527
3737, -522
3738, -520
3739, -520
3740, -518
3741, -516
3742, -519
3743, -520
3744, 0
3745, 0
3746, 0
3747, -526
3748, -527
3749, 0
3750, -525
3751, 0
3752, 0
3753, 0
3754, -536
3755, 0
3756, -533
3757, -534
3758, -535
3759, -535
3760, -535
3761, 0
3762, -531
3763, 0
3764, 0
3765, -522
3766, -525
3767, -525
3768, 0
3769, 0
3770, -536
3771, -527
3772, -527
3773, -528
3774, -526
3775, -525
3776, 0
3777, 0
3778, -527
3779, -527
3780, -527
3781, 0
3782, -523
3783, -526
3784, 0
3785, 0
3786, -532
3787, 0
3788, -525
3789, 0
3790, -525
3791, -526
3792, 0
3793, 0
3794, -535
3795, -526
3796, 0
3797, 0
3798, -524
3799, -526
3800, 0
3801, 0
3802, -541
3803, 0
3804, -541
3805, -542
3806, -541
3807, -540
3808, -540
3809, -535
3810, -532
3811, -526
3812, -524
3813, -527
3814, -528
3815, -528
3816, 0
3817, 0
3818, 0
3819, -533
3820, 0
3821, -533
3822, -534
3823, -535
3824, 0
3825, 0
3826, 0
3827, -543
3828, -544
3829, -541
3830, -541
3831, -543
3832, 0
3833, 0
3834, -545
3835, -543
3836, -543
3837, -541
3838, -543
3839, -543
3840, 0
3841, 0
3842, -549
3843, -542
3844, -543
3845, -542
3846, -543
3847, -543
3848, 0
3849, 0
3850, -551
3851, 0
3852, -541
3853, 0
3854, -543
3855, -542
3856, 0
3857, 0
3858, -551
3859, -552
3860, -551
3861, -550
3862, -552
3863, -551
3864, 0
3865, 0
3866, -557
3867, -547
3868, -549
3869, -550
3870, -551
3871, -552
3872, 0
3873, 0
3874, -547
3875, -543
3876, -543
3877, -543
3878, -542
3879, -544
3880, 0
3881, 0
3882, -552
3883, -552
3884, -550
3885, -551
3886, -552
3887, -550
3888, 0
3889, 0
3890, -564
3891, -559
3892, -560
3893, -559
3894, -559
3895, -560
3896, 0
3897, 0
3898, -560
3899, -551
3900, -550
3901, 0
3902, -551
3903, -551
3904, 0
3905, 0
3906, 0
3907, -566
3908, -565
3909, -566
3910, -566
3911, -568
3912, 0
3913, 0
3914, 0
3915, -558
3916, -558
3917, -560
3918, -560
3919, -558
3920, 0
3921, 0
3922, -568
3923, -560
3924, -559
3925, -560
3926, -559
3927, -560
3928, 0
3929, 0
3930, 0
3931, -564
3932, 0
3933, -566
3934, 0
3935, -568
3936, 0
3937, 0
3938, -579
3939, 0
3940, -570
3941, -572
3942, -573
3943, -574
3944, 0
3945, 0
3946, 0
3947, -573
3948, -573
3949, -574
3950, -576
3951, -576
3952, 0
3953, 0
3954, -574
3955, -576
3956, -575
3957, -573
3958, 0
3959, -572
3960, 0
3961, 0
3962, 0
3963, -582
3964, -582
3965, -580
3966, 0
3967, -584
3968, 0
3969, 0
3970, 0
3971, -580
3972, -581
3973, -582
3974, 0
3975, -584
3976, 0
3977, 0
3978, -587
3979, -583
3980, -583
3981, -581
3982, 0
3983, -584
3984, 0
3985, 0
3986, -592
3987, -591
3988, -590
3989, -590
3990, 0
3991, -592
3992, 0
3993, 0
3994, -596
3995, -590
3996, -591
3997, -590
3998, -591
3999, -592
4000, 0
4001, -598
4002, 0
4003, -591
4004, -590
4005, -591
4006, -592
4007, -592
4008, 0
4009, 0
4010, 0
4011, -598
4012, -595
4013, 0
4014, 0
4015, -598
4016, 0
4017, 0
4018, 0
4019, -592
4020, -589
4021, -589
4022, -590
4023, -591
4024, 0
4025, 0
4026, 0
4027, -598
4028, 0
4029, -598
4030, -599
4031, -598
4032, 0
4033, 0
4034, 0
4035, -599
4036, -599
4037, -599
4038, -599
4039, -599
4040, 0
4041, 0
4042, 0
4043, -606
4044, -605
4045, -603
4046, -605
4047, -606
4048, 0
4049, 0
4050, 0
4051, -606
4052, 0
4053, 0
4054, -605
4055, 0
4056, 0
4057, 0
4058, -608
4059, -608
4060, -607
4061, -604
4062, -604
4063, -607
4064, 0
4065, 0
4066, 0
4067, 0
4068, -613
4069, -613
4070, -615
4071, -615
4072, 0
4073, 0
4074, -612
4075, -612
4076, 0
4077, -613
4078, 0
4079, -614
4080, 0
4081, 0
4082, -610
4083, -607
4084, -605
4085, -608
4086, -608
4087, -606
4088, 0
4089, 0
4090, -615
4091, 0
4092, -616
4093, -615
4094, -613
4095, -614
4096, 0
4097, 0
4098, 0
4099, -620
4100, -622
4101, 0
4102, -619
4103, 0
4104, 0
4105, 0
4106, -619
4107, -618
4108, -622
4109, -622
4110, -622
4111, -623
4112, 0
4113, 0
4114, -624
4115, -623
4116, -622
4117, -622
4118, -623
4119, -623
4120, 0
4121, 0
4122, -624
4123, -622
4124, -621
4125, -623
4126, -624
4127, -616
4128, 0
4129, 0
4130, -624
4131, -622
4132, -623
4133, -621
4134, 0
4135, -620
4136, 0
4137, 0
4138, -624
4139, -621
4140, -621
4141, -620
4142, 0
4143, -623
4144, 0
4145, 0
4146, 0
4147, -630
4148, -630
4149, -629
4150, 0
4151, -629
4152, 0
4153, 0
4154, -631
4155, -632
4156, -632
4157, -630
4158, -630
4159, -631
4160, 0
4161, 0
4162, -647
4163, -646
4164, -646
4165, -643
4166, 0
4167, -648
4168, 0
4169, 0
4170, -646
4171, -645
4172, 0
4173, -646
4174, 0
4175, -648
4176, 0
4177, 0
4178, 0
4179, -655
4180, -655
4181, -654
4182, 0
4183, -656
4184, 0
4185, 0
4186, 0
4187, -661
4188, -662
4189, -664
4190, -664
4191, -663
4192, 0
4193, 0
4194, -678
4195, -679
4196, -675
4197, -675
4198, 0
4199, -679
4200, 0
4201, 0
4202, 0
4203, -668
4204, -670
4205, -671
4206, -671
4207, -672
4208, 0
4209, 0
4210, 0
4211, -688
4212, -687
4213, -685
4214, -686
4215, -687
4216, 0
4217, 0
4218, -690
4219, -687
4220, -685
4221, -686
4222, -686
4223, -685
4224, 0
4225, 0
4226, -697
4227, -696
4228, -695
4229, -694
4230, -696
4231, -696
4232, 0
4233, 0
4234, 0
4235, -690
4236, 0
4237, 0
4238, -692
4239, -692
4240, 0
4241, 0
4242, -706
4243, -704
4244, -704
4245, -703
4246, -702
4247, -703
4248, 0
4249, 0
4250, -712
4251, -711
4252, -710
4253, -709
4254, -711
4255, -711
4256, 0
4257, 0
4258, 0
4259, 0
4260, -710
4261, -710
4262, -710
4263, -709
4264, 0
4265, 0
4266, -727
4267, -727
4268, -727
4269, -726
4270, 0
4271, -726
4272, 0
4273, 0
4274, -729
4275, -727
4276, -726
4277, -724
4278, -724
4279, -725
4280, 0
4281, 0
4282, 0
4283, -735
4284, -736
4285, -735
4286, 0
4287, -734
4288, 0
4289, 0
4290, 0
4291, -744
4292, -744
4293, -742
4294, 0
4295, -741
4296, 0
4297, 0
4298, 0
4299, 0
4300, -748
4301, 0
4302, -751
4303, -751
4304, 0
4305, 0
4306, -769
4307, -767
4308, -765
4309, -765
4310, 0
4311, -766
4312, 0
4313, 0
4314, -767
4315, -765
4316, -765
4317, -766
4318, -767
4319, -766
4320, 0
4321, 0
4322, -777
4323, -775
4324, -775
4325, -774
4326, -774
4327, -775
4328, 0
4329, 0
4330, -776
4331, -775
4332, -775
4333, -775
4334, -776
4335, -775
4336, 0
4337, 0
4338, 0
4339, -789
4340, 0
4341, -790
4342, -787
4343, -787
4344, 0
4345, 0
4346, 0
4347, -798
4348, -798
4349, -797
4350, -797
4351, -797
4352, 0
4353, 0
4354, -824
4355, -823
4356, -823
4357, -823
4358, -824
4359, -823
4360, 0
4361, 0
4362, 0
4363, -840
4364, -837
4365, -836
4366, -838
4367, -838
4368, 0
4369, 0
4370, -855
4371, -855
4372, -854
4373, -851
4374, 0
4375, -856
4376, 0
4377, 0
4378, -873
4379, -871
4380, -870
4381, -868
4382, 0
4383, -869
4384, 0
4385, 0
4386, 0
4387, -886
4388, -887
4389, -886
4390, -885
4391, -887
4392, 0
4393, 0
4394, 0
4395, 0
4396, -900
4397, -900
4398, -901
4399, -903
4400, 0
4401, 0
4402, 0
4403, -928
4404, -926
4405, -925
4406, 0
4407, -926
4408, 0
4409, 0
4410, 0
4411, -956
4412, 0
4413, -958
4414, -956
4415, -956
4416, 0
4417, 0
4418, 0
4419, -984
4420, -982
4421, -979
4422, 0
4423, -983
4424, 0
4425, 0
4426, -1023
4427, -1023
4428, -1023
4429, -1022
4430, 0
4431, -1023
4432, 0
4433, 0
4434, 0
4435, -1038
4436, -1038
4437, -1039
4438, -1039
4439, -1039
4440, 0
4441, 0
4442, 0
4443, -1054
4444, -1053
4445, -1055
4446, -1056
4447, -1054
4448, 0
4449, 0
4450, 0
4451, -1072
4452, -1070
4453, -1068
4454, 0
4455, -1071
4456, 0
4457, 0
4458, 0
4459, 0
4460, -1109
4461, -1109
4462, -1110
4463, -1111
4464, 0
4465, 0
4466, 0
4467, -1134
4468, 0
4469, 0
4470, -1132
4471, -1132
4472, 0
4473, 0
4474, 0
4475, -1184
4476, -1183
4477, -1184
4478, -1184
4479, -1183
4480, 0
4481, 0
4482, 0
4483, 0
4484, -1219
4485, -1219
4486, 0
4487, -1222
4488, 0
4489, 0
4490, 0
4491, -1253
4492, -1253
4493, -1256
4494, -1256
4495, -1255
4496, 0
4497, 0
4498, -1282
4499, -1280
4500, -1280
4501, -1280
4502, -1279
4503, -1278
4504, 0
4505, 0
4506, 0
4507, -1311
4508, -1311
4509, -1309
4510, -1309
4511, -1312
4512, 0
4513, 0
4514, 0
4515, 0
4516, -1342
4517, -1340
4518, 0
4519, -1344
4520, 0
4521, 0
4522, -1393
4523, -1392
4524, -1392
4525, -1391
4526, -1390
4527, -1391
4528, 0
4529, 0
4530, 0
4531, -1463
4532, -1463
4533, -1462
4534, -1462
4535, -1463
4536, 0
4537, 0
4538, 0
4539, -1510
4540, -1509
4541, -1510
4542, -1512
4543, -1511
4544, 0
4545, 0
4546, 0
4547, 584
4548, 585
4549, 586
4550, 0
4551, 584
4552, 0
4553, 0
4554, 0
4555, 497
4556, 497
4557, 498
4558, 0
4559, 496
4560, 0
4561, 0
4562, 0
4563, 0
4564, 0
4565, 0
4566, 0
4567, 0
4568, 0
4569, 0
4570, 0
4571, 0
4572, 32
4573, 34
4574, 34
4575, 33
4576, 0
4577, 0
