0, 0
1, 0
2, 0
3, 0
4, 0
5, 0
6, 0
7, 0
8, 0
9, 0
10, 0
11, 0
12, 0
13, 0
14, 0
15, 0
16, 0
17, 0
18, 0
19, 0
20, 0
21, 0
22, 0
23, 0
24, 0
25, 0
26, 0
27, 0
28, 0
29, 0
30, 0
31, 0
32, 0
33, 0
34, 0
35, 0
36, 0
37, 0
38, 0
39, 0
40, 0
41, 0
42, 0
43, 0
44, 0
45, 0
46, 0
47, 0
48, 0
49, 0
50, 0
51, 0
52, 0
53, 0
54, 0
55, 0
56, 0
57, 0
58, 0
59, 0
60, 0
61, 0
62, 0
63, 0
64, 0
65, 0
66, 0
67, 0
68, 0
69, 0
70, 0
71, 0
72, 0
73, 0
74, 0
75, 0
76, 0
77, 0
78, 0
79, 0
80, 0
81, 0
82, 0
83, 0
84, 0
85, 0
86, 0
87, 0
88, 0
89, 0
90, 0
91, 0
92, 0
93, 0
94, 0
95, 0
96, 0
97, 0
98, 0
99, 0
100, 0
101, 0
102, 0
103, 0
104, 0
105, 0
106, 0
107, 0
108, 0
109, 0
110, 0
111, 0
112, 0
113, 0
114, 0
115, 0
116, 0
117, 0
118, 0
119, 0
120, 0
121, 0
122, 0
123, 0
124, 0
125, 0
126, 0
127, 0
128, 0
129, 0
130, 0
131, 0
132, 0
133, 0
134, 0
135, 0
136, 0
137, 0
138, 0
139, 0
140, 0
141, 0
142, 0
143, 0
144, 0
145, 0
146, 0
147, 0
148, 0
149, 0
150, 0
151, 0
152, 0
153, 0
154, 0
155, 0
156, 0
157, 0
158, 0
159, 0
160, 0
161, 0
162, 0
163, 0
164, 0
165, 0
166, 0
167, 0
168, 0
169, 0
170, 0
171, 0
172, 0
173, 0
174, 0
175, 0
176, 0
177, 0
178, 0
179, 0
180, 0
181, 0
182, 0
183, 0
184, 0
185, 0
186, 0
187, 0
188, 0
189, 0
190, 0
191, 0
192, 0
193, 0
194, 0
195, 0
196, 0
197, 0
198, 0
199, 0
200, 0
201, 0
202, 0
203, 0
204, 0
205, 0
206, 0
207, 0
208, 0
209, 0
210, 0
211, 0
212, 0
213, 0
214, 0
215, 0
216, 0
217, 0
218, 0
219, 0
220, 0
221, 0
222, 0
223, 0
224, 0
225, 0
226, 0
227, 0
228, 0
229, 0
230, 0
231, 0
232, 0
233, 0
234, 0
235, 0
236, 0
237, 0
238, 0
239, 0
240, 0
241, 0
242, 0
243, 0
244, 0
245, 0
246, 0
247, 0
248, 0
249, 0
250, 0
251, 0
252, 0
253, 0
254, 0
255, 0
256, 0
257, 0
258, 0
259, 0
260, 0
261, 0
262, 0
263, 0
264, 0
265, 0
266, 0
267, 0
268, 0
269, 0
270, 0
271, 0
272, 0
273, 0
274, 0
275, 0
276, 0
277, 0
278, 0
279, 0
280, 0
281, 0
282, 0
283, 0
284, 0
285, 0
286, 0
287, 0
288, 0
289, 0
290, 0
291, 0
292, 0
293, 0
294, 0
295, 0
296, 0
297, 0
298, 0
299, 0
300, 0
301, 0
302, 0
303, 0
304, 0
305, 0
306, 0
307, 0
308, 0
309, 0
310, 0
311, 0
312, 0
313, 0
314, 0
315, 0
316, 0
317, 0
318, 0
319, 0
320, 0
321, 0
322, 0
323, 0
324, 0
325, 0
326, 0
327, 0
328, 0
329, 0
330, 0
331, 0
332, 0
333, 0
334, 0
335, 0
336, 0
337, 0
338, 0
339, 0
340, 0
341, 0
342, 0
343, 0
344, 0
345, 0
346, 0
347, 0
348, 0
349, 0
350, 0
351, 0
352, 0
353, 0
354, 0
355, 0
356, 0
357, 0
358, 0
359, 0
360, 0
361, 0
362, 0
363, 0
364, 0
365, 0
366, 0
367, 0
368, 0
369, 0
370, 0
371, 0
372, 0
373, 0
374, 0
375, 0
376, 0
377, 0
378, 0
379, 0
380, 0
381, 0
382, 0
383, 0
384, 0
385, 0
386, 0
387, 0
388, 0
389, 0
390, 0
391, 0
392, 0
393, 0
394, 0
395, 0
396, 0
397, 0
398, 0
399, 0
400, 0
401, 0
402, 0
403, 0
404, 0
405, 0
406, 0
407, 0
408, 0
409, 0
410, 0
411, 0
412, 0
413, 0
414, 0
415, 0
416, 0
417, 0
418, 0
419, 0
420, 0
421, 0
422, 0
423, 0
424, 0
425, 0
426, 0
427, 0
428, 0
429, 0
430, 0
431, 0
432, 0
433, 0
434, 0
435, 0
436, 0
437, 0
438, 0
439, 0
440, 0
441, 0
442, 0
443, 0
444, 0
445, 0
446, 0
447, 0
448, 0
449, 0
450, 0
451, 0
452, 0
453, 0
454, 0
455, 0
456, 0
457, 0
458, 0
459, 0
460, 0
461, 0
462, 0
463, 0
464, 0
465, 0
466, 0
467, 0
468, 0
469, 0
470, 0
471, 0
472, 0
473, 0
474, 0
475, 0
476, 0
477, 0
478, 0
479, 0
480, 0
481, 0
482, 0
483, 0
484, 0
485, 0
486, 0
487, 0
488, 0
489, 0
490, 0
491, 0
492, 0
493, 0
494, 0
495, 0
496, 0
497, 0
498, 0
499, 0
500, 0
501, 0
502, 0
503, 0
504, 0
505, 0
506, 0
507, 0
508, 0
509, 0
510, 0
511, 0
512, 0
513, 0
514, 0
515, 0
516, 0
517, 0
518, 0
519, 0
520, 0
521, 0
522, 0
523, 0
524, 0
525, 0
526, 0
527, 0
528, 0
529, 0
530, 0
531, 0
532, 0
533, 0
534, 0
535, 0
536, 0
537, 0
538, 0
539, 0
540, 0
541, 0
542, 0
543, 0
544, 0
545, 0
546, 0
547, 0
548, 0
549, 0
550, 0
551, 0
552, 0
553, 0
554, 0
555, 0
556, 0
557, 0
558, 0
559, 0
560, 0
561, 0
562, 0
563, 0
564, 0
565, 0
566, 0
567, 0
568, 0
569, 0
570, 0
571, 0
572, 0
573, 0
574, 0
575, 0
576, 0
577, 0
578, 0
579, 0
580, 0
581, 0
582, 0
583, 0
584, 0
585, 0
586, 0
587, 0
588, 0
589, 0
590, 0
591, 0
592, 0
593, 0
594, 0
595, 0
596, 0
597, 0
598, 0
599, 0
600, 0
601, 0
602, 0
603, 0
604, 0
605, 0
606, 0
607, 0
608, 0
609, 0
610, 0
611, 0
612, 0
613, 0
614, 0
615, 0
616, 0
617, 0
618, 0
619, 0
620, 0
621, 0
622, 0
623, 0
624, 0
625, 0
626, 0
627, 0
628, 0
629, 0
630, 0
631, 0
632, 0
633, 0
634, 0
635, 0
636, 0
637, 0
638, 0
639, 0
640, 0
641, 0
642, 0
643, 0
644, 0
645, 0
646, 0
647, 0
648, 0
649, 0
650, 0
651, 0
652, 0
653, 0
654, 0
655, 0
656, 0
657, 0
658, 0
659, 0
660, 0
661, 0
662, 0
663, 0
664, 0
665, 0
666, 0
667, 0
668, 0
669, 0
670, 0
671, 0
672, 0
673, 0
674, 0
675, 0
676, 0
677, 0
678, 0
679, 0
680, 0
681, 0
682, 0
683, 0
684, 0
685, 0
686, 0
687, 0
688, 0
689, 0
690, 0
691, 0
692, 0
693, 0
694, 0
695, 0
696, 0
697, 0
698, 0
699, 0
700, 0
701, 0
702, 0
703, 0
704, 0
705, 0
706, 0
707, 0
708, 0
709, 0
710, 0
711, 0
712, 0
713, 0
714, 0
715, 0
716, 0
717, 0
718, 0
719, 0
720, 0
721, 0
722, 0
723, 0
724, 0
725, 0
726, 0
727, 0
728, 0
729, 0
730, 0
731, 0
732, 0
733, 0
734, 0
735, 0
736, 0
737, 0
738, 0
739, 0
740, 0
741, 0
742, 0
743, 0
744, 0
745, 0
746, 0
747, 0
748, 0
749, 0
750, 0
751, 0
752, 0
753, 0
754, 0
755, 0
756, 0
757, 0
758, 0
759, 0
760, 0
761, 0
762, 0
763, 0
764, 0
765, 0
766, 0
767, 0
768, 0
769, 0
770, 0
771, 0
772, 0
773, 0
774, 0
775, 0
776, 0
777, 0
778, 0
779, 0
780, 0
781, 0
782, 0
783, 0
784, 0
785, 0
786, 0
787, 0
788, 0
789, 0
790, 0
791, 0
792, 0
793, 0
794, 0
795, 0
796, 0
797, 0
798, 0
799, 0
800, 0
801, 0
802, 0
803, 0
804, 0
805, 0
806, 0
807, 0
808, 0
809, 0
810, 0
811, 0
812, 0
813, 0
814, 0
815, 0
816, 0
817, 0
818, 0
819, 0
820, 0
821, 0
822, 0
823, 0
824, 0
825, 0
826, 0
827, 0
828, 0
829, 0
830, 0
831, 0
832, 0
833, 0
834, 0
835, 0
836, 0
837, 0
838, 0
839, 0
840, 0
841, 0
842, 0
843, 0
844, 0
845, 0
846, 0
847, 0
848, 0
849, 0
850, 0
851, 0
852, 0
853, 0
854, 0
855, 0
856, 0
857, 0
858, 0
859, 0
860, 0
861, 0
862, 0
863, 0
864, 0
865, 0
866, 0
867, 0
868, 0
869, 0
870, 0
871, 0
872, 0
873, 0
874, 0
875, 0
876, 0
877, 0
878, 0
879, 0
880, 0
881, 0
882, 0
883, 0
884, 0
885, 0
886, 0
887, 0
888, 0
889, 0
890, 0
891, 0
892, 0
893, 0
894, 0
895, 0
896, 0
897, 0
898, 0
899, 0
900, 0
901, 0
902, 0
903, 0
904, 0
905, 0
906, 0
907, 0
908, 0
909, 0
910, 0
911, 0
912, 0
913, 0
914, 0
915, 0
916, 0
917, 0
918, 0
919, 0
920, 0
921, 0
922, 0
923, 0
924, 0
925, 0
926, 0
927, 0
928, 0
929, 0
930, 0
931, 0
932, 0
933, 0
934, 0
935, 0
936, 0
937, 0
938, 0
939, 0
940, 0
941, 0
942, 0
943, 0
944, 0
945, 0
946, 0
947, 0
948, 0
949, 0
950, 0
951, 0
952, 0
953, 0
954, 0
955, 0
956, 0
957, 0
958, 0
959, 0
960, 0
961, 0
962, 0
963, 0
964, 0
965, 0
966, 0
967, 0
968, 0
969, 0
970, 0
971, 0
972, 0
973, 0
974, 0
975, 0
976, 0
977, 0
978, 0
979, 0
980, 0
981, 0
982, 0
983, 0
984, 0
985, 0
986, 0
987, 0
988, 0
989, 0
990, 0
991, 0
992, 0
993, 0
994, 0
995, 0
996, 0
997, 0
998, 0
999, 0
1000, 0
1001, 0
1002, 0
1003, 0
1004, 0
1005, 0
1006, 0
1007, 0
1008, 0
1009, 0
1010, 0
1011, 0
1012, 0
1013, 0
1014, 0
1015, 0
1016, 0
1017, 0
1018, 0
1019, 0
1020, 0
1021, 0
1022, 0
1023, 0
1024, 0
1025, 0
1026, 0
1027, 0
1028, 0
1029, 0
1030, 0
1031, 0
1032, 0
1033, 0
1034, 0
1035, 0
1036, 0
1037, 0
1038, 0
1039, 0
1040, 0
1041, 0
1042, 0
1043, 0
1044, 0
1045, 0
1046, 0
1047, 0
1048, 0
1049, 0
1050, 0
1051, 0
1052, 0
1053, 0
1054, 0
1055, 0
1056, 0
1057, 0
1058, 0
1059, 0
1060, 0
1061, 0
1062, 0
1063, 0
1064, 0
1065, 0
1066, 0
1067, -1829
1068, -1830
1069, 0
1070, 0
1071, 0
1072, 0
1073, -1712
1074, 0
1075, -1724
1076, 0
1077, 0
1078, 0
1079, 0
1080, 0
1081, -1598
1082, -1600
1083, -1599
1084, -1598
1085, 0
1086, 0
1087, 0
1088, 0
1089, -1509
1090, -1516
1091, -1518
1092, 0
1093, 0
1094, 0
1095, 0
1096, 0
1097, -1461
1098, -1460
1099, -1461
1100, 0
1101, 0
1102, 0
1103, 0
1104, 0
1105, -1393
1106, -1399
1107, -1400
1108, -1399
1109, -1399
1110, 0
1111, 0
1112, 0
1113, -1342
1114, -1343
1115, -1343
1116, -1343
1117, -1342
1118, -1343
1119, 0
1120, 0
1121, -1300
1122, -1310
1123, -1311
1124, -1311
1125, -1312
1126, 0
1127, 0
1128, 0
1129, -1247
1130, -1255
1131, 0
1132, -1254
1133, 0
1134, 0
1135, 0
1136, 0
1137, -1216
1138, 0
1139, -1213
1140, -1214
1141, -1215
1142, -1215
1143, 0
1144, 0
1145, -1172
1146, -1172
1147, -1175
1148, -1175
1149, -1173
1150, 0
1151, 0
1152, 0
1153, -1136
1154, 0
1155, -1141
1156, -1141
1157, -1144
1158, -1142
1159, 0
1160, 0
1161, 0
1162, 0
1163, -1094
1164, -1093
1165, -1093
1166, -1094
1167, 0
1168, 0
1169, -1062
1170, -1066
1171, -1071
1172, -1071
1173, -1071
1174, 0
1175, 0
1176, 0
1177, -1042
1178, 0
1179, -1069
1180, -1068
1181, -1069
1182, -1070
1183, 0
1184, 0
1185, 0
1186, -1029
1187, -1031
1188, -1029
1189, -1030
1190, -1030
1191, 0
1192, 0
1193, -1009
1194, -1014
1195, -1015
1196, 0
1197, -1014
1198, 0
1199, 0
1200, 0
1201, 0
1202, -982
1203, -981
1204, 0
1205, 0
1206, 0
1207, 0
1208, 0
1209, -952
1210, -959
1211, -959
1212, -959
1213, -960
1214, 0
1215, 0
1216, 0
1217, -938
1218, -944
1219, -943
1220, -943
1221, -941
1222, -942
1223, 0
1224, 0
1225, -906
1226, -906
1227, -908
1228, -910
1229, -909
1230, 0
1231, 0
1232, 0
1233, -873
1234, -878
1235, -887
1236, -887
1237, 0
1238, 0
1239, 0
1240, 0
1241, -860
1242, -872
1243, -872
1244, -871
1245, 0
1246, 0
1247, 0
1248, 0
1249, -844
1250, -854
1251, 0
1252, -851
1253, -852
1254, 0
1255, 0
1256, 0
1257, -835
1258, 0
1259, -837
1260, -839
1261, -839
1262, 0
1263, 0
1264, 0
1265, -802
1266, -814
1267, -816
1268, -816
1269, -814
1270, -813
1271, 0
1272, 0
1273, -802
1274, -804
1275, -806
1276, 0
1277, -805
1278, 0
1279, 0
1280, 0
1281, -787
1282, 0
1283, -796
1284, -798
1285, -798
1286, -797
1287, 0
1288, 0
1289, -771
1290, -782
1291, -784
1292, -782
1293, -784
1294, -782
1295, 0
1296, 0
1297, 0
1298, -766
1299, 0
1300, -764
1301, -767
1302, -767
1303, 0
1304, 0
1305, -747
1306, -760
1307, -760
1308, -759
1309, -758
1310, -760
1311, 0
1312, 0
1313, -746
1314, -755
1315, -760
1316, -760
1317, -759
1318, -760
1319, 0
1320, 0
1321, -719
1322, -727
1323, -725
1324, -727
1325, 0
1326, 0
1327, 0
1328, 0
1329, -718
1330, -721
1331, -728
1332, -727
1333, -726
1334, -724
1335, 0
1336, 0
1337, -686
1338, -692
1339, -693
1340, -692
1341, 0
1342, -696
1343, 0
1344, 0
1345, -675
1346, -687
1347, -686
1348, -687
1349, -686
1350, -687
1351, 0
1352, 0
1353, -656
1354, -657
1355, -661
1356, 0
1357, 0
1358, 0
1359, 0
1360, 0
1361, -643
1362, 0
1363, -652
1364, -654
1365, -655
1366, 0
1367, 0
1368, 0
1369, -637
1370, -641
1371, -643
1372, -648
1373, 0
1374, -644
1375, 0
1376, 0
1377, -630
1378, -646
1379, -656
1380, -655
1381, -653
1382, -652
1383, 0
1384, 0
1385, 0
1386, 0
1387, -686
1388, -685
1389, -684
1390, -686
1391, 0
1392, 0
1393, -678
1394, 0
1395, -688
1396, -688
1397, -688
1398, -683
1399, 0
1400, 0
1401, -668
1402, -670
1403, -679
1404, -679
1405, -679
1406, 0
1407, 0
1408, 0
1409, -671
1410, -687
1411, -684
1412, -685
1413, 0
1414, 0
1415, 0
1416, 0
1417, -671
1418, 0
1419, -680
1420, -679
1421, -679
1422, -679
1423, 0
1424, 0
1425, -660
1426, 0
1427, -670
1428, -670
1429, -671
1430, 0
1431, 0
1432, 0
1433, 0
1434, 0
1435, 0
1436, 0
1437, 0
1438, -661
1439, 0
1440, 0
1441, -653
1442, -663
1443, 0
1444, -660
1445, 0
1446, -663
1447, 0
1448, 0
1449, -645
1450, -654
1451, -655
1452, -655
1453, -655
1454, 0
1455, 0
1456, 0
1457, -630
1458, -648
1459, -646
1460, -647
1461, -648
1462, -647
1463, 0
1464, 0
1465, -644
1466, 0
1467, -644
1468, 0
1469, -648
1470, 0
1471, 0
1472, 0
1473, -632
1474, 0
1475, -645
1476, 0
1477, -646
1478, -646
1479, 0
1480, 0
1481, -636
1482, -647
1483, -648
1484, -647
1485, -648
1486, 0
1487, 0
1488, 0
1489, -629
1490, -634
1491, -639
1492, -639
1493, -640
1494, 0
1495, 0
1496, 0
1497, -626
1498, 0
1499, -637
1500, -638
1501, -637
1502, -637
1503, 0
1504, 0
1505, -630
1506, 0
1507, -629
1508, -629
1509, -630
1510, -630
1511, 0
1512, 0
1513, -612
1514, -615
1515, -614
1516, -615
1517, -622
1518, -624
1519, 0
1520, 0
1521, 0
1522, 0
1523, -629
1524, -631
1525, -632
1526, -631
1527, 0
1528, 0
1529, -617
1530, -623
1531, -624
1532, -621
1533, -619
1534, 0
1535, 0
1536, 0
1537, -617
1538, -621
1539, -620
1540, -622
1541, 0
1542, 0
1543, 0
1544, 0
1545, -607
1546, -615
1547, -615
1548, -615
1549, -616
1550, 0
1551, 0
1552, 0
1553, -606
1554, -615
1555, -612
1556, 0
1557, -613
1558, 0
1559, 0
1560, 0
1561, -603
1562, -604
1563, -604
1564, -604
1565, 0
1566, 0
1567, 0
1568, 0
1569, -596
1570, -599
1571, -597
1572, -599
1573, -600
1574, -599
1575, 0
1576, 0
1577, -582
1578, -583
1579, 0
1580, -587
1581, 0
1582, 0
1583, 0
1584, 0
1585, -580
1586, 0
1587, -587
1588, -592
1589, -591
1590, -590
1591, 0
1592, 0
1593, -568
1594, -577
1595, -583
1596, -584
1597, -583
1598, 0
1599, 0
1600, 0
1601, -570
1602, 0
1603, -583
1604, -581
1605, -580
1606, -580
1607, 0
1608, 0
1609, -567
1610, -574
1611, -573
1612, -572
1613, 0
1614, 0
1615, 0
1616, 0
1617, -565
1618, -569
1619, -574
1620, -575
1621, -575
1622, -573
1623, 0
1624, 0
1625, -568
1626, -575
1627, -575
1628, -575
1629, -576
1630, 0
1631, 0
1632, 0
1633, -563
1634, -575
1635, -575
1636, -574
1637, -575
1638, 0
1639, 0
1640, 0
1641, -562
1642, -568
1643, -577
1644, -583
1645, -583
1646, -582
1647, 0
1648, 0
1649, -570
1650, -576
1651, -574
1652, -575
1653, -574
1654, -574
1655, 0
1656, 0
1657, -569
1658, 0
1659, -572
1660, -573
1661, -575
1662, -574
1663, 0
1664, 0
1665, -570
1666, 0
1667, -589
1668, -590
1669, -590
1670, -590
1671, 0
1672, 0
1673, -579
1674, 0
1675, -588
1676, -588
1677, 0
1678, 0
1679, 0
1680, 0
1681, -581
1682, -582
1683, 0
1684, -580
1685, 0
1686, -584
1687, 0
1688, 0
1689, -575
1690, -573
1691, -573
1692, -575
1693, 0
1694, -572
1695, 0
1696, 0
1697, -571
1698, -575
1699, -574
1700, -574
1701, -574
1702, -575
1703, 0
1704, 0
1705, -568
1706, -590
1707, -592
1708, -591
1709, -589
1710, 0
1711, 0
1712, 0
1713, -581
1714, 0
1715, -583
1716, -584
1717, -584
1718, -583
1719, 0
1720, 0
1721, -569
1722, -581
1723, -583
1724, -583
1725, -584
1726, 0
1727, 0
1728, 0
1729, -570
1730, -583
1731, -582
1732, -583
1733, 0
1734, 0
1735, 0
1736, 0
1737, -561
1738, -562
1739, 0
1740, -566
1741, -567
1742, -567
1743, 0
1744, 0
1745, -558
1746, -567
1747, -567
1748, -566
1749, 0
1750, 0
1751, 0
1752, 0
1753, -567
1754, 0
1755, -575
1756, -574
1757, -572
1758, 0
1759, 0
1760, 0
1761, -567
1762, 0
1763, -576
1764, -575
1765, -573
1766, -574
1767, 0
1768, 0
1769, -560
1770, -565
1771, -568
1772, -567
1773, -567
1774, -567
1775, 0
1776, -566
1777, 0
1778, -576
1779, -577
1780, -584
1781, -583
1782, -583
1783, 0
1784, 0
1785, -575
1786, -576
1787, -575
1788, -575
1789, 0
1790, -573
1791, 0
1792, 0
1793, -563
1794, -574
1795, -575
1796, -575
1797, -574
1798, -574
1799, -576
1800, 0
1801, -566
1802, -569
1803, -571
1804, 0
1805, -574
1806, -575
1807, 0
1808, 0
1809, -568
1810, 0
1811, -565
1812, -566
1813, -566
1814, -567
1815, 0
1816, 0
1817, -551
1818, -550
1819, -549
1820, -551
1821, -552
1822, 0
1823, 0
1824, 0
1825, -531
1826, -534
1827, -536
1828, -535
1829, -535
1830, -535
1831, -533
1832, -533
1833, -533
1834, -535
1835, 0
1836, -531
1837, 0
1838, -535
1839, 0
1840, 0
1841, -511
1842, -512
1843, -520
1844, -517
1845, -517
1846, -519
1847, 0
1848, 0
1849, -515
1850, -521
1851, -536
1852, -535
1853, -533
1854, -534
1855, 0
1856, 0
1857, -535
1858, -535
1859, -535
1860, -535
1861, -534
1862, -534
1863, 0
1864, 0
1865, -528
1866, 0
1867, 0
1868, 0
1869, 0
1870, -534
1871, -535
1872, -534
1873, -536
1874, 0
1875, -540
1876, -542
1877, -542
1878, -541
1879, 0
1880, 0
1881, -532
1882, 0
1883, -565
1884, 0
1885, -565
1886, -564
1887, 0
1888, 0
1889, -546
1890, -552
1891, -550
1892, -550
1893, -552
1894, -551
1895, -551
1896, -552
1897, -551
1898, -551
1899, -549
1900, -549
1901, -550
1902, -550
1903, 0
1904, 0
1905, -541
1906, -542
1907, -539
1908, -541
1909, -544
1910, -543
1911, -542
1912, -543
1913, 0
1914, 0
1915, -555
1916, -557
1917, -560
1918, -559
1919, 0
1920, 0
1921, -543
1922, -544
1923, -542
1924, -542
1925, -542
1926, 0
1927, 0
1928, 0
1929, -535
1930, -543
1931, -542
1932, 0
1933, -542
1934, -541
1935, 0
1936, -543
1937, -545
1938, -551
1939, -556
1940, -558
1941, -559
1942, -557
1943, 0
1944, 0
1945, -545
1946, -550
1947, -548
1948, -549
1949, -550
1950, -543
1951, 0
1952, -541
1953, 0
1954, 0
1955, -542
1956, -542
1957, -544
1958, -544
1959, 0
1960, 0
1961, -528
1962, -534
1963, -534
1964, -533
1965, -534
1966, -535
1967, 0
1968, 0
1969, -526
1970, -528
1971, -528
1972, -527
1973, -527
1974, -528
1975, 0
1976, -525
1977, -527
1978, -535
1979, -536
1980, -535
1981, 0
1982, 0
1983, 0
1984, 0
1985, -518
1986, -519
1987, -519
1988, -520
1989, -519
1990, -517
1991, 0
1992, -517
1993, 0
1994, -535
1995, -534
1996, -536
1997, -536
1998, -536
1999, 0
2000, 0
2001, 0
2002, 0
2003, -524
2004, -526
2005, -527
2006, -528
2007, 0
2008, 0
2009, -529
2010, -535
2011, -534
2012, -533
2013, -535
2014, 0
2015, 0
2016, 0
2017, -521
2018, -527
2019, -525
2020, -523
2021, 0
2022, -524
2023, 0
2024, -527
2025, -530
2026, -536
2027, -535
2028, -536
2029, -535
2030, -535
2031, 0
2032, 0
2033, 0
2034, 0
2035, -525
2036, -527
2037, -527
2038, -525
2039, 0
2040, 0
2041, -519
2042, -517
2043, -519
2044, -519
2045, -518
2046, -517
2047, 0
2048, 0
2049, 0
2050, 0
2051, -518
2052, -518
2053, -518
2054, -517
2055, 0
2056, 0
2057, -508
2058, -510
2059, -510
2060, -508
2061, 0
2062, -511
2063, 0
2064, 0
2065, -507
2066, -519
2067, -519
2068, -517
2069, -517
2070, -518
2071, 0
2072, 0
2073, -511
2074, 0
2075, -509
2076, -509
2077, -511
2078, -512
2079, 0
2080, 0
2081, -505
2082, -512
2083, -510
2084, -510
2085, 0
2086, -510
2087, 0
2088, 0
2089, 0
2090, -509
2091, 0
2092, -510
2093, 0
2094, 0
2095, 0
2096, 0
2097, -503
2098, -503
2099, -502
2100, -501
2101, 0
2102, 0
2103, 0
2104, 0
2105, -497
2106, -510
2107, -510
2108, -510
2109, -511
2110, -512
2111, 0
2112, 0
2113, -501
2114, -501
2115, -504
2116, -503
2117, -500
2118, -502
2119, 0
2120, 0
2121, -496
2122, -504
2123, -503
2124, -501
2125, -502
2126, -502
2127, -502
2128, 0
2129, -501
2130, -503
2131, -504
2132, -503
2133, -503
2134, -504
2135, -502
2136, 0
2137, -494
2138, -494
2139, -494
2140, -495
2141, -495
2142, -495
2143, -495
2144, -497
2145, -505
2146, -508
2147, -510
2148, -508
2149, -509
2150, -511
2151, 0
2152, 0
2153, 0
2154, 0
2155, -500
2156, -502
2157, -503
2158, -502
2159, 0
2160, 0
2161, -495
2162, -495
2163, -495
2164, -495
2165, -496
2166, 0
2167, 0
2168, 0
2169, -485
2170, -486
2171, 0
2172, -486
2173, -486
2174, -487
2175, 0
2176, 0
2177, 0
2178, -485
2179, -484
2180, -486
2181, -486
2182, -487
2183, -488
2184, -488
2185, -488
2186, 0
2187, -492
2188, 0
2189, -495
2190, 0
2191, 0
2192, 0
2193, 0
2194, -483
2195, 0
2196, -488
2197, -487
2198, -487
2199, 0
2200, 0
2201, -484
2202, -487
2203, -494
2204, -495
2205, -496
2206, -495
2207, 0
2208, 0
2209, -489
2210, -495
2211, -495
2212, -495
2213, -493
2214, -495
2215, 0
2216, 0
2217, 0
2218, -502
2219, -503
2220, -503
2221, -501
2222, -496
2223, -495
2224, -495
2225, -493
2226, -493
2227, -494
2228, -494
2229, 0
2230, -495
2231, 0
2232, 0
2233, -487
2234, -496
2235, -510
2236, -511
2237, -511
2238, -512
2239, 0
2240, 0
2241, -504
2242, -504
2243, -503
2244, -502
2245, -502
2246, -501
2247, -495
2248, 0
2249, -493
2250, -494
2251, -495
2252, -492
2253, 0
2254, -494
2255, 0
2256, 0
2257, -491
2258, -493
2259, -495
2260, -496
2261, -495
2262, 0
2263, 0
2264, 0
2265, -492
2266, -495
2267, -496
2268, -496
2269, -495
2270, -488
2271, -488
2272, -486
2273, -487
2274, -487
2275, -486
2276, -487
2277, 0
2278, -484
2279, 0
2280, 0
2281, -482
2282, -486
2283, -487
2284, -487
2285, -487
2286, 0
2287, 0
2288, 0
2289, 0
2290, -478
2291, -479
2292, -478
2293, -476
2294, -474
2295, -475
2296, -477
2297, 0
2298, -493
2299, -495
2300, -495
2301, 0
2302, -494
2303, 0
2304, 0
2305, -488
2306, -488
2307, -488
2308, 0
2309, -486
2310, -487
2311, -486
2312, -488
2313, -493
2314, 0
2315, -500
2316, -502
2317, -504
2318, -503
2319, 0
2320, 0
2321, -495
2322, -496
2323, -495
2324, -495
2325, -494
2326, -494
2327, 0
2328, -491
2329, 0
2330, 0
2331, -494
2332, -494
2333, -494
2334, -494
2335, 0
2336, 0
2337, -488
2338, -487
2339, -488
2340, 0
2341, -483
2342, 0
2343, 0
2344, 0
2345, -483
2346, -487
2347, -486
2348, -487
2349, -486
2350, -488
2351, -487
2352, -487
2353, -490
2354, -493
2355, -494
2356, -494
2357, 0
2358, -495
2359, 0
2360, 0
2361, -488
2362, -487
2363, -484
2364, -486
2365, -487
2366, -486
2367, -486
2368, -487
2369, -488
2370, 0
2371, -493
2372, -493
2373, -494
2374, -494
2375, 0
2376, 0
2377, 0
2378, -496
2379, -495
2380, -496
2381, -495
2382, -494
2383, -495
2384, -495
2385, -494
2386, -494
2387, -495
2388, -496
2389, -495
2390, -494
2391, 0
2392, 0
2393, -486
2394, -485
2395, -488
2396, 0
2397, -482
2398, 0
2399, -488
2400, -486
2401, 0
2402, -484
2403, 0
2404, -485
2405, -484
2406, -485
2407, 0
2408, 0
2409, -483
2410, -487
2411, -488
2412, -488
2413, 0
2414, -486
2415, -486
2416, -484
2417, 0
2418, -488
2419, -488
2420, -487
2421, -485
2422, 0
2423, 0
2424, 0
2425, -479
2426, -479
2427, -478
2428, -478
2429, -479
2430, -480
2431, -480
2432, -480
2433, -481
2434, -484
2435, -482
2436, 0
2437, -487
2438, -487
2439, 0
2440, 0
2441, -480
2442, -486
2443, -485
2444, -487
2445, -488
2446, -487
2447, -487
2448, -486
2449, -493
2450, -495
2451, -493
2452, 0
2453, 0
2454, -491
2455, -492
2456, -484
2457, 0
2458, -495
2459, -495
2460, -495
2461, -494
2462, -495
2463, 0
2464, 0
2465, -479
2466, -478
2467, -479
2468, -480
2469, -478
2470, -478
2471, 0
2472, -477
2473, 0
2474, -486
2475, -485
2476, -487
2477, -488
2478, -486
2479, -487
2480, -486
2481, 0
2482, -487
2483, -487
2484, -485
2485, -487
2486, -487
2487, -487
2488, -487
2489, -485
2490, -487
2491, -487
2492, -488
2493, -486
2494, 0
2495, -482
2496, -485
2497, 0
2498, -494
2499, -495
2500, -495
2501, -495
2502, -494
2503, 0
2504, 0
2505, -487
2506, -486
2507, -486
2508, -487
2509, -488
2510, -485
2511, 0
2512, 0
2513, -480
2514, -476
2515, -477
2516, -479
2517, -478
2518, -477
2519, -477
2520, -477
2521, -480
2522, -480
2523, -478
2524, -480
2525, -479
2526, -477
2527, -478
2528, -480
2529, -485
2530, -485
2531, -485
2532, -487
2533, -487
2534, 0
2535, -485
2536, -485
2537, -487
2538, -488
2539, 0
2540, -485
2541, -485
2542, 0
2543, 0
2544, 0
2545, -480
2546, -479
2547, -479
2548, -478
2549, -478
2550, -478
2551, 0
2552, -476
2553, 0
2554, 0
2555, 0
2556, -476
2557, 0
2558, -480
2559, 0
2560, -478
2561, -481
2562, -482
2563, -485
2564, -487
2565, -485
2566, -486
2567, -486
2568, 0
2569, -480
2570, -480
2571, 0
2572, -477
2573, -478
2574, -478
2575, -478
2576, -479
2577, -479
2578, -479
2579, -478
2580, -479
2581, -479
2582, -479
2583, -478
2584, 0
2585, -484
2586, -487
2587, -488
2588, 0
2589, -485
2590, 0
2591, -488
2592, -486
2593, -487
2594, -487
2595, -484
2596, -486
2597, -487
2598, -487
2599, -487
2600, -487
2601, -488
2602, -487
2603, 0
2604, -485
2605, -486
2606, -487
2607, -488
2608, -487
2609, -487
2610, -486
2611, -485
2612, -486
2613, -487
2614, -488
2615, 0
2616, -484
2617, 0
2618, -489
2619, -494
2620, -495
2621, -496
2622, -489
2623, -487
2624, -485
2625, -486
2626, -486
2627, -483
2628, -484
2629, -486
2630, -486
2631, 0
2632, -487
2633, 0
2634, -494
2635, -494
2636, -494
2637, -496
2638, -495
2639, -495
2640, -496
2641, -495
2642, -494
2643, -495
2644, -495
2645, -494
2646, -494
2647, -493
2648, -495
2649, -497
2650, -510
2651, -512
2652, -510
2653, -511
2654, -509
2655, 0
2656, 0
2657, -504
2658, -503
2659, -503
2660, -504
2661, -501
2662, -501
2663, -502
2664, -503
2665, -503
2666, -502
2667, -504
2668, -503
2669, -501
2670, -502
2671, 0
2672, 0
2673, -493
2674, -496
2675, -495
2676, -494
2677, 0
2678, -493
2679, -493
2680, -495
2681, -496
2682, 0
2683, -491
2684, -492
2685, -494
2686, -494
2687, 0
2688, 0
2689, -486
2690, -486
2691, -484
2692, 0
2693, -484
2694, 0
2695, -486
2696, -486
2697, 0
2698, -482
2699, -485
2700, 0
2701, -488
2702, -487
2703, -487
2704, -488
2705, 0
2706, -486
2707, -485
2708, -485
2709, -486
2710, -487
2711, -487
2712, -487
2713, -488
2714, -488
2715, 0
2716, -484
2717, -487
2718, -486
2719, -486
2720, -486
2721, -485
2722, 0
2723, 0
2724, -485
2725, 0
2726, -487
2727, -487
2728, -486
2729, 0
2730, -484
2731, 0
2732, -488
2733, -487
2734, -487
2735, 0
2736, 0
2737, -482
2738, -488
2739, -487
2740, -486
2741, -485
2742, -487
2743, 0
2744, -483
2745, 0
2746, -487
2747, -486
2748, -488
2749, 0
2750, -484
2751, -486
2752, 0
2753, -482
2754, 0
2755, -485
2756, -485
2757, -485
2758, -487
2759, 0
2760, -484
2761, -485
2762, -486
2763, -487
2764, -487
2765, -486
2766, -487
2767, 0
2768, -481
2769, 0
2770, -488
2771, -486
2772, -488
2773, -488
2774, -485
2775, 0
2776, 0
2777, 0
2778, 0
2779, -487
2780, -487
2781, -488
2782, -487
2783, -484
2784, -485
2785, -486
2786, -488
2787, -487
2788, -487
2789, -487
2790, -488
2791, 0
2792, -483
2793, 0
2794, -487
2795, -486
2796, -488
2797, -488
2798, -486
2799, 0
2800, 0
2801, 0
2802, 0
2803, -487
2804, -487
2805, -487
2806, -488
2807, -486
2808, -485
2809, -486
2810, -485
2811, -485
2812, -488
2813, -488
2814, -487
2815, 0
2816, -487
2817, 0
2818, -494
2819, -493
2820, -496
2821, -495
2822, -487
2823, 0
2824, 0
2825, 0
2826, 0
2827, -487
2828, -487
2829, -488
2830, -488
2831, -486
2832, -486
2833, -486
2834, -486
2835, -486
2836, -488
2837, -487
2838, -488
2839, 0
2840, -485
2841, 0
2842, -488
2843, -486
2844, -488
2845, -488
2846, -487
2847, 0
2848, 0
2849, 0
2850, 0
2851, -487
2852, -487
2853, -488
2854, -488
2855, -485
2856, -487
2857, -487
2858, -487
2859, -488
2860, -488
2861, -488
2862, -487
2863, 0
2864, -485
2865, -486
2866, 0
2867, 0
2868, -485
2869, 0
2870, -488
2871, -487
2872, -485
2873, -486
2874, -488
2875, -487
2876, -486
2877, -487
2878, -488
2879, -488
2880, -486
2881, -487
2882, -488
2883, -487
2884, -486
2885, -486
2886, -487
2887, 0
2888, -486
2889, -486
2890, 0
2891, 0
2892, -486
2893, 0
2894, -488
2895, -487
2896, 0
2897, 0
2898, -493
2899, -494
2900, -495
2901, -494
2902, 0
2903, -496
2904, -495
2905, -495
2906, -493
2907, -496
2908, -496
2909, -493
2910, -496
2911, -496
2912, -492
2913, -495
2914, 0
2915, -491
2916, 0
2917, -494
2918, -493
2919, -494
2920, -493
2921, -494
2922, -494
2923, -494
2924, -494
2925, -494
2926, -495
2927, -488
2928, -486
2929, -486
2930, -486
2931, -486
2932, -486
2933, -488
2934, -486
2935, -487
2936, -489
2937, -490
2938, -494
2939, -493
2940, -493
2941, -492
2942, -487
2943, 0
2944, -485
2945, -486
2946, -487
2947, -487
2948, -487
2949, -485
2950, -488
2951, -481
2952, -478
2953, -478
2954, -479
2955, -480
2956, -479
2957, -476
2958, -478
2959, -478
2960, -476
2961, -478
2962, -478
2963, -478
2964, -479
2965, -480
2966, -479
2967, -478
2968, 0
2969, 0
2970, -486
2971, -487
2972, -487
2973, -487
2974, -488
2975, -488
2976, 0
2977, 0
2978, -502
2979, -502
2980, -503
2981, -501
2982, -497
2983, -497
2984, -496
2985, -496
2986, -495
2987, -494
2988, -494
2989, -496
2990, -495
2991, -489
2992, -486
2993, -486
2994, -488
2995, -488
2996, -486
2997, -487
2998, -487
2999, -486
3000, -486
3001, -484
3002, -481
3003, -481
3004, -484
3005, -486
3006, -486
3007, -485
3008, -486
3009, -487
3010, -485
3011, -486
3012, -488
3013, -488
3014, -488
3015, -487
3016, -486
3017, -486
3018, -488
3019, 0
3020, -484
3021, 0
3022, -484
3023, -482
3024, -480
3025, -480
3026, 0
3027, -477
3028, -479
3029, -478
3030, -478
3031, -480
3032, -480
3033, -480
3034, -479
3035, -477
3036, -478
3037, -479
3038, -478
3039, -478
3040, -477
3041, -479
3042, -480
3043, -478
3044, -478
3045, -478
3046, -479
3047, -477
3048, 0
3049, 0
3050, 0
3051, 0
3052, -488
3053, -487
3054, -486
3055, -483
3056, 0
3057, 0
3058, -488
3059, -488
3060, -488
3061, -487
3062, -486
3063, -487
3064, 0
3065, -485
3066, -486
3067, -488
3068, -488
3069, -487
3070, 0
3071, -486
3072, 0
3073, -488
3074, -486
3075, -485
3076, -486
3077, -487
3078, -488
3079, -487
3080, -487
3081, -487
3082, -487
3083, -486
3084, -486
3085, -487
3086, -487
3087, -485
3088, -480
3089, -480
3090, -480
3091, -480
3092, 0
3093, -478
3094, 0
3095, -479
3096, -478
3097, -479
3098, -479
3099, -478
3100, -479
3101, -478
3102, 0
3103, -474
3104, 0
3105, 0
3106, -479
3107, -478
3108, -477
3109, -479
3110, 0
3111, -478
3112, 0
3113, 0
3114, -487
3115, -487
3116, -487
3117, -488
3118, -488
3119, -487
3120, -485
3121, -484
3122, -487
3123, -488
3124, -487
3125, -486
3126, -487
3127, -487
3128, -486
3129, -486
3130, -486
3131, -487
3132, -484
3133, -485
3134, -487
3135, -484
3136, -480
3137, -478
3138, -478
3139, -479
3140, -480
3141, -478
3142, -480
3143, -480
3144, -477
3145, -479
3146, -478
3147, -477
3148, -479
3149, -477
3150, -479
3151, -478
3152, 0
3153, 0
3154, -478
3155, 0
3156, -479
3157, -480
3158, -480
3159, -478
3160, 0
3161, -486
3162, -488
3163, -487
3164, -486
3165, -486
3166, -485
3167, -487
3168, -486
3169, -485
3170, -487
3171, -487
3172, -487
3173, -488
3174, -487
3175, -488
3176, -487
3177, -487
3178, -486
3179, -484
3180, -486
3181, -486
3182, -477
3183, -477
3184, 0
3185, 0
3186, -485
3187, -487
3188, -486
3189, -485
3190, 0
3191, -481
3192, 0
3193, 0
3194, -487
3195, -487
3196, -486
3197, -486
3198, -487
3199, 0
3200, -483
3201, -484
3202, 0
3203, -482
3204, 0
3205, -485
3206, 0
3207, -487
3208, -487
3209, -488
3210, -487
3211, -486
3212, -485
3213, -483
3214, 0
3215, -487
3216, -486
3217, -488
3218, -487
3219, -488
3220, -486
3221, -486
3222, -488
3223, -481
3224, 0
3225, 0
3226, 0
3227, -493
3228, 0
3229, -495
3230, -493
3231, -493
3232, -489
3233, -487
3234, -487
3235, -487
3236, -487
3237, -488
3238, -487
3239, -488
3240, 0
3241, 0
3242, -495
3243, -496
3244, -495
3245, -495
3246, -494
3247, -494
3248, -493
3249, -492
3250, 0
3251, -494
3252, 0
3253, -492
3254, 0
3255, -489
3256, 0
3257, 0
3258, -493
3259, -496
3260, -495
3261, -493
3262, -495
3263, 0
3264, -486
3265, -487
3266, -487
3267, -486
3268, -487
3269, -488
3270, -487
3271, -487
3272, 0
3273, 0
3274, -493
3275, -490
3276, -492
3277, -495
3278, -495
3279, -493
3280, -494
3281, -495
3282, -495
3283, -494
3284, -495
3285, -496
3286, -495
3287, -489
3288, 0
3289, 0
3290, -504
3291, 0
3292, -501
3293, -498
3294, -496
3295, 0
3296, 0
3297, 0
3298, -494
3299, 0
3300, -494
3301, -493
3302, -494
3303, -495
3304, -494
3305, -493
3306, -492
3307, -493
3308, 0
3309, 0
3310, 0
3311, 0
3312, 0
3313, 0
3314, -508
3315, -509
3316, -511
3317, -509
3318, -509
3319, -504
3320, -497
3321, -496
3322, -494
3323, -495
3324, -494
3325, -493
3326, -496
3327, -496
3328, -495
3329, -495
3330, -495
3331, -495
3332, -494
3333, -493
3334, -494
3335, -493
3336, 0
3337, 0
3338, -504
3339, -504
3340, -503
3341, -503
3342, -500
3343, -500
3344, 0
3345, 0
3346, 0
3347, -503
3348, -501
3349, -501
3350, -498
3351, -493
3352, -493
3353, -493
3354, -494
3355, -494
3356, -495
3357, -494
3358, -496
3359, -496
3360, -494
3361, -496
3362, 0
3363, -493
3364, 0
3365, -495
3366, -495
3367, -487
3368, 0
3369, 0
3370, 0
3371, -502
3372, -503
3373, -503
3374, -501
3375, -500
3376, -496
3377, -493
3378, -493
3379, -494
3380, -494
3381, -493
3382, -493
3383, -494
3384, -495
3385, -495
3386, -494
3387, -493
3388, -496
3389, -496
3390, -495
3391, -483
3392, 0
3393, -488
3394, -486
3395, -486
3396, -487
3397, -488
3398, -487
3399, -486
3400, 0
3401, -495
3402, -491
3403, -492
3404, -493
3405, -495
3406, -496
3407, 0
3408, 0
3409, 0
3410, 0
3411, 0
3412, -502
3413, -503
3414, -501
3415, 0
3416, -491
3417, 0
3418, 0
3419, -496
3420, 0
3421, -493
3422, -494
3423, -492
3424, -488
3425, -485
3426, -486
3427, -487
3428, -488
3429, -488
3430, -487
3431, -474
3432, 0
3433, 0
3434, 0
3435, -486
3436, -487
3437, 0
3438, -485
3439, 0
3440, 0
3441, -476
3442, -477
3443, -478
3444, -480
3445, -479
3446, -477
3447, -480
3448, 0
3449, 0
3450, -495
3451, -495
3452, -495
3453, -496
3454, -485
3455, -484
3456, 0
3457, -483
3458, 0
3459, -488
3460, -487
3461, -487
3462, -486
3463, -480
3464, 0
3465, 0
3466, -487
3467, -488
3468, -487
3469, -487
3470, -486
3471, -482
3472, 0
3473, 0
3474, -485
3475, 0
3476, -485
3477, -485
3478, -487
3479, -486
3480, -484
3481, -485
3482, -486
3483, -485
3484, -487
3485, -488
3486, -487
3487, -480
3488, 0
3489, 0
3490, -494
3491, -494
3492, -493
3493, -494
3494, -494
3495, -491
3496, -488
3497, -488
3498, -488
3499, -486
3500, 0
3501, -485
3502, -487
3503, -487
3504, 0
3505, 0
3506, -492
3507, -492
3508, -494
3509, -496
3510, -496
3511, -489
3512, 0
3513, 0
3514, -496
3515, -494
3516, 0
3517, -491
3518, 0
3519, -487
3520, -485
3521, -485
3522, 0
3523, -485
3524, -485
3525, -486
3526, -487
3527, -483
3528, 0
3529, 0
3530, -485
3531, 0
3532, -485
3533, 0
3534, -485
3535, -484
3536, 0
3537, 0
3538, -487
3539, -487
3540, -486
3541, -485
3542, -487
3543, -487
3544, 0
3545, 0
3546, -488
3547, -487
3548, -485
3549, -485
3550, -486
3551, -486
3552, 0
3553, 0
3554, 0
3555, -495
3556, -494
3557, 0
3558, -494
3559, 0
3560, 0
3561, 0
3562, -495
3563, -495
3564, -496
3565, -495
3566, -493
3567, -491
3568, 0
3569, 0
3570, -494
3571, -496
3572, -496
3573, -495
3574, 0
3575, -487
3576, 0
3577, 0
3578, -493
3579, -492
3580, 0
3581, -495
3582, 0
3583, -482
3584, 0
3585, 0
3586, -493
3587, 0
3588, -494
3589, 0
3590, -495
3591, 0
3592, 0
3593, -494
3594, -494
3595, -493
3596, 0
3597, -495
3598, -494
3599, -488
3600, 0
3601, 0
3602, -503
3603, -502
3604, -502
3605, 0
3606, 0
3607, 0
3608, 0
3609, 0
3610, -503
3611, -504
3612, 0
3613, -501
3614, -501
3615, -496
3616, 0
3617, 0
3618, 0
3619, -499
3620, 0
3621, -504
3622, -503
3623, -497
3624, 0
3625, -504
3626, -503
3627, -502
3628, -502
3629, -503
3630, -501
3631, -499
3632, 0
3633, 0
3634, 0
3635, -508
3636, -509
3637, -511
3638, 0
3639, -502
3640, 0
3641, 0
3642, -510
3643, -509
3644, -508
3645, 0
3646, -507
3647, -506
3648, 0
3649, 0
3650, 0
3651, 0
3652, -512
3653, -511
3654, -512
3655, -506
3656, 0
3657, 0
3658, 0
3659, -512
3660, -511
3661, -511
3662, -512
3663, -504
3664, 0
3665, 0
3666, 0
3667, -509
3668, 0
3669, -509
3670, 0
3671, -504
3672, 0
3673, 0
3674, -519
3675, -519
3676, -519
3677, -517
3678, 0
3679, -515
3680, -512
3681, -511
3682, -509
3683, -510
3684, -508
3685, -507
3686, -509
3687, -508
3688, 0
3689, 0
3690, -516
3691, -519
3692, -520
3693, -520
3694, 0
3695, -512
3696, -509
3697, 0
3698, -511
3699, 0
3700, -510
3701, 0
3702, -511
3703, -505
3704, 0
3705, 0
3706, -519
3707, -518
3708, 0
3709, -518
3710, 0
3711, -515
3712, 0
3713, 0
3714, -519
3715, 0
3716, -516
3717, -516
3718, -517
3719, -512
3720, 0
3721, 0
3722, -512
3723, -511
3724, -511
3725, -508
3726, -509
3727, -511
3728, 0
3729, 0
3730, 0
3731, -526
3732, -527
3733, -526
3734, -525
3735, -515
3736, -514
3737, -511
3738, -510
3739, -511
3740, -511
3741, -509
3742, -507
3743, -506
3744, 0
3745, 0
3746, 0
3747, -518
3748, -519
3749, 0
3750, -517
3751, 0
3752, 0
3753, 0
3754, -526
3755, 0
3756, -525
3757, -526
3758, -525
3759, -519
3760, -519
3761, 0
3762, -516
3763, 0
3764, 0
3765, -518
3766, -519
3767, -511
3768, 0
3769, 0
3770, -528
3771, -526
3772, -528
3773, -526
3774, -526
3775, -521
3776, 0
3777, 0
3778, -517
3779, -519
3780, -520
3781, 0
3782, -517
3783, -517
3784, 0
3785, 0
3786, -525
3787, 0
3788, -524
3789, 0
3790, -523
3791, -517
3792, 0
3793, 0
3794, -527
3795, -525
3796, 0
3797, 0
3798, -524
3799, -519
3800, 0
3801, 0
3802, -535
3803, 0
3804, -533
3805, -535
3806, -535
3807, -528
3808, -526
3809, -526
3810, -526
3811, -528
3812, -526
3813, -526
3814, -527
3815, -518
3816, 0
3817, 0
3818, 0
3819, -525
3820, 0
3821, -526
3822, -524
3823, -521
3824, 0
3825, 0
3826, 0
3827, -536
3828, -536
3829, -535
3830, -535
3831, -529
3832, 0
3833, 0
3834, -535
3835, -535
3836, -535
3837, -534
3838, -536
3839, -523
3840, 0
3841, 0
3842, -527
3843, -527
3844, -527
3845, -528
3846, -528
3847, -524
3848, 0
3849, 0
3850, -535
3851, 0
3852, -532
3853, 0
3854, -530
3855, -527
3856, 0
3857, 0
3858, -544
3859, -543
3860, -543
3861, -543
3862, -542
3863, -538
3864, 0
3865, 0
3866, -541
3867, -540
3868, -542
3869, -542
3870, -542
3871, -538
3872, 0
3873, 0
3874, -543
3875, -544
3876, -543
3877, -543
3878, -536
3879, -532
3880, 0
3881, 0
3882, -543
3883, -544
3884, -543
3885, -542
3886, -544
3887, -532
3888, 0
3889, 0
3890, -543
3891, -543
3892, -543
3893, -543
3894, -544
3895, -543
3896, 0
3897, 0
3898, -551
3899, -548
3900, -548
3901, 0
3902, -547
3903, -542
3904, 0
3905, 0
3906, 0
3907, -551
3908, -551
3909, -551
3910, -551
3911, -541
3912, 0
3913, 0
3914, 0
3915, -541
3916, -543
3917, -544
3918, -538
3919, -536
3920, 0
3921, 0
3922, -552
3923, -552
3924, -549
3925, -551
3926, -552
3927, -545
3928, 0
3929, 0
3930, 0
3931, -559
3932, 0
3933, -557
3934, 0
3935, -544
3936, 0
3937, 0
3938, -558
3939, 0
3940, -556
3941, -555
3942, -559
3943, -553
3944, 0
3945, 0
3946, 0
3947, -566
3948, -566
3949, -567
3950, -562
3951, -556
3952, 0
3953, 0
3954, -556
3955, -559
3956, -559
3957, -551
3958, 0
3959, -547
3960, 0
3961, 0
3962, -567
3963, -567
3964, -566
3965, -559
3966, 0
3967, -561
3968, 0
3969, 0
3970, -568
3971, -566
3972, -566
3973, -565
3974, 0
3975, -561
3976, 0
3977, 0
3978, -571
3979, -573
3980, -574
3981, -573
3982, 0
3983, -569
3984, 0
3985, 0
3986, -576
3987, -574
3988, -571
3989, -570
3990, 0
3991, -572
3992, 0
3993, 0
3994, -576
3995, -574
3996, -574
3997, -574
3998, -576
3999, -569
4000, 0
4001, 0
4002, -576
4003, -574
4004, -574
4005, -575
4006, -576
4007, -569
4008, 0
4009, 0
4010, 0
4011, -582
4012, -581
4013, 0
4014, 0
4015, -574
4016, 0
4017, 0
4018, -584
4019, -583
4020, -581
4021, -582
4022, -577
4023, -569
4024, 0
4025, 0
4026, 0
4027, -582
4028, 0
4029, -584
4030, -583
4031, -572
4032, 0
4033, 0
4034, 0
4035, -583
4036, -582
4037, -582
4038, -583
4039, -575
4040, 0
4041, 0
4042, 0
4043, -588
4044, -588
4045, -588
4046, -583
4047, -582
4048, 0
4049, 0
4050, 0
4051, -590
4052, 0
4053, 0
4054, -588
4055, 0
4056, 0
4057, 0
4058, -590
4059, -591
4060, -590
4061, -590
4062, -584
4063, -585
4064, 0
4065, 0
4066, 0
4067, 0
4068, -594
4069, -594
4070, -595
4071, -588
4072, 0
4073, 0
4074, -597
4075, -598
4076, 0
4077, -597
4078, 0
4079, -591
4080, 0
4081, 0
4082, -598
4083, -598
4084, -598
4085, -597
4086, -596
4087, -588
4088, 0
4089, 0
4090, -598
4091, 0
4092, -600
4093, -599
4094, -598
4095, -591
4096, 0
4097, 0
4098, 0
4099, -606
4100, -606
4101, 0
4102, -603
4103, 0
4104, 0
4105, 0
4106, -607
4107, -605
4108, -607
4109, -607
4110, -607
4111, -595
4112, 0
4113, 0
4114, -607
4115, -607
4116, -607
4117, -607
4118, -607
4119, -595
4120, 0
4121, 0
4122, -607
4123, -606
4124, -604
4125, -606
4126, -607
4127, -597
4128, 0
4129, 0
4130, -605
4131, -607
4132, -607
4133, -605
4134, 0
4135, -596
4136, 0
4137, 0
4138, -607
4139, -606
4140, -605
4141, -603
4142, 0
4143, -595
4144, 0
4145, 0
4146, 0
4147, -616
4148, -615
4149, -612
4150, 0
4151, -605
4152, 0
4153, 0
4154, -615
4155, -615
4156, -614
4157, -613
4158, -613
4159, -612
4160, 0
4161, 0
4162, -629
4163, -628
4164, -628
4165, -627
4166, 0
4167, -619
4168, 0
4169, 0
4170, -632
4171, -630
4172, 0
4173, -629
4174, 0
4175, -623
4176, 0
4177, 0
4178, 0
4179, -636
4180, -638
4181, -631
4182, 0
4183, -626
4184, 0
4185, 0
4186, 0
4187, -647
4188, -647
4189, -648
4190, -643
4191, -634
4192, 0
4193, 0
4194, -654
4195, -653
4196, -652
4197, -654
4198, 0
4199, -646
4200, 0
4201, 0
4202, 0
4203, -647
4204, -648
4205, -646
4206, -647
4207, -643
4208, 0
4209, 0
4210, 0
4211, -664
4212, -664
4213, -663
4214, -664
4215, -656
4216, 0
4217, 0
4218, -664
4219, -662
4220, -661
4221, -664
4222, -662
4223, -653
4224, 0
4225, 0
4226, -669
4227, -671
4228, -670
4229, -669
4230, -670
4231, -653
4232, 0
4233, 0
4234, 0
4235, -677
4236, 0
4237, 0
4238, -680
4239, -673
4240, 0
4241, 0
4242, -687
4243, -688
4244, -686
4245, -688
4246, -687
4247, -672
4248, 0
4249, 0
4250, -694
4251, -696
4252, -694
4253, -694
4254, -686
4255, -681
4256, 0
4257, 0
4258, 0
4259, 0
4260, -685
4261, -677
4262, -677
4263, -677
4264, 0
4265, 0
4266, -710
4267, -710
4268, -710
4269, -710
4270, 0
4271, -689
4272, 0
4273, 0
4274, -703
4275, -701
4276, -701
4277, -703
4278, -702
4279, -695
4280, 0
4281, 0
4282, 0
4283, -709
4284, -710
4285, -712
4286, 0
4287, -696
4288, 0
4289, 0
4290, 0
4291, -712
4292, -711
4293, -709
4294, 0
4295, -698
4296, 0
4297, 0
4298, 0
4299, 0
4300, -716
4301, 0
4302, -720
4303, -711
4304, 0
4305, 0
4306, -741
4307, -742
4308, -742
4309, -742
4310, 0
4311, -722
4312, 0
4313, 0
4314, -736
4315, -733
4316, -732
4317, -733
4318, -736
4319, -732
4320, 0
4321, 0
4322, -751
4323, -750
4324, -751
4325, -750
4326, -749
4327, -740
4328, 0
4329, 0
4330, -756
4331, -759
4332, -758
4333, -759
4334, -759
4335, -748
4336, 0
4337, 0
4338, 0
4339, -765
4340, 0
4341, -768
4342, -761
4343, -755
4344, 0
4345, 0
4346, 0
4347, -780
4348, -782
4349, -780
4350, -775
4351, -768
4352, 0
4353, 0
4354, -799
4355, -797
4356, -798
4357, -799
4358, -799
4359, -785
4360, 0
4361, 0
4362, 0
4363, -816
4364, -815
4365, -812
4366, -808
4367, -807
4368, 0
4369, 0
4370, -831
4371, -831
4372, -831
4373, -829
4374, 0
4375, -825
4376, 0
4377, 0
4378, -856
4379, -856
4380, -855
4381, -854
4382, 0
4383, -846
4384, 0
4385, 0
4386, 0
4387, -861
4388, -863
4389, -863
4390, -863
4391, -858
4392, 0
4393, 0
4394, 0
4395, 0
4396, -885
4397, -881
4398, -880
4399, -881
4400, 0
4401, 0
4402, 0
4403, -917
4404, -914
4405, -913
4406, 0
4407, -909
4408, 0
4409, 0
4410, 0
4411, -930
4412, 0
4413, -935
4414, -933
4415, -933
4416, 0
4417, 0
4418, 0
4419, -968
4420, -967
4421, -965
4422, 0
4423, -960
4424, 0
4425, 0
4426, -999
4427, -997
4428, -998
4429, -997
4430, 0
4431, -998
4432, 0
4433, 0
4434, 0
4435, -1021
4436, -1022
4437, -1023
4438, -1022
4439, -1010
4440, 0
4441, 0
4442, 0
4443, -1029
4444, -1030
4445, -1032
4446, -1032
4447, -1020
4448, 0
4449, 0
4450, 0
4451, -1048
4452, -1047
4453, -1044
4454, 0
4455, -1046
4456, 0
4457, 0
4458, 0
4459, 0
4460, -1084
4461, -1085
4462, -1087
4463, -1081
4464, 0
4465, 0
4466, 0
4467, -1108
4468, 0
4469, 0
4470, -1107
4471, -1105
4472, 0
4473, 0
4474, 0
4475, -1168
4476, -1167
4477, -1168
4478, -1167
4479, -1163
4480, 0
4481, 0
4482, 0
4483, 0
4484, -1199
4485, -1197
4486, 0
4487, -1196
4488, 0
4489, 0
4490, 0
4491, -1232
4492, -1230
4493, -1231
4494, -1231
4495, -1225
4496, 0
4497, 0
4498, -1264
4499, -1264
4500, -1264
4501, -1264
4502, -1264
4503, -1261
4504, 0
4505, 0
4506, 0
4507, -1288
4508, -1288
4509, -1287
4510, -1286
4511, -1282
4512, 0
4513, 0
4514, 0
4515, 0
4516, -1326
4517, -1324
4518, 0
4519, -1314
4520, 0
4521, 0
4522, -1374
4523, -1374
4524, -1374
4525, -1376
4526, -1375
4527, -1371
4528, 0
4529, 0
4530, 0
4531, -1439
4532, -1439
4533, -1438
4534, -1439
4535, -1435
4536, 0
4537, 0
4538, 0
4539, -1495
4540, -1495
4541, -1494
4542, -1495
4543, -1484
4544, 0
4545, 0
4546, 0
4547, -1559
4548, -1558
4549, -1558
4550, 0
4551, -1558
4552, 0
4553, 0
4554, 0
4555, -1646
4556, -1646
4557, -1646
4558, 0
4559, -1637
4560, 0
4561, 0
4562, 0
4563, 0
4564, 0
4565, 0
4566, 0
4567, 0
4568, 0
4569, 0
4570, 0
4571, 0
4572, 32
4573, 34
4574, 34
4575, 33
4576, 0
4577, 0
