0, 0
1, 0
2, 0
3, 0
4, 0
5, 0
6, 0
7, 0
8, 0
9, 0
10, 0
11, 0
12, 0
13, 0
14, 0
15, 0
16, 0
17, 0
18, 0
19, 0
20, 0
21, 0
22, 0
23, 0
24, 0
25, 0
26, 0
27, 0
28, 0
29, 0
30, 0
31, 0
32, 0
33, 0
34, 0
35, 0
36, 0
37, 0
38, 0
39, 0
40, 0
41, 0
42, 0
43, 0
44, 0
45, 0
46, 0
47, 0
48, 0
49, 0
50, 0
51, 0
52, 0
53, 0
54, 0
55, 0
56, 0
57, 0
58, 0
59, 0
60, 0
61, 0
62, 0
63, 0
64, 0
65, 0
66, 0
67, 0
68, 0
69, 0
70, 0
71, 0
72, 0
73, 0
74, 0
75, 0
76, 0
77, 0
78, 0
79, 0
80, 0
81, 0
82, 0
83, 0
84, 0
85, 0
86, 0
87, 0
88, 0
89, 0
90, 0
91, 0
92, 0
93, 0
94, 0
95, 0
96, 0
97, 0
98, 0
99, 0
100, 0
101, 0
102, 0
103, 0
104, 0
105, 0
106, 0
107, 0
108, 0
109, 0
110, 0
111, 0
112, 0
113, 0
114, 0
115, 0
116, 0
117, 0
118, 0
119, 0
120, 0
121, 0
122, 0
123, 0
124, 0
125, 0
126, 0
127, 0
128, 0
129, 0
130, 0
131, 0
132, 0
133, 0
134, 0
135, 0
136, 0
137, 0
138, 0
139, 0
140, 0
141, 0
142, 0
143, 0
144, 0
145, 0
146, 0
147, 0
148, 0
149, 0
150, 0
151, 0
152, 0
153, 0
154, 0
155, 0
156, 0
157, 0
158, 0
159, 0
160, 0
161, 0
162, 0
163, 0
164, 0
165, 0
166, 0
167, 0
168, 0
169, 0
170, 0
171, 0
172, 0
173, 0
174, 0
175, 0
176, 0
177, 0
178, 0
179, 0
180, 0
181, 0
182, 0
183, 0
184, 0
185, 0
186, 0
187, 0
188, 0
189, 0
190, 0
191, 0
192, 0
193, 0
194, 0
195, 0
196, 0
197, 0
198, 0
199, 0
200, 0
201, 0
202, 0
203, 0
204, 0
205, 0
206, 0
207, 0
208, 0
209, 0
210, 0
211, 0
212, 0
213, 0
214, 0
215, 0
216, 0
217, 0
218, 0
219, 0
220, 0
221, 0
222, 0
223, 0
224, 0
225, 0
226, 0
227, 0
228, 0
229, 0
230, 0
231, 0
232, 0
233, 0
234, 0
235, 0
236, 0
237, 0
238, 0
239, 0
240, 0
241, 0
242, 0
243, 0
244, 0
245, 0
246, 0
247, 0
248, 0
249, 0
250, 0
251, 0
252, 0
253, 0
254, 0
255, 0
256, 0
257, 0
258, 0
259, 0
260, 0
261, 0
262, 0
263, 0
264, 0
265, 0
266, 0
267, 0
268, 0
269, 0
270, 0
271, 0
272, 0
273, 0
274, 0
275, 0
276, 0
277, 0
278, 0
279, 0
280, 0
281, 0
282, 0
283, 0
284, 0
285, 0
286, 0
287, 0
288, 0
289, 0
290, 0
291, 0
292, 0
293, 0
294, 0
295, 0
296, 0
297, 0
298, 0
299, 0
300, 0
301, 0
302, 0
303, 0
304, 0
305, 0
306, 0
307, 0
308, 0
309, 0
310, 0
311, 0
312, 0
313, 0
314, 0
315, 0
316, 0
317, 0
318, 0
319, 0
320, 0
321, 0
322, 0
323, 0
324, 0
325, 0
326, 0
327, 0
328, 0
329, 0
330, 0
331, 0
332, 0
333, 0
334, 0
335, 0
336, 0
337, 0
338, 0
339, 0
340, 0
341, 0
342, 0
343, 0
344, 0
345, 0
346, 0
347, 0
348, 0
349, 0
350, 0
351, 0
352, 0
353, 0
354, 0
355, 0
356, 0
357, 0
358, 0
359, 0
360, 0
361, 0
362, 0
363, 0
364, 0
365, 0
366, 0
367, 0
368, 0
369, 0
370, 0
371, 0
372, 0
373, 0
374, 0
375, 0
376, 0
377, 0
378, 0
379, 0
380, 0
381, 0
382, 0
383, 0
384, 0
385, 0
386, 0
387, 0
388, 0
389, 0
390, 0
391, 0
392, 0
393, 0
394, 0
395, 0
396, 0
397, 0
398, 0
399, 0
400, 0
401, 0
402, 0
403, 0
404, 0
405, 0
406, 0
407, 0
408, 0
409, 0
410, 0
411, 0
412, 0
413, 0
414, 0
415, 0
416, 0
417, 0
418, 0
419, 0
420, 0
421, 0
422, 0
423, 0
424, 0
425, 0
426, 0
427, 0
428, 0
429, 0
430, 0
431, 0
432, 0
433, 0
434, 0
435, 0
436, 0
437, 0
438, 0
439, 0
440, 0
441, 0
442, 0
443, 0
444, 0
445, 0
446, 0
447, 0
448, 0
449, 0
450, 0
451, 0
452, 0
453, 0
454, 0
455, 0
456, 0
457, 0
458, 0
459, 0
460, 0
461, 0
462, 0
463, 0
464, 0
465, 0
466, 0
467, 0
468, 0
469, 0
470, 0
471, 0
472, 0
473, 0
474, 0
475, 0
476, 0
477, 0
478, 0
479, 0
480, 0
481, 0
482, 0
483, 0
484, 0
485, 0
486, 0
487, 0
488, 0
489, 0
490, 0
491, 0
492, 0
493, 0
494, 0
495, 0
496, 0
497, 0
498, 0
499, 0
500, 0
501, 0
502, 0
503, 0
504, 0
505, 0
506, 0
507, 0
508, 0
509, 0
510, 0
511, 0
512, 0
513, 0
514, 0
515, 0
516, 0
517, 0
518, 0
519, 0
520, 0
521, 0
522, 0
523, 0
524, 0
525, 0
526, 0
527, 0
528, 0
529, 0
530, 0
531, 0
532, 0
533, 0
534, 0
535, 0
536, 0
537, 0
538, 0
539, 0
540, 0
541, 0
542, 0
543, 0
544, 0
545, 0
546, 0
547, 0
548, 0
549, 0
550, 0
551, 0
552, 0
553, 0
554, 0
555, 0
556, 0
557, 0
558, 0
559, 0
560, 0
561, 0
562, 0
563, 0
564, 0
565, 0
566, 0
567, 0
568, 0
569, 0
570, 0
571, 0
572, 0
573, 0
574, 0
575, 0
576, 0
577, 0
578, 0
579, 0
580, 0
581, 0
582, 0
583, 0
584, 0
585, 0
586, 0
587, 0
588, 0
589, 0
590, 0
591, 0
592, 0
593, 0
594, 0
595, 0
596, 0
597, 0
598, 0
599, 0
600, 0
601, 0
602, 0
603, 0
604, 0
605, 0
606, 0
607, 0
608, 0
609, 0
610, 0
611, 0
612, 0
613, 0
614, 0
615, 0
616, 0
617, 0
618, 0
619, 0
620, 0
621, 0
622, 0
623, 0
624, 0
625, 0
626, 0
627, 0
628, 0
629, 0
630, 0
631, 0
632, 0
633, 0
634, 0
635, 0
636, 0
637, 0
638, 0
639, 0
640, 0
641, 0
642, 0
643, 0
644, 0
645, 0
646, 0
647, 0
648, 0
649, 0
650, 0
651, 0
652, 0
653, 0
654, 0
655, 0
656, 0
657, 0
658, 0
659, 0
660, 0
661, 0
662, 0
663, 0
664, 0
665, 0
666, 0
667, 0
668, 0
669, 0
670, 0
671, 0
672, 0
673, 0
674, 0
675, 0
676, 0
677, 0
678, 0
679, 0
680, 0
681, 0
682, 0
683, 0
684, 0
685, 0
686, 0
687, 0
688, 0
689, 0
690, 0
691, 0
692, 0
693, 0
694, 0
695, 0
696, 0
697, 0
698, 0
699, 0
700, 0
701, 0
702, 0
703, 0
704, 0
705, 0
706, 0
707, 0
708, 0
709, 0
710, 0
711, 0
712, 0
713, 0
714, 0
715, 0
716, 0
717, 0
718, 0
719, 0
720, 0
721, 0
722, 0
723, 0
724, 0
725, 0
726, 0
727, 0
728, 0
729, 0
730, 0
731, 0
732, 0
733, 0
734, 0
735, 0
736, 0
737, 0
738, 0
739, 0
740, 0
741, 0
742, 0
743, 0
744, 0
745, 0
746, 0
747, 0
748, 0
749, 0
750, 0
751, 0
752, 0
753, 0
754, 0
755, 0
756, 0
757, 0
758, 0
759, 0
760, 0
761, 0
762, 0
763, 0
764, 0
765, 0
766, 0
767, 0
768, 0
769, 0
770, 0
771, 0
772, 0
773, 0
774, 0
775, 0
776, 0
777, 0
778, 0
779, 0
780, 0
781, 0
782, 0
783, 0
784, 0
785, 0
786, 0
787, 0
788, 0
789, 0
790, 0
791, 0
792, 0
793, 0
794, 0
795, 0
796, 0
797, 0
798, 0
799, 0
800, 0
801, 0
802, 0
803, 0
804, 0
805, 0
806, 0
807, 0
808, 0
809, 0
810, 0
811, 0
812, 0
813, 0
814, 0
815, 0
816, 0
817, 0
818, 0
819, 0
820, 0
821, 0
822, 0
823, 0
824, 0
825, 0
826, 0
827, 0
828, 0
829, 0
830, 0
831, 0
832, 0
833, 0
834, 0
835, 0
836, 0
837, 0
838, 0
839, 0
840, 0
841, 0
842, 0
843, 0
844, 0
845, 0
846, 0
847, 0
848, 0
849, 0
850, 0
851, 0
852, 0
853, 0
854, 0
855, 0
856, 0
857, 0
858, 0
859, 0
860, 0
861, 0
862, 0
863, 0
864, 0
865, 0
866, 0
867, 0
868, 0
869, 0
870, 0
871, 0
872, 0
873, 0
874, 0
875, 0
876, 0
877, 0
878, 0
879, 0
880, 0
881, 0
882, 0
883, 0
884, 0
885, 0
886, 0
887, 0
888, 0
889, 0
890, 0
891, 0
892, 0
893, 0
894, 0
895, 0
896, 0
897, 0
898, 0
899, 0
900, 0
901, 0
902, 0
903, 0
904, 0
905, 0
906, 0
907, 0
908, 0
909, 0
910, 0
911, 0
912, 0
913, 0
914, 0
915, 0
916, 0
917, 0
918, 0
919, 0
920, 0
921, 0
922, 0
923, 0
924, 0
925, 0
926, 0
927, 0
928, 0
929, 0
930, 0
931, 0
932, 0
933, 0
934, 0
935, 0
936, 0
937, 0
938, 0
939, 0
940, 0
941, 0
942, 0
943, 0
944, 0
945, 0
946, 0
947, 0
948, 0
949, 0
950, 0
951, 0
952, 0
953, 0
954, 0
955, 0
956, 0
957, 0
958, 0
959, 0
960, 0
961, 0
962, 0
963, 0
964, 0
965, 0
966, 0
967, 0
968, 0
969, 0
970, 0
971, 0
972, 0
973, 0
974, 0
975, 0
976, 0
977, 0
978, 0
979, 0
980, 0
981, 0
982, 0
983, 0
984, 0
985, 0
986, 0
987, 0
988, 0
989, 0
990, 0
991, 0
992, 0
993, 0
994, 0
995, 0
996, 0
997, 0
998, 0
999, 0
1000, 0
1001, 0
1002, 0
1003, 0
1004, 0
1005, 0
1006, 0
1007, 0
1008, 0
1009, 0
1010, 0
1011, 0
1012, 0
1013, 0
1014, 0
1015, 0
1016, 0
1017, 0
1018, 0
1019, 0
1020, 0
1021, 0
1022, 0
1023, 0
1024, 0
1025, 0
1026, 0
1027, 0
1028, 0
1029, 0
1030, 0
1031, 0
1032, 0
1033, 0
1034, 0
1035, 0
1036, 0
1037, 0
1038, 0
1039, 0
1040, 0
1041, 0
1042, 0
1043, 0
1044, 0
1045, 0
1046, 0
1047, 0
1048, 0
1049, 0
1050, 0
1051, 0
1052, 0
1053, 0
1054, 0
1055, 0
1056, 0
1057, 0
1058, 0
1059, 0
1060, 0
1061, 0
1062, 0
1063, 0
1064, 0
1065, 0
1066, 0
1067, 0
1068, 0
1069, 0
1070, 0
1071, 0
1072, 0
1073, 0
1074, 0
1075, 0
1076, 0
1077, 0
1078, 0
1079, 0
1080, 0
1081, 0
1082, 0
1083, 0
1084, 0
1085, 0
1086, 0
1087, -130
1088, -83
1089, -85
1090, -124
1091, -125
1092, 0
1093, -90
1094, 0
1095, -80
1096, 0
1097, 0
1098, -78
1099, -62
1100, 0
1101, -54
1102, -55
1103, -55
1104, -55
1105, -50
1106, -49
1107, -44
1108, -33
1109, -33
1110, -41
1111, -36
1112, 0
1113, 0
1114, -38
1115, -39
1116, -33
1117, -28
1118, -22
1119, -30
1120, 0
1121, 0
1122, 0
1123, -27
1124, -30
1125, -21
1126, 0
1127, -28
1128, -25
1129, -25
1130, -16
1131, -15
1132, -25
1133, -25
1134, -27
1135, -24
1136, 0
1137, 0
1138, 0
1139, -29
1140, -26
1141, -21
1142, -23
1143, -26
1144, 0
1145, 0
1146, -22
1147, -17
1148, -17
1149, -17
1150, 0
1151, -17
1152, 0
1153, 0
1154, 0
1155, 0
1156, 0
1157, -19
1158, 0
1159, -16
1160, 0
1161, 0
1162, -22
1163, -23
1164, 0
1165, 0
1166, 0
1167, 0
1168, 0
1169, 0
1170, 0
1171, -20
1172, -19
1173, -17
1174, -20
1175, 0
1176, 0
1177, 0
1178, -11
1179, -12
1180, -8
1181, -9
1182, -9
1183, -9
1184, 0
1185, 0
1186, -7
1187, -8
1188, -7
1189, -7
1190, 0
1191, 0
1192, 0
1193, 0
1194, -19
1195, -19
1196, -17
1197, -17
1198, -19
1199, -18
1200, 0
1201, 0
1202, -17
1203, -18
1204, -17
1205, -17
1206, -15
1207, -15
1208, 0
1209, 0
1210, -10
1211, -10
1212, -9
1213, -11
1214, -10
1215, -8
1216, 0
1217, 0
1218, -8
1219, -11
1220, -10
1221, -10
1222, 0
1223, -12
1224, 0
1225, 0
1226, -18
1227, -18
1228, -20
1229, -21
1230, -18
1231, -19
1232, 0
1233, 0
1234, -21
1235, -21
1236, -24
1237, -21
1238, -22
1239, -24
1240, 0
1241, 0
1242, 0
1243, 0
1244, 0
1245, -24
1246, 0
1247, -24
1248, 0
1249, 0
1250, -21
1251, -22
1252, -23
1253, -23
1254, 0
1255, -20
1256, 0
1257, 0
1258, -21
1259, -22
1260, -22
1261, -25
1262, 0
1263, -19
1264, 0
1265, 0
1266, -12
1267, -13
1268, -14
1269, -14
1270, 0
1271, 0
1272, 0
1273, 0
1274, -20
1275, -19
1276, -17
1277, -17
1278, -18
1279, 0
1280, 0
1281, 0
1282, 0
1283, -21
1284, -20
1285, -21
1286, -19
1287, -20
1288, 0
1289, 0
1290, -19
1291, -20
1292, -18
1293, -17
1294, -18
1295, -18
1296, 0
1297, 0
1298, -20
1299, -19
1300, -20
1301, -18
1302, -17
1303, -20
1304, 0
1305, 0
1306, 0
1307, -18
1308, 0
1309, -21
1310, 0
1311, -16
1312, 0
1313, -16
1314, 0
1315, -17
1316, -19
1317, -18
1318, -18
1319, -19
1320, 0
1321, 0
1322, 0
1323, -19
1324, -18
1325, -19
1326, -18
1327, -18
1328, 0
1329, 0
1330, 0
1331, -23
1332, -19
1333, -17
1334, -16
1335, -16
1336, 0
1337, 0
1338, 0
1339, -11
1340, 0
1341, -18
1342, 0
1343, -22
1344, 0
1345, 0
1346, -20
1347, -21
1348, -24
1349, -23
1350, -22
1351, -20
1352, 0
1353, 0
1354, 0
1355, -24
1356, -23
1357, -20
1358, -21
1359, -19
1360, 0
1361, 0
1362, 0
1363, -19
1364, -20
1365, -19
1366, -23
1367, -23
1368, 0
1369, 0
1370, -29
1371, -30
1372, -31
1373, -30
1374, 0
1375, -30
1376, 0
1377, 0
1378, -18
1379, -20
1380, -19
1381, -18
1382, -20
1383, -20
1384, 0
1385, 0
1386, -22
1387, -21
1388, -19
1389, -20
1390, -22
1391, -22
1392, 0
1393, 0
1394, -30
1395, -28
1396, -28
1397, -27
1398, 0
1399, -27
1400, 0
1401, 0
1402, 0
1403, -13
1404, -9
1405, -10
1406, -10
1407, -10
1408, 0
1409, 0
1410, -11
1411, -11
1412, 0
1413, -10
1414, -11
1415, -11
1416, 0
1417, 0
1418, -16
1419, -14
1420, -10
1421, -7
1422, 0
1423, 0
1424, 0
1425, 0
1426, 2
1427, 1
1428, 2
1429, 3
1430, 3
1431, 3
1432, 0
1433, 0
1434, 0
1435, 0
1436, 0
1437, 0
1438, 1
1439, 1
1440, 0
1441, 0
1442, -16
1443, -16
1444, -16
1445, -16
1446, 0
1447, 0
1448, 0
1449, 0
1450, 0
1451, -8
1452, 0
1453, -13
1454, 0
1455, -9
1456, 0
1457, 0
1458, -10
1459, -8
1460, -11
1461, -13
1462, 0
1463, -12
1464, 0
1465, -20
1466, -20
1467, -20
1468, -19
1469, -17
1470, -20
1471, -18
1472, 0
1473, 0
1474, 0
1475, -20
1476, -19
1477, -20
1478, -18
1479, -19
1480, 0
1481, 0
1482, -19
1483, -22
1484, -21
1485, -20
1486, -21
1487, -20
1488, 0
1489, 0
1490, 0
1491, -20
1492, 0
1493, -15
1494, 0
1495, -19
1496, 0
1497, 0
1498, 0
1499, -18
1500, 0
1501, -22
1502, 0
1503, -19
1504, 0
1505, 0
1506, 0
1507, 0
1508, 0
1509, -17
1510, 0
1511, -21
1512, 0
1513, 0
1514, -18
1515, 0
1516, -17
1517, -19
1518, -18
1519, -17
1520, 0
1521, 0
1522, 0
1523, -19
1524, -20
1525, -20
1526, -18
1527, -20
1528, 0
1529, 0
1530, -18
1531, -18
1532, -18
1533, -16
1534, 0
1535, 0
1536, 0
1537, 0
1538, -9
1539, -9
1540, -9
1541, -11
1542, 0
1543, -9
1544, 0
1545, 0
1546, -8
1547, -9
1548, -10
1549, -10
1550, 0
1551, -5
1552, 0
1553, 0
1554, 0
1555, -11
1556, -8
1557, -7
1558, -8
1559, -6
1560, 0
1561, 0
1562, -8
1563, -7
1564, -5
1565, -4
1566, -4
1567, -5
1568, 0
1569, 0
1570, -4
1571, -5
1572, -6
1573, -6
1574, -7
1575, -6
1576, 0
1577, 0
1578, 4
1579, 3
1580, 3
1581, 4
1582, 4
1583, 3
1584, 0
1585, 0
1586, 4
1587, 3
1588, 3
1589, 5
1590, 6
1591, 6
1592, 0
1593, 0
1594, 0
1595, -3
1596, 0
1597, -3
1598, 0
1599, -1
1600, 0
1601, 0
1602, 0
1603, 0
1604, -7
1605, 0
1606, 0
1607, -1
1608, 0
1609, 0
1610, 0
1611, -7
1612, -6
1613, -5
1614, 0
1615, -9
1616, 0
1617, 0
1618, -4
1619, -4
1620, -7
1621, -7
1622, -6
1623, -4
1624, 0
1625, 0
1626, -1
1627, -3
1628, -2
1629, 1
1630, 0
1631, 2
1632, 0
1633, 0
1634, -5
1635, -6
1636, -7
1637, -5
1638, -6
1639, -6
1640, 0
1641, 0
1642, 1
1643, 2
1644, 0
1645, 2
1646, 0
1647, 3
1648, 0
1649, 0
1650, 17
1651, 19
1652, 18
1653, 19
1654, 21
1655, 21
1656, 0
1657, 0
1658, 0
1659, 17
1660, 19
1661, 20
1662, 20
1663, 19
1664, 0
1665, 0
1666, 26
1667, 26
1668, 26
1669, 28
1670, 27
1671, 27
1672, 0
1673, 24
1674, 0
1675, 26
1676, 26
1677, 27
1678, 27
1679, 27
1680, 0
1681, 0
1682, 20
1683, 20
1684, 19
1685, 20
1686, 19
1687, 19
1688, 0
1689, 0
1690, 21
1691, 21
1692, 20
1693, 21
1694, 19
1695, 21
1696, 0
1697, 0
1698, 30
1699, 30
1700, 30
1701, 29
1702, 28
1703, 28
1704, 0
1705, 0
1706, 0
1707, 31
1708, 29
1709, 27
1710, 27
1711, 0
1712, 0
1713, 0
1714, 14
1715, 14
1716, 14
1717, 14
1718, 12
1719, 12
1720, 0
1721, 0
1722, 28
1723, 26
1724, 24
1725, 23
1726, 0
1727, 23
1728, 0
1729, 0
1730, 27
1731, 27
1732, 28
1733, 29
1734, 27
1735, 28
1736, 0
1737, 0
1738, 0
1739, 36
1740, 34
1741, 35
1742, 37
1743, 37
1744, 0
1745, 0
1746, 45
1747, 30
1748, 30
1749, 29
1750, 0
1751, 0
1752, 0
1753, 0
1754, 26
1755, 26
1756, 26
1757, 25
1758, 24
1759, 24
1760, 0
1761, 0
1762, 0
1763, 24
1764, 26
1765, 28
1766, 27
1767, 28
1768, 27
1769, 28
1770, 29
1771, 28
1772, 27
1773, 28
1774, 30
1775, 29
1776, 0
1777, 0
1778, 29
1779, 0
1780, 31
1781, 31
1782, 31
1783, 29
1784, 0
1785, 0
1786, 32
1787, 0
1788, 29
1789, 33
1790, 35
1791, 34
1792, 0
1793, 29
1794, 0
1795, 32
1796, 0
1797, 29
1798, 30
1799, 30
1800, 30
1801, 33
1802, 0
1803, 36
1804, 0
1805, 36
1806, 36
1807, 36
1808, 0
1809, 0
1810, 36
1811, 36
1812, 37
1813, 46
1814, 46
1815, 47
1816, 0
1817, 0
1818, 27
1819, 22
1820, 15
1821, 10
1822, 0
1823, 5
1824, 4
1825, 0
1826, 2
1827, 3
1828, 2
1829, 3
1830, 3
1831, 4
1832, 0
1833, 0
1834, -1
1835, -1
1836, -1
1837, 2
1838, 2
1839, 0
1840, 6
1841, 0
1842, 3
1843, 3
1844, 2
1845, 3
1846, 4
1847, 2
1848, 0
1849, 0
1850, 0
1851, 0
1852, 0
1853, 0
1854, 0
1855, 0
1856, 0
1857, 0
1858, 0
1859, 0
1860, 0
1861, 0
1862, 0
1863, 0
1864, 0
1865, 0
1866, 7
1867, 0
1868, 9
1869, 10
1870, 9
1871, 9
1872, 0
1873, 0
1874, 0
1875, 11
1876, 13
1877, 13
1878, 11
1879, 11
1880, 11
1881, 0
1882, 6
1883, 0
1884, 0
1885, 9
1886, 9
1887, 9
1888, 0
1889, 0
1890, 0
1891, 1
1892, 1
1893, 1
1894, 0
1895, 0
1896, 0
1897, 0
1898, 0
1899, -24
1900, -25
1901, -22
1902, 0
1903, -24
1904, 0
1905, 0
1906, 0
1907, 0
1908, 1
1909, 2
1910, 1
1911, 0
1912, 0
1913, 0
1914, 6
1915, 8
1916, 8
1917, 7
1918, 7
1919, 8
1920, 0
1921, 0
1922, 7
1923, 8
1924, 7
1925, 7
1926, 8
1927, 7
1928, 8
1929, 7
1930, 7
1931, 8
1932, 8
1933, 7
1934, 8
1935, 7
1936, 0
1937, 0
1938, -1
1939, -1
1940, -2
1941, -2
1942, 1
1943, -1
1944, 0
1945, 0
1946, 6
1947, 0
1948, 4
1949, 0
1950, 8
1951, 7
1952, 0
1953, 0
1954, 0
1955, 0
1956, 0
1957, 0
1958, -2
1959, 0
1960, -1
1961, -1
1962, 0
1963, -2
1964, 0
1965, -2
1966, -2
1967, -3
1968, 0
1969, 0
1970, -10
1971, 0
1972, -6
1973, -9
1974, -9
1975, -8
1976, 0
1977, 0
1978, -1
1979, -1
1980, -1
1981, 0
1982, -2
1983, -2
1984, 0
1985, 0
1986, -9
1987, -7
1988, 0
1989, -10
1990, 0
1991, 0
1992, -9
1993, 0
1994, -9
1995, -9
1996, -9
1997, -10
1998, -9
1999, -8
2000, 0
2001, 0
2002, 0
2003, -8
2004, -10
2005, -10
2006, -9
2007, -9
2008, -9
2009, -9
2010, -8
2011, -9
2012, -9
2013, -9
2014, -9
2015, -9
2016, 0
2017, 0
2018, -9
2019, -9
2020, -7
2021, -7
2022, 0
2023, 0
2024, -7
2025, -8
2026, -8
2027, 0
2028, -9
2029, -7
2030, -10
2031, -9
2032, -8
2033, -8
2034, -9
2035, -10
2036, -8
2037, -8
2038, -9
2039, -9
2040, 0
2041, 0
2042, -9
2043, -11
2044, -10
2045, -9
2046, -10
2047, -10
2048, -10
2049, -10
2050, -10
2051, -10
2052, 0
2053, -9
2054, -10
2055, -9
2056, 0
2057, 0
2058, -10
2059, -9
2060, -11
2061, -10
2062, -9
2063, -8
2064, -7
2065, -8
2066, -9
2067, -9
2068, -9
2069, -10
2070, -9
2071, -8
2072, 0
2073, 0
2074, -17
2075, -17
2076, -18
2077, -17
2078, -17
2079, 0
2080, 0
2081, 0
2082, 0
2083, -6
2084, 0
2085, -7
2086, -7
2087, -8
2088, -8
2089, -8
2090, 0
2091, -9
2092, 0
2093, -9
2094, -10
2095, -9
2096, 0
2097, 0
2098, 0
2099, -9
2100, -9
2101, -9
2102, -7
2103, -8
2104, -7
2105, -7
2106, -8
2107, -9
2108, -10
2109, -9
2110, -10
2111, -11
2112, -11
2113, -9
2114, -9
2115, -10
2116, -9
2117, -7
2118, -8
2119, -10
2120, 0
2121, 0
2122, 0
2123, -8
2124, -7
2125, -6
2126, -6
2127, -8
2128, -11
2129, -11
2130, -9
2131, -9
2132, -8
2133, -9
2134, -9
2135, -9
2136, 0
2137, 0
2138, -1
2139, 0
2140, -1
2141, -2
2142, 0
2143, 0
2144, 0
2145, 0
2146, -7
2147, 0
2148, -9
2149, 0
2150, -10
2151, -10
2152, -8
2153, -8
2154, -8
2155, -9
2156, -10
2157, -9
2158, -10
2159, -11
2160, 0
2161, 0
2162, 0
2163, -9
2164, -7
2165, -8
2166, 0
2167, -9
2168, -8
2169, -7
2170, -7
2171, -9
2172, -9
2173, -10
2174, -10
2175, -10
2176, -9
2177, -10
2178, -11
2179, -10
2180, -8
2181, -9
2182, -9
2183, -10
2184, 0
2185, 0
2186, 0
2187, 0
2188, 1
2189, -2
2190, -1
2191, -1
2192, 0
2193, 0
2194, -9
2195, -10
2196, -9
2197, -8
2198, -10
2199, -9
2200, -9
2201, -8
2202, -8
2203, -10
2204, -10
2205, -8
2206, -10
2207, 0
2208, 0
2209, 0
2210, -1
2211, 0
2212, 0
2213, 0
2214, 0
2215, 0
2216, 0
2217, 0
2218, -11
2219, -10
2220, -8
2221, -8
2222, -9
2223, -9
2224, 0
2225, -11
2226, -9
2227, -10
2228, -11
2229, -10
2230, -10
2231, 0
2232, 0
2233, 0
2234, 0
2235, 0
2236, -2
2237, -1
2238, -1
2239, 0
2240, 0
2241, 0
2242, -10
2243, -9
2244, -9
2245, -8
2246, -11
2247, -10
2248, -9
2249, -11
2250, 0
2251, -9
2252, -9
2253, -9
2254, -9
2255, -10
2256, 0
2257, 0
2258, -4
2259, -4
2260, -4
2261, -3
2262, -3
2263, -2
2264, -3
2265, -3
2266, -2
2267, -3
2268, -3
2269, -4
2270, -3
2271, -3
2272, 0
2273, 0
2274, -10
2275, -9
2276, -10
2277, 0
2278, 0
2279, -3
2280, 0
2281, 0
2282, 0
2283, 0
2284, 3
2285, 1
2286, 1
2287, 2
2288, 3
2289, 3
2290, 4
2291, 4
2292, 0
2293, 1
2294, 0
2295, 3
2296, 0
2297, -6
2298, -7
2299, -5
2300, 0
2301, -7
2302, 0
2303, -3
2304, -3
2305, 0
2306, -6
2307, 0
2308, -6
2309, -5
2310, -5
2311, -5
2312, 0
2313, 0
2314, 0
2315, 2
2316, 2
2317, 2
2318, 3
2319, 3
2320, 4
2321, 3
2322, 3
2323, 3
2324, 4
2325, 4
2326, 2
2327, 1
2328, 0
2329, -6
2330, -6
2331, -5
2332, -5
2333, -5
2334, -6
2335, -6
2336, -11
2337, 0
2338, 0
2339, -12
2340, 0
2341, -11
2342, -11
2343, -10
2344, 0
2345, 0
2346, 0
2347, -3
2348, -3
2349, -1
2350, -2
2351, -4
2352, -4
2353, -3
2354, -2
2355, -3
2356, -2
2357, -2
2358, -3
2359, -4
2360, -2
2361, -2
2362, -2
2363, -2
2364, -2
2365, -2
2366, -4
2367, -4
2368, 0
2369, 0
2370, -11
2371, -11
2372, -12
2373, -12
2374, -12
2375, -12
2376, -12
2377, -11
2378, -10
2379, -11
2380, -11
2381, -11
2382, -11
2383, -11
2384, 0
2385, 0
2386, -3
2387, -3
2388, -3
2389, -2
2390, -1
2391, -2
2392, -2
2393, 0
2394, 0
2395, 0
2396, 1
2397, -1
2398, 0
2399, -1
2400, 0
2401, 0
2402, 0
2403, -11
2404, -11
2405, -11
2406, -10
2407, -10
2408, 0
2409, -14
2410, 0
2411, -11
2412, -10
2413, -10
2414, -9
2415, 0
2416, 0
2417, 0
2418, 2
2419, -1
2420, -1
2421, -5
2422, -6
2423, -5
2424, -7
2425, -8
2426, -9
2427, 0
2428, -6
2429, 0
2430, -8
2431, -7
2432, -9
2433, -8
2434, -8
2435, -8
2436, -9
2437, -3
2438, -4
2439, -4
2440, -5
2441, -5
2442, -4
2443, -3
2444, -3
2445, -3
2446, -4
2447, -3
2448, 0
2449, 0
2450, -3
2451, -4
2452, -3
2453, -3
2454, -4
2455, -2
2456, -3
2457, -4
2458, -4
2459, -6
2460, 0
2461, -3
2462, 0
2463, -4
2464, -2
2465, -4
2466, 0
2467, -3
2468, 0
2469, -5
2470, -4
2471, -4
2472, -4
2473, -4
2474, -4
2475, -3
2476, -4
2477, -4
2478, -4
2479, 0
2480, -3
2481, 0
2482, -5
2483, -5
2484, -5
2485, -5
2486, -6
2487, -5
2488, 0
2489, 0
2490, -12
2491, -12
2492, -12
2493, -11
2494, -12
2495, -12
2496, 0
2497, 0
2498, -4
2499, -4
2500, -3
2501, -5
2502, -4
2503, 0
2504, -5
2505, 0
2506, -5
2507, -5
2508, -5
2509, -6
2510, -9
2511, -5
2512, -2
2513, -4
2514, -4
2515, -3
2516, -3
2517, -3
2518, -4
2519, -3
2520, -4
2521, -2
2522, -2
2523, -3
2524, -4
2525, -3
2526, -4
2527, -4
2528, -3
2529, -3
2530, 0
2531, -4
2532, 0
2533, -5
2534, -6
2535, -4
2536, -3
2537, -5
2538, -5
2539, -5
2540, -4
2541, -4
2542, -3
2543, -3
2544, 0
2545, 0
2546, -10
2547, -11
2548, -13
2549, -13
2550, -13
2551, -12
2552, 0
2553, 0
2554, 0
2555, -4
2556, -4
2557, -5
2558, -5
2559, -3
2560, -4
2561, -3
2562, -4
2563, -5
2564, -4
2565, -5
2566, -6
2567, -5
2568, -5
2569, 0
2570, -10
2571, 0
2572, 0
2573, -6
2574, -5
2575, -3
2576, -4
2577, 0
2578, -5
2579, -5
2580, 0
2581, -3
2582, -3
2583, -2
2584, -2
2585, -2
2586, -3
2587, -1
2588, 0
2589, 0
2590, -2
2591, -1
2592, -2
2593, -3
2594, -1
2595, -1
2596, -3
2597, -2
2598, -2
2599, -3
2600, -4
2601, -3
2602, -1
2603, -1
2604, -1
2605, -1
2606, -1
2607, 0
2608, 0
2609, -1
2610, 0
2611, -1
2612, 0
2613, 0
2614, 0
2615, 0
2616, 0
2617, 0
2618, 1
2619, 1
2620, 2
2621, 2
2622, 1
2623, 1
2624, 0
2625, 0
2626, -6
2627, -6
2628, -6
2629, -5
2630, -6
2631, -6
2632, 0
2633, 0
2634, 0
2635, 3
2636, 3
2637, 3
2638, 0
2639, 0
2640, 0
2641, 0
2642, 5
2643, 4
2644, 4
2645, 3
2646, 4
2647, 4
2648, 5
2649, 5
2650, 3
2651, 3
2652, 3
2653, 3
2654, 5
2655, 4
2656, 4
2657, 3
2658, 0
2659, 5
2660, 4
2661, 4
2662, 5
2663, 4
2664, 3
2665, 2
2666, 2
2667, 1
2668, 2
2669, -1
2670, 0
2671, 1
2672, -1
2673, -1
2674, -2
2675, -3
2676, -2
2677, -3
2678, -3
2679, -3
2680, -3
2681, -3
2682, -3
2683, -2
2684, -2
2685, -2
2686, -2
2687, -3
2688, -3
2689, -4
2690, -6
2691, -5
2692, -5
2693, -7
2694, -6
2695, -6
2696, 0
2697, -7
2698, 0
2699, -6
2700, -5
2701, -5
2702, -5
2703, -5
2704, -6
2705, -5
2706, -6
2707, -6
2708, 0
2709, -7
2710, 0
2711, 0
2712, -4
2713, -5
2714, 0
2715, -8
2716, -7
2717, -6
2718, -5
2719, -4
2720, -4
2721, -4
2722, -4
2723, -4
2724, -4
2725, -4
2726, -4
2727, -6
2728, -11
2729, -12
2730, -13
2731, 0
2732, -11
2733, -11
2734, -11
2735, -11
2736, -10
2737, -11
2738, -12
2739, -11
2740, -10
2741, -10
2742, -11
2743, -11
2744, -10
2745, -10
2746, -10
2747, -9
2748, -11
2749, -11
2750, -11
2751, -11
2752, -10
2753, -10
2754, -11
2755, -10
2756, -10
2757, -10
2758, -10
2759, -10
2760, 0
2761, 0
2762, -2
2763, 0
2764, -4
2765, -3
2766, -2
2767, -2
2768, -3
2769, -2
2770, -2
2771, -3
2772, -2
2773, -2
2774, -3
2775, -2
2776, 0
2777, -4
2778, 0
2779, -2
2780, -3
2781, -2
2782, -2
2783, 0
2784, -5
2785, 0
2786, -2
2787, -2
2788, -2
2789, -1
2790, -1
2791, -1
2792, 0
2793, -3
2794, 0
2795, 0
2796, -3
2797, 0
2798, -1
2799, -2
2800, -2
2801, -2
2802, -1
2803, -1
2804, -2
2805, -1
2806, -1
2807, -1
2808, 0
2809, -4
2810, -3
2811, -3
2812, -2
2813, -2
2814, -2
2815, -2
2816, -2
2817, -2
2818, -3
2819, -2
2820, -2
2821, -2
2822, -3
2823, -3
2824, -2
2825, -2
2826, -2
2827, -2
2828, -3
2829, -3
2830, -2
2831, -2
2832, -3
2833, -3
2834, -4
2835, -4
2836, -3
2837, -2
2838, -2
2839, -2
2840, -2
2841, -2
2842, -3
2843, -2
2844, -2
2845, -2
2846, -3
2847, -3
2848, -2
2849, -2
2850, -2
2851, -2
2852, -3
2853, -3
2854, -2
2855, -2
2856, -3
2857, -2
2858, -3
2859, -3
2860, -2
2861, -2
2862, -1
2863, -2
2864, -3
2865, -3
2866, -3
2867, 0
2868, -5
2869, -4
2870, -4
2871, -4
2872, -5
2873, 0
2874, -3
2875, -3
2876, -3
2877, -3
2878, -3
2879, -4
2880, -4
2881, -4
2882, -4
2883, -4
2884, -4
2885, -4
2886, -3
2887, -3
2888, -3
2889, -3
2890, -4
2891, -3
2892, -3
2893, -3
2894, -3
2895, -2
2896, -3
2897, -3
2898, -3
2899, -3
2900, -4
2901, -5
2902, -4
2903, -4
2904, -4
2905, -4
2906, -5
2907, -5
2908, -4
2909, -3
2910, -3
2911, -3
2912, -2
2913, -4
2914, -4
2915, -3
2916, -4
2917, -4
2918, -5
2919, -4
2920, -4
2921, -5
2922, -4
2923, -3
2924, -4
2925, -3
2926, -2
2927, 0
2928, -2
2929, -2
2930, -2
2931, -5
2932, -5
2933, -5
2934, -4
2935, -4
2936, -3
2937, 0
2938, -6
2939, 0
2940, -4
2941, -5
2942, -5
2943, 0
2944, -7
2945, -7
2946, 0
2947, -5
2948, -5
2949, -4
2950, -4
2951, -5
2952, -5
2953, -5
2954, -5
2955, -6
2956, -5
2957, -4
2958, -5
2959, -5
2960, -3
2961, -4
2962, -5
2963, -3
2964, -4
2965, -5
2966, -4
2967, 0
2968, 0
2969, -14
2970, -12
2971, -13
2972, -14
2973, -11
2974, -12
2975, 0
2976, -10
2977, -12
2978, -14
2979, -13
2980, -14
2981, -14
2982, -13
2983, -13
2984, -12
2985, -13
2986, -13
2987, -13
2988, -13
2989, -12
2990, -13
2991, 0
2992, -14
2993, -15
2994, 0
2995, -11
2996, -13
2997, 0
2998, -12
2999, 0
3000, 0
3001, -5
3002, -6
3003, -5
3004, -4
3005, -5
3006, -4
3007, -4
3008, -5
3009, -6
3010, 0
3011, -3
3012, 0
3013, -9
3014, 0
3015, -3
3016, -3
3017, -4
3018, -4
3019, -4
3020, -4
3021, -6
3022, -6
3023, -5
3024, -4
3025, -4
3026, 0
3027, -6
3028, 0
3029, -3
3030, -5
3031, -5
3032, -5
3033, -4
3034, -4
3035, -4
3036, -4
3037, -4
3038, 0
3039, -7
3040, 0
3041, -3
3042, 0
3043, -4
3044, -3
3045, -5
3046, -5
3047, 0
3048, 0
3049, -11
3050, -11
3051, -9
3052, 0
3053, -13
3054, -14
3055, -14
3056, -13
3057, -12
3058, -12
3059, -12
3060, -14
3061, 0
3062, 0
3063, 0
3064, 0
3065, -5
3066, -4
3067, -4
3068, -6
3069, -5
3070, -5
3071, -5
3072, -4
3073, -6
3074, -4
3075, -3
3076, -4
3077, 0
3078, -6
3079, 0
3080, 0
3081, -2
3082, 0
3083, -4
3084, -6
3085, -5
3086, -6
3087, -5
3088, -4
3089, -5
3090, -6
3091, 0
3092, -4
3093, -6
3094, -6
3095, -5
3096, -5
3097, -5
3098, -6
3099, -5
3100, -4
3101, -4
3102, -5
3103, -4
3104, -4
3105, -4
3106, -6
3107, -6
3108, -5
3109, -4
3110, -5
3111, -5
3112, -5
3113, -6
3114, -6
3115, -4
3116, -4
3117, -4
3118, -5
3119, 0
3120, 0
3121, -5
3122, -5
3123, -5
3124, -5
3125, -5
3126, -5
3127, 0
3128, -2
3129, 0
3130, -5
3131, -4
3132, -5
3133, -2
3134, 0
3135, -5
3136, -4
3137, -6
3138, -4
3139, -3
3140, -3
3141, -4
3142, -4
3143, -5
3144, -4
3145, -3
3146, -4
3147, -4
3148, -3
3149, -5
3150, -4
3151, -4
3152, -3
3153, -4
3154, -5
3155, -5
3156, -3
3157, -5
3158, -4
3159, 0
3160, 0
3161, -12
3162, 0
3163, -10
3164, -11
3165, -13
3166, -13
3167, 0
3168, 0
3169, -4
3170, -6
3171, -6
3172, -4
3173, -3
3174, -5
3175, -6
3176, -7
3177, 0
3178, 0
3179, 0
3180, -4
3181, -5
3182, -5
3183, 0
3184, -4
3185, 0
3186, -5
3187, -5
3188, -5
3189, -4
3190, -4
3191, -5
3192, -5
3193, -4
3194, -4
3195, -4
3196, -4
3197, -4
3198, -4
3199, -4
3200, -4
3201, -2
3202, -3
3203, 0
3204, -3
3205, 0
3206, 0
3207, 0
3208, 0
3209, -4
3210, -5
3211, -6
3212, -5
3213, -5
3214, -4
3215, 0
3216, -7
3217, -6
3218, 0
3219, -4
3220, -5
3221, -6
3222, -5
3223, -6
3224, -6
3225, -5
3226, -5
3227, -4
3228, -6
3229, -5
3230, -5
3231, -6
3232, -6
3233, -5
3234, -4
3235, -6
3236, -5
3237, -4
3238, -5
3239, 0
3240, 0
3241, 2
3242, 2
3243, 3
3244, 3
3245, 2
3246, 2
3247, 0
3248, 0
3249, -5
3250, -5
3251, -5
3252, -5
3253, -6
3254, -6
3255, -5
3256, -5
3257, -6
3258, -6
3259, -5
3260, -5
3261, -4
3262, -5
3263, -6
3264, -7
3265, -7
3266, -6
3267, -4
3268, -4
3269, -6
3270, -7
3271, -7
3272, -7
3273, 0
3274, -9
3275, -6
3276, -7
3277, -7
3278, 0
3279, 0
3280, 0
3281, -6
3282, -7
3283, -6
3284, -6
3285, -8
3286, -8
3287, -7
3288, -8
3289, -8
3290, -8
3291, -5
3292, -6
3293, -8
3294, -5
3295, 0
3296, -9
3297, 0
3298, -7
3299, -7
3300, -7
3301, -8
3302, -8
3303, -8
3304, -8
3305, -7
3306, -5
3307, -6
3308, 0
3309, -8
3310, 0
3311, 0
3312, 0
3313, -7
3314, -7
3315, -7
3316, -7
3317, -9
3318, -8
3319, -5
3320, -6
3321, -6
3322, -5
3323, -7
3324, -8
3325, -6
3326, -6
3327, -5
3328, -5
3329, -8
3330, -8
3331, -21
3332, -21
3333, -21
3334, -18
3335, 0
3336, 0
3337, -13
3338, -11
3339, -11
3340, -11
3341, -9
3342, -10
3343, 0
3344, 0
3345, -16
3346, -17
3347, -16
3348, -17
3349, -18
3350, -18
3351, 0
3352, -17
3353, 0
3354, 0
3355, 0
3356, -18
3357, 0
3358, -16
3359, -15
3360, -15
3361, -14
3362, -16
3363, -16
3364, -16
3365, -16
3366, -15
3367, 0
3368, 0
3369, -16
3370, -15
3371, -18
3372, -18
3373, -17
3374, -18
3375, -17
3376, -18
3377, -16
3378, -17
3379, -16
3380, -15
3381, -16
3382, 0
3383, -17
3384, -16
3385, -17
3386, -15
3387, 0
3388, -17
3389, -16
3390, -19
3391, 0
3392, 0
3393, -28
3394, -26
3395, -28
3396, -28
3397, -27
3398, -28
3399, 0
3400, 0
3401, -20
3402, -20
3403, -18
3404, 0
3405, -20
3406, 0
3407, -17
3408, -19
3409, -16
3410, -18
3411, -19
3412, -18
3413, 0
3414, -19
3415, 0
3416, 0
3417, -17
3418, -18
3419, -18
3420, -18
3421, -18
3422, -19
3423, -18
3424, -17
3425, -16
3426, -16
3427, -12
3428, -10
3429, -9
3430, -7
3431, -8
3432, -9
3433, -8
3434, -8
3435, -7
3436, -7
3437, -8
3438, 0
3439, 0
3440, 0
3441, -9
3442, -9
3443, -9
3444, -8
3445, -10
3446, -10
3447, -9
3448, -6
3449, -5
3450, -4
3451, -5
3452, -8
3453, -7
3454, -8
3455, -9
3456, -9
3457, -7
3458, -6
3459, -5
3460, -6
3461, 0
3462, 0
3463, 0
3464, 0
3465, -6
3466, -7
3467, -7
3468, -6
3469, -6
3470, -5
3471, -6
3472, -6
3473, -6
3474, 0
3475, -4
3476, 0
3477, -5
3478, -5
3479, 0
3480, 0
3481, 1
3482, 2
3483, 0
3484, 3
3485, 3
3486, 2
3487, 0
3488, 0
3489, -6
3490, -6
3491, -5
3492, -6
3493, -7
3494, -5
3495, -5
3496, -6
3497, -5
3498, -5
3499, -6
3500, -5
3501, -6
3502, -6
3503, 0
3504, 0
3505, 2
3506, 2
3507, 3
3508, 2
3509, 2
3510, 2
3511, 0
3512, 0
3513, -6
3514, -6
3515, -6
3516, -7
3517, -7
3518, -7
3519, 0
3520, -10
3521, 0
3522, -7
3523, -7
3524, -8
3525, -8
3526, 0
3527, 0
3528, 0
3529, -7
3530, -7
3531, -8
3532, -8
3533, -7
3534, -7
3535, 0
3536, -11
3537, 0
3538, -8
3539, -8
3540, -6
3541, -8
3542, -8
3543, -7
3544, -7
3545, -8
3546, -8
3547, -8
3548, -8
3549, -9
3550, -9
3551, 0
3552, 0
3553, -8
3554, -9
3555, -9
3556, -9
3557, -11
3558, -9
3559, -9
3560, -8
3561, -8
3562, -8
3563, -9
3564, -8
3565, -8
3566, -11
3567, 0
3568, 0
3569, -3
3570, 0
3571, -4
3572, -4
3573, -3
3574, -2
3575, 0
3576, 0
3577, -11
3578, -12
3579, -13
3580, -12
3581, -12
3582, -10
3583, -11
3584, -9
3585, 0
3586, 0
3587, -9
3588, -11
3589, -12
3590, 0
3591, 0
3592, 0
3593, -9
3594, -10
3595, -10
3596, -11
3597, -11
3598, -11
3599, -12
3600, -12
3601, -11
3602, -10
3603, -11
3604, -13
3605, -13
3606, -12
3607, 0
3608, 0
3609, -11
3610, -10
3611, -11
3612, 0
3613, -13
3614, -12
3615, 0
3616, -16
3617, -15
3618, -12
3619, -13
3620, -12
3621, -11
3622, -11
3623, 0
3624, 0
3625, -4
3626, -3
3627, -3
3628, -2
3629, -3
3630, -4
3631, 0
3632, 0
3633, -11
3634, 0
3635, -13
3636, 0
3637, -12
3638, -12
3639, 0
3640, 0
3641, -3
3642, -3
3643, -2
3644, -4
3645, -5
3646, -3
3647, -4
3648, 0
3649, 0
3650, -17
3651, 0
3652, -14
3653, -15
3654, -15
3655, -13
3656, 0
3657, -15
3658, -15
3659, -14
3660, -13
3661, -13
3662, 0
3663, 0
3664, 0
3665, -16
3666, -15
3667, -13
3668, -15
3669, -14
3670, -13
3671, -11
3672, -11
3673, 0
3674, -12
3675, -13
3676, 0
3677, -11
3678, -11
3679, 0
3680, 0
3681, -11
3682, -12
3683, -11
3684, 0
3685, -9
3686, -9
3687, -9
3688, -10
3689, -10
3690, 0
3691, -9
3692, -10
3693, -10
3694, 0
3695, 0
3696, 0
3697, -9
3698, -8
3699, -9
3700, -10
3701, -10
3702, -9
3703, -8
3704, -9
3705, -9
3706, -9
3707, -8
3708, -10
3709, -11
3710, -10
3711, 0
3712, 0
3713, -10
3714, -11
3715, -10
3716, -10
3717, -9
3718, -10
3719, 0
3720, -8
3721, -9
3722, -8
3723, -9
3724, -9
3725, -9
3726, -10
3727, 0
3728, 0
3729, -10
3730, -10
3731, -10
3732, -9
3733, -9
3734, -9
3735, -10
3736, -11
3737, -10
3738, -7
3739, -10
3740, -10
3741, -10
3742, -10
3743, 0
3744, 0
3745, -8
3746, -9
3747, -10
3748, -11
3749, -11
3750, -11
3751, -10
3752, -8
3753, -11
3754, 0
3755, -8
3756, -10
3757, -11
3758, -11
3759, 0
3760, 0
3761, -10
3762, -11
3763, -12
3764, -9
3765, -11
3766, -13
3767, 0
3768, 0
3769, -2
3770, -3
3771, -2
3772, 0
3773, -2
3774, -3
3775, 0
3776, 0
3777, -11
3778, -9
3779, -9
3780, -10
3781, -11
3782, 0
3783, 0
3784, 0
3785, -10
3786, -10
3787, -10
3788, -10
3789, -10
3790, -10
3791, -9
3792, -9
3793, -10
3794, 0
3795, -9
3796, -8
3797, -10
3798, -11
3799, 0
3800, 0
3801, -10
3802, -11
3803, -12
3804, -11
3805, 0
3806, 0
3807, 0
3808, 0
3809, -4
3810, 0
3811, -2
3812, -1
3813, -1
3814, -2
3815, 0
3816, 0
3817, 0
3818, -10
3819, -9
3820, -9
3821, 0
3822, 0
3823, 0
3824, 0
3825, -11
3826, -10
3827, -11
3828, -10
3829, -9
3830, -10
3831, -9
3832, -8
3833, -9
3834, -9
3835, -10
3836, -10
3837, 0
3838, 0
3839, 0
3840, 0
3841, -9
3842, -9
3843, -8
3844, -9
3845, 0
3846, -11
3847, -11
3848, 0
3849, -13
3850, 0
3851, -8
3852, -9
3853, 0
3854, 0
3855, 0
3856, 0
3857, -8
3858, -10
3859, -11
3860, -8
3861, -9
3862, -8
3863, 0
3864, 0
3865, -10
3866, -9
3867, -11
3868, -10
3869, -9
3870, 0
3871, 0
3872, -8
3873, 0
3874, -9
3875, -9
3876, -8
3877, -7
3878, 0
3879, 0
3880, 0
3881, -11
3882, -9
3883, -8
3884, -8
3885, -10
3886, -11
3887, 0
3888, 0
3889, -6
3890, -7
3891, -6
3892, 0
3893, -3
3894, 0
3895, 0
3896, 0
3897, -15
3898, -14
3899, -14
3900, -15
3901, -16
3902, -15
3903, 0
3904, 0
3905, -12
3906, -14
3907, -15
3908, 0
3909, -10
3910, 0
3911, 0
3912, 0
3913, -3
3914, -2
3915, -1
3916, 0
3917, 0
3918, 0
3919, 0
3920, 0
3921, -9
3922, -10
3923, -8
3924, -8
3925, -8
3926, 0
3927, 0
3928, 0
3929, -9
3930, 0
3931, -11
3932, 0
3933, -9
3934, -8
3935, 0
3936, 0
3937, -1
3938, -1
3939, 0
3940, 1
3941, 0
3942, -1
3943, 0
3944, 0
3945, -8
3946, -8
3947, -8
3948, -9
3949, -8
3950, -9
3951, 0
3952, 0
3953, -8
3954, -9
3955, 0
3956, -6
3957, 0
3958, -8
3959, 0
3960, 0
3961, -9
3962, -7
3963, -6
3964, -8
3965, -7
3966, -7
3967, -8
3968, -7
3969, -7
3970, -7
3971, -6
3972, -7
3973, 0
3974, 0
3975, 0
3976, 0
3977, -8
3978, -7
3979, -7
3980, -8
3981, -8
3982, 0
3983, 0
3984, 0
3985, -6
3986, -7
3987, -7
3988, -7
3989, -7
3990, -6
3991, -6
3992, 0
3993, -6
3994, -6
3995, -8
3996, -7
3997, -7
3998, -7
3999, -7
4000, -7
4001, -6
4002, -6
4003, -7
4004, -7
4005, -8
4006, -8
4007, 0
4008, 0
4009, -7
4010, -8
4011, -7
4012, -5
4013, -7
4014, -7
4015, 0
4016, 0
4017, -7
4018, -7
4019, -8
4020, -9
4021, -9
4022, -9
4023, 0
4024, 0
4025, -8
4026, -8
4027, -8
4028, -9
4029, -7
4030, -6
4031, 0
4032, -5
4033, -5
4034, 0
4035, -6
4036, -7
4037, -7
4038, -7
4039, 0
4040, 0
4041, -7
4042, -6
4043, -6
4044, -8
4045, -7
4046, -8
4047, 0
4048, 0
4049, -6
4050, -7
4051, -6
4052, -5
4053, -8
4054, 0
4055, 0
4056, 0
4057, -6
4058, 0
4059, -10
4060, 0
4061, -7
4062, -7
4063, 0
4064, 0
4065, -7
4066, -7
4067, -7
4068, -6
4069, -5
4070, -6
4071, 0
4072, 0
4073, -5
4074, -7
4075, -7
4076, -7
4077, -7
4078, -8
4079, 0
4080, 0
4081, -1
4082, 0
4083, 2
4084, 3
4085, 2
4086, 1
4087, 0
4088, 0
4089, 1
4090, 1
4091, -1
4092, -2
4093, 0
4094, 1
4095, 0
4096, 0
4097, 1
4098, 0
4099, -1
4100, 0
4101, 0
4102, -14
4103, 0
4104, 0
4105, -12
4106, -12
4107, -10
4108, -9
4109, -9
4110, 0
4111, 0
4112, 0
4113, -7
4114, -7
4115, 0
4116, -4
4117, -6
4118, -5
4119, 0
4120, 0
4121, -7
4122, 0
4123, -3
4124, 0
4125, -5
4126, -6
4127, 0
4128, 0
4129, -4
4130, 4
4131, 2
4132, 2
4133, 3
4134, 3
4135, 0
4136, 0
4137, -5
4138, -4
4139, -5
4140, -5
4141, 0
4142, 0
4143, 0
4144, 0
4145, -2
4146, -3
4147, -4
4148, -3
4149, -3
4150, -4
4151, 0
4152, 0
4153, -3
4154, -3
4155, -4
4156, -3
4157, -3
4158, -3
4159, 0
4160, 0
4161, 2
4162, 0
4163, 6
4164, 5
4165, 4
4166, 5
4167, 0
4168, 0
4169, 7
4170, 0
4171, 3
4172, 6
4173, 6
4174, 5
4175, 0
4176, 0
4177, 4
4178, 5
4179, 5
4180, 4
4181, 4
4182, 2
4183, 0
4184, 0
4185, 2
4186, 3
4187, 4
4188, 2
4189, 2
4190, 3
4191, 0
4192, 0
4193, 0
4194, 0
4195, -4
4196, -5
4197, -6
4198, -6
4199, 0
4200, 0
4201, -6
4202, 0
4203, -4
4204, -5
4205, -7
4206, 0
4207, 0
4208, 0
4209, 2
4210, 2
4211, 1
4212, 1
4213, 2
4214, 0
4215, 0
4216, 0
4217, -6
4218, 0
4219, -6
4220, -5
4221, -7
4222, 0
4223, 0
4224, 0
4225, -6
4226, 0
4227, -4
4228, -5
4229, -6
4230, 0
4231, 0
4232, 0
4233, -4
4234, 0
4235, -3
4236, -3
4237, -5
4238, -5
4239, 0
4240, 0
4241, -5
4242, -4
4243, -5
4244, -3
4245, 0
4246, -5
4247, 0
4248, 0
4249, -3
4250, -4
4251, -4
4252, -3
4253, 0
4254, -6
4255, 0
4256, 0
4257, -6
4258, 0
4259, -4
4260, -5
4261, 0
4262, 0
4263, 0
4264, 0
4265, -5
4266, 0
4267, -2
4268, -3
4269, -1
4270, 0
4271, 0
4272, 0
4273, -3
4274, -3
4275, -3
4276, -3
4277, 0
4278, 0
4279, 0
4280, 0
4281, 0
4282, 0
4283, -1
4284, -2
4285, -1
4286, 0
4287, 0
4288, 0
4289, -1
4290, 0
4291, -3
4292, -4
4293, -3
4294, -3
4295, 0
4296, 0
4297, -3
4298, -3
4299, -3
4300, -2
4301, -1
4302, -1
4303, -1
4304, 0
4305, 0
4306, 0
4307, -2
4308, -2
4309, -2
4310, 0
4311, 0
4312, 0
4313, -3
4314, 0
4315, -7
4316, -4
4317, -3
4318, -2
4319, 0
4320, 0
4321, -2
4322, -3
4323, -3
4324, -1
4325, 0
4326, 0
4327, 0
4328, 0
4329, 6
4330, 0
4331, 4
4332, 5
4333, 6
4334, 0
4335, 0
4336, 0
4337, -1
4338, -2
4339, -2
4340, -1
4341, -3
4342, -2
4343, 0
4344, 0
4345, 0
4346, 0
4347, -1
4348, -2
4349, -2
4350, -2
4351, 0
4352, 0
4353, 0
4354, 0
4355, 5
4356, 5
4357, 0
4358, 0
4359, 0
4360, 0
4361, 8
4362, 0
4363, 4
4364, 5
4365, 9
4366, 10
4367, 0
4368, 0
4369, 1
4370, 0
4371, 6
4372, 5
4373, 4
4374, 2
4375, 0
4376, 0
4377, 3
4378, 2
4379, 2
4380, 3
4381, 0
4382, 0
4383, 0
4384, 0
4385, 12
4386, 0
4387, 8
4388, 9
4389, 14
4390, 12
4391, 0
4392, 0
4393, 13
4394, 12
4395, 0
4396, 11
4397, 0
4398, 13
4399, 0
4400, 0
4401, 13
4402, 14
4403, 13
4404, 12
4405, 13
4406, 12
4407, 12
4408, 0
4409, 15
4410, 0
4411, 13
4412, 12
4413, 12
4414, 12
4415, 0
4416, 0
4417, 14
4418, 13
4419, 14
4420, 15
4421, 0
4422, 14
4423, 0
4424, 0
4425, 20
4426, 20
4427, 20
4428, 18
4429, 0
4430, 23
4431, 0
4432, 0
4433, 11
4434, 0
4435, 13
4436, 12
4437, 11
4438, 11
4439, 0
4440, 0
4441, 11
4442, 12
4443, 11
4444, 14
4445, 14
4446, 14
4447, 0
4448, 0
4449, 11
4450, 11
4451, 11
4452, 12
4453, 11
4454, 0
4455, 0
4456, 0
4457, 11
4458, 11
4459, 12
4460, 11
4461, 11
4462, 11
4463, 0
4464, 0
4465, 12
4466, 11
4467, 10
4468, 0
4469, 14
4470, 14
4471, 0
4472, 0
4473, 14
4474, 9
4475, 9
4476, 9
4477, 12
4478, 13
4479, 0
4480, 0
4481, 5
4482, 3
4483, 4
4484, 1
4485, 0
4486, 6
4487, 0
4488, 0
4489, 15
4490, 0
4491, 11
4492, 0
4493, 15
4494, 15
4495, 0
4496, 0
4497, 19
4498, 18
4499, 18
4500, 23
4501, 19
4502, 22
4503, 24
4504, 25
4505, 24
4506, 23
4507, 27
4508, 28
4509, 23
4510, 23
4511, 0
4512, 0
4513, 33
4514, 0
4515, 52
4516, 0
4517, 59
4518, 0
4519, -27
4520, -2
4521, -29
4522, 0
4523, 46
4524, 76
4525, 80
