0, 0
1, 0
2, 0
3, 0
4, 0
5, 0
6, 0
7, 0
8, 0
9, 0
10, 0
11, 0
12, 0
13, 0
14, 0
15, 0
16, 0
17, 0
18, 0
19, 0
20, 0
21, 0
22, 0
23, 0
24, 0
25, 0
26, 0
27, 0
28, 0
29, 0
30, 0
31, 0
32, 0
33, 0
34, 0
35, 0
36, 0
37, 0
38, 0
39, 0
40, 0
41, 0
42, 0
43, 0
44, 0
45, 0
46, 0
47, 0
48, 0
49, 0
50, 0
51, 0
52, 0
53, 0
54, 0
55, 0
56, 0
57, 0
58, 0
59, 0
60, 0
61, 0
62, 0
63, 0
64, 0
65, 0
66, 0
67, 0
68, 0
69, 0
70, 0
71, 0
72, 0
73, 0
74, 0
75, 0
76, 0
77, 0
78, 0
79, 0
80, 0
81, 0
82, 0
83, 0
84, 0
85, 0
86, 0
87, 0
88, 0
89, 0
90, 0
91, 0
92, 0
93, 0
94, 0
95, 0
96, 0
97, 0
98, 0
99, 0
100, 0
101, 0
102, 0
103, 0
104, 0
105, 0
106, 0
107, 0
108, 0
109, 0
110, 0
111, 0
112, 0
113, 0
114, 0
115, 0
116, 0
117, 0
118, 0
119, 0
120, 0
121, 0
122, 0
123, 0
124, 0
125, 0
126, 0
127, 0
128, 0
129, 0
130, 0
131, 0
132, 0
133, 0
134, 0
135, 0
136, 0
137, 0
138, 0
139, 0
140, 0
141, 0
142, 0
143, 0
144, 0
145, 0
146, 0
147, 0
148, 0
149, 0
150, 0
151, 0
152, 0
153, 0
154, 0
155, 0
156, 0
157, 0
158, 0
159, 0
160, 0
161, 0
162, 0
163, 0
164, 0
165, 0
166, 0
167, 0
168, 0
169, 0
170, 0
171, 0
172, 0
173, 0
174, 0
175, 0
176, 0
177, 0
178, 0
179, 0
180, 0
181, 0
182, 0
183, 0
184, 0
185, 0
186, 0
187, 0
188, 0
189, 0
190, 0
191, 0
192, 0
193, 0
194, 0
195, 0
196, 0
197, 0
198, 0
199, 0
200, 0
201, 0
202, 0
203, 0
204, 0
205, 0
206, 0
207, 0
208, 0
209, 0
210, 0
211, 0
212, 0
213, 0
214, 0
215, 0
216, 0
217, 0
218, 0
219, 0
220, 0
221, 0
222, 0
223, 0
224, 0
225, 0
226, 0
227, 0
228, 0
229, 0
230, 0
231, 0
232, 0
233, 0
234, 0
235, 0
236, 0
237, 0
238, 0
239, 0
240, 0
241, 0
242, 0
243, 0
244, 0
245, 0
246, 0
247, 0
248, 0
249, 0
250, 0
251, 0
252, 0
253, 0
254, 0
255, 0
256, 0
257, 0
258, 0
259, 0
260, 0
261, 0
262, 0
263, 0
264, 0
265, 0
266, 0
267, 0
268, 0
269, 0
270, 0
271, 0
272, 0
273, 0
274, 0
275, 0
276, 0
277, 0
278, 0
279, 0
280, 0
281, 0
282, 0
283, 0
284, 0
285, 0
286, 0
287, 0
288, 0
289, 0
290, 0
291, 0
292, 0
293, 0
294, 0
295, 0
296, 0
297, 0
298, 0
299, 0
300, 0
301, 0
302, 0
303, 0
304, 0
305, 0
306, 0
307, 0
308, 0
309, 0
310, 0
311, 0
312, 0
313, 0
314, 0
315, 0
316, 0
317, 0
318, 0
319, 0
320, 0
321, 0
322, 0
323, 0
324, 0
325, 0
326, 0
327, 0
328, 0
329, 0
330, 0
331, 0
332, 0
333, 0
334, 0
335, 0
336, 0
337, 0
338, 0
339, 0
340, 0
341, 0
342, 0
343, 0
344, 0
345, 0
346, 0
347, 0
348, 0
349, 0
350, 0
351, 0
352, 0
353, 0
354, 0
355, 0
356, 0
357, 0
358, 0
359, 0
360, 0
361, 0
362, 0
363, 0
364, 0
365, 0
366, 0
367, 0
368, 0
369, 0
370, 0
371, 0
372, 0
373, 0
374, 0
375, 0
376, 0
377, 0
378, 0
379, 0
380, 0
381, 0
382, 0
383, 0
384, 0
385, 0
386, 0
387, 0
388, 0
389, 0
390, 0
391, 0
392, 0
393, 0
394, 0
395, 0
396, 0
397, 0
398, 0
399, 0
400, 0
401, 0
402, 0
403, 0
404, 0
405, 0
406, 0
407, 0
408, 0
409, 0
410, 0
411, 0
412, 0
413, 0
414, 0
415, 0
416, 0
417, 0
418, 0
419, 0
420, 0
421, 0
422, 0
423, 0
424, 0
425, 0
426, 0
427, 0
428, 0
429, 0
430, 0
431, 0
432, 0
433, 0
434, 0
435, 0
436, 0
437, 0
438, 0
439, 0
440, 0
441, 0
442, 0
443, 0
444, 0
445, 0
446, 0
447, 0
448, 0
449, 0
450, 0
451, 0
452, 0
453, 0
454, 0
455, 0
456, 0
457, 0
458, 0
459, 0
460, 0
461, 0
462, 0
463, 0
464, 0
465, 0
466, 0
467, 0
468, 0
469, 0
470, 0
471, 0
472, 0
473, 0
474, 0
475, 0
476, 0
477, 0
478, 0
479, 0
480, 0
481, 0
482, 0
483, 0
484, 0
485, 0
486, 0
487, 0
488, 0
489, 0
490, 0
491, 0
492, 0
493, 0
494, 0
495, 0
496, 0
497, 0
498, 0
499, 0
500, 0
501, 0
502, 0
503, 0
504, 0
505, 0
506, 0
507, 0
508, 0
509, 0
510, 0
511, 0
512, 0
513, 0
514, 0
515, 0
516, 0
517, 0
518, 0
519, 0
520, 0
521, 0
522, 0
523, 0
524, 0
525, 0
526, 0
527, 0
528, 0
529, 0
530, 0
531, 0
532, 0
533, 0
534, 0
535, 0
536, 0
537, 0
538, 0
539, 0
540, 0
541, 0
542, 0
543, 0
544, 0
545, 0
546, 0
547, 0
548, 0
549, 0
550, 0
551, 0
552, 0
553, 0
554, 0
555, 0
556, 0
557, 0
558, 0
559, 0
560, 0
561, 0
562, 0
563, 0
564, 0
565, 0
566, 0
567, 0
568, 0
569, 0
570, 0
571, 0
572, 0
573, 0
574, 0
575, 0
576, 0
577, 0
578, 0
579, 0
580, 0
581, 0
582, 0
583, 0
584, 0
585, 0
586, 0
587, 0
588, 0
589, 0
590, 0
591, 0
592, 0
593, 0
594, 0
595, 0
596, 0
597, 0
598, 0
599, 0
600, 0
601, 0
602, 0
603, 0
604, 0
605, 0
606, 0
607, 0
608, 0
609, 0
610, 0
611, 0
612, 0
613, 0
614, 0
615, 0
616, 0
617, 0
618, 0
619, 0
620, 0
621, 0
622, 0
623, 0
624, 0
625, 0
626, 0
627, 0
628, 0
629, 0
630, 0
631, 0
632, 0
633, 0
634, 0
635, 0
636, 0
637, 0
638, 0
639, 0
640, 0
641, 0
642, 0
643, 0
644, 0
645, 0
646, 0
647, 0
648, 0
649, 0
650, 0
651, 0
652, 0
653, 0
654, 0
655, 0
656, 0
657, 0
658, 0
659, 0
660, 0
661, 0
662, 0
663, 0
664, 0
665, 0
666, 0
667, 0
668, 0
669, 0
670, 0
671, 0
672, 0
673, 0
674, 0
675, 0
676, 0
677, 0
678, 0
679, 0
680, 0
681, 0
682, 0
683, 0
684, 0
685, 0
686, 0
687, 0
688, 0
689, 0
690, 0
691, 0
692, 0
693, 0
694, 0
695, 0
696, 0
697, 0
698, 0
699, 0
700, 0
701, 0
702, 0
703, 0
704, 0
705, 0
706, 0
707, 0
708, 0
709, 0
710, 0
711, 0
712, 0
713, 0
714, 0
715, 0
716, 0
717, 0
718, 0
719, 0
720, 0
721, 0
722, 0
723, 0
724, 0
725, 0
726, 0
727, 0
728, 0
729, 0
730, 0
731, 0
732, 0
733, 0
734, 0
735, 0
736, 0
737, 0
738, 0
739, 0
740, 0
741, 0
742, 0
743, 0
744, 0
745, 0
746, 0
747, 0
748, 0
749, 0
750, 0
751, 0
752, 0
753, 0
754, 0
755, 0
756, 0
757, 0
758, 0
759, 0
760, 0
761, 0
762, 0
763, 0
764, 0
765, 0
766, 0
767, 0
768, 0
769, 0
770, 0
771, 0
772, 0
773, 0
774, 0
775, 0
776, 0
777, 0
778, 0
779, 0
780, 0
781, 0
782, 0
783, 0
784, 0
785, 0
786, 0
787, 0
788, 0
789, 0
790, 0
791, 0
792, 0
793, 0
794, 0
795, 0
796, 0
797, 0
798, 0
799, 0
800, 0
801, 0
802, 0
803, 0
804, 0
805, 0
806, 0
807, 0
808, 0
809, 0
810, 0
811, 0
812, 0
813, 0
814, 0
815, 0
816, 0
817, 0
818, 0
819, 0
820, 0
821, 0
822, 0
823, 0
824, 0
825, 0
826, 0
827, 0
828, 0
829, 0
830, 0
831, 0
832, 0
833, 0
834, 0
835, 0
836, 0
837, 0
838, 0
839, 0
840, 0
841, 0
842, 0
843, 0
844, 0
845, 0
846, 0
847, 0
848, 0
849, 0
850, 0
851, 0
852, 0
853, 0
854, 0
855, 0
856, 0
857, 0
858, 0
859, 0
860, 0
861, 0
862, 0
863, 0
864, 0
865, 0
866, 0
867, 0
868, 0
869, 0
870, 0
871, 0
872, 0
873, 0
874, 0
875, 0
876, 0
877, 0
878, 0
879, 0
880, 0
881, 0
882, 0
883, 0
884, 0
885, 0
886, 0
887, 0
888, 0
889, 0
890, 0
891, 0
892, 0
893, 0
894, 0
895, 0
896, 0
897, 0
898, 0
899, 0
900, 0
901, 0
902, 0
903, 0
904, 0
905, 0
906, 0
907, 0
908, 0
909, 0
910, 0
911, 0
912, 0
913, 0
914, 0
915, 0
916, 0
917, 0
918, 0
919, 0
920, 0
921, 0
922, 0
923, 0
924, 0
925, 0
926, 0
927, 0
928, 0
929, 0
930, 0
931, 0
932, 0
933, 0
934, 0
935, 0
936, 0
937, 0
938, 0
939, 0
940, 0
941, 0
942, 0
943, 0
944, 0
945, 0
946, 0
947, 0
948, 0
949, 0
950, 0
951, 0
952, 0
953, 0
954, 0
955, 0
956, 0
957, 0
958, 0
959, 0
960, 0
961, 0
962, 0
963, 0
964, 0
965, 0
966, 0
967, 0
968, 0
969, 0
970, 0
971, 0
972, 0
973, 0
974, 0
975, 0
976, 0
977, 0
978, 0
979, 0
980, 0
981, 0
982, 0
983, 0
984, 0
985, 0
986, 0
987, 0
988, 0
989, 0
990, 0
991, 0
992, 0
993, 0
994, 0
995, 0
996, 0
997, 0
998, 0
999, 0
1000, 0
1001, 0
1002, 0
1003, 0
1004, 0
1005, 0
1006, 0
1007, 0
1008, 0
1009, 0
1010, 0
1011, 0
1012, 0
1013, 0
1014, 0
1015, 0
1016, 0
1017, 0
1018, 0
1019, 0
1020, 0
1021, 0
1022, 0
1023, 0
1024, 0
1025, 0
1026, 0
1027, 0
1028, 0
1029, 0
1030, 0
1031, 0
1032, 0
1033, 0
1034, 0
1035, 0
1036, 0
1037, 0
1038, 0
1039, 0
1040, 0
1041, 0
1042, 0
1043, 0
1044, 0
1045, 0
1046, 0
1047, 0
1048, 0
1049, 0
1050, 0
1051, 0
1052, 0
1053, 0
1054, 0
1055, 0
1056, 0
1057, 0
1058, 0
1059, 0
1060, 0
1061, 0
1062, 0
1063, 0
1064, 0
1065, 0
1066, 0
1067, 0
1068, 0
1069, 0
1070, 0
1071, 0
1072, 0
1073, 0
1074, 0
1075, 0
1076, 0
1077, 0
1078, 0
1079, 0
1080, 0
1081, 0
1082, 0
1083, 0
1084, 0
1085, 0
1086, 0
1087, 0
1088, 0
1089, 0
1090, 0
1091, 0
1092, 0
1093, 0
1094, 0
1095, 0
1096, 0
1097, 559
1098, 504
1099, 426
1100, 0
1101, 0
1102, 0
1103, 0
1104, 0
1105, 383
1106, 382
1107, 352
1108, 328
1109, 305
1110, 0
1111, 0
1112, 0
1113, 312
1114, 283
1115, 274
1116, 257
1117, 235
1118, 233
1119, 0
1120, 0
1121, 234
1122, 215
1123, 207
1124, 205
1125, 193
1126, 0
1127, 0
1128, 0
1129, 207
1130, 204
1131, 0
1132, 187
1133, 0
1134, 0
1135, 0
1136, 0
1137, 188
1138, 0
1139, 176
1140, 168
1141, 147
1142, 145
1143, 0
1144, 0
1145, 170
1146, 163
1147, 154
1148, 152
1149, 147
1150, 0
1151, 0
1152, 0
1153, 157
1154, 0
1155, 153
1156, 140
1157, 126
1158, 118
1159, 0
1160, 0
1161, 0
1162, 0
1163, 133
1164, 124
1165, 118
1166, 116
1167, 0
1168, 0
1169, 136
1170, 129
1171, 120
1172, 118
1173, 108
1174, 0
1175, 0
1176, 0
1177, 119
1178, 0
1179, 113
1180, 108
1181, 101
1182, 90
1183, 0
1184, 0
1185, 0
1186, 116
1187, 110
1188, 103
1189, 94
1190, 93
1191, 0
1192, 0
1193, 104
1194, 97
1195, 92
1196, 0
1197, 88
1198, 0
1199, 0
1200, 0
1201, 0
1202, 99
1203, 99
1204, 0
1205, 0
1206, 0
1207, 0
1208, 0
1209, 99
1210, 95
1211, 85
1212, 81
1213, 75
1214, 0
1215, 0
1216, 0
1217, 88
1218, 83
1219, 77
1220, 74
1221, 69
1222, 63
1223, 0
1224, 0
1225, 86
1226, 85
1227, 80
1228, 76
1229, 70
1230, 0
1231, 0
1232, 0
1233, 90
1234, 89
1235, 81
1236, 72
1237, 0
1238, 0
1239, 0
1240, 0
1241, 83
1242, 78
1243, 71
1244, 69
1245, 0
1246, 0
1247, 0
1248, 0
1249, 73
1250, 71
1251, 0
1252, 64
1253, 58
1254, 0
1255, 0
1256, 0
1257, 64
1258, 0
1259, 58
1260, 51
1261, 44
1262, 0
1263, 0
1264, 0
1265, 69
1266, 62
1267, 58
1268, 56
1269, 53
1270, 46
1271, 0
1272, 0
1273, 54
1274, 52
1275, 48
1276, 0
1277, 41
1278, 0
1279, 0
1280, 0
1281, 47
1282, 0
1283, 41
1284, 32
1285, 26
1286, 25
1287, 0
1288, 0
1289, 46
1290, 40
1291, 35
1292, 34
1293, 29
1294, 26
1295, 0
1296, 0
1297, 0
1298, 44
1299, 0
1300, 36
1301, 31
1302, 24
1303, 0
1304, 0
1305, 41
1306, 37
1307, 31
1308, 27
1309, 25
1310, 21
1311, 0
1312, 0
1313, 27
1314, 21
1315, 17
1316, 15
1317, 13
1318, 0
1319, 0
1320, 0
1321, 35
1322, 33
1323, 35
1324, 28
1325, 0
1326, 0
1327, 0
1328, 0
1329, 26
1330, 21
1331, 15
1332, 13
1333, 10
1334, 9
1335, 0
1336, 0
1337, 29
1338, 24
1339, 22
1340, 20
1341, 0
1342, 14
1343, 0
1344, 0
1345, 25
1346, 23
1347, 25
1348, 23
1349, 22
1350, 0
1351, 0
1352, 0
1353, 20
1354, 15
1355, 14
1356, 0
1357, 0
1358, 0
1359, 0
1360, 0
1361, 21
1362, 0
1363, 12
1364, 9
1365, 9
1366, 0
1367, 0
1368, 0
1369, 18
1370, 17
1371, 12
1372, 8
1373, 0
1374, 0
1375, 0
1376, 0
1377, 13
1378, 0
1379, 6
1380, 3
1381, 2
1382, -3
1383, 0
1384, 0
1385, 0
1386, 0
1387, -2
1388, 0
1389, 0
1390, -10
1391, 0
1392, 0
1393, -1
1394, 0
1395, 0
1396, -13
1397, -17
1398, -20
1399, 0
1400, 0
1401, -5
1402, -7
1403, -11
1404, -15
1405, 0
1406, 0
1407, 0
1408, 0
1409, 0
1410, -18
1411, -19
1412, -23
1413, 0
1414, 0
1415, 0
1416, 0
1417, -13
1418, 0
1419, -17
1420, -23
1421, -25
1422, -28
1423, 0
1424, 0
1425, -11
1426, 1
1427, -14
1428, -15
1429, -19
1430, 0
1431, 0
1432, 0
1433, 0
1434, -1
1435, 1
1436, 0
1437, 0
1438, -12
1439, 0
1440, 0
1441, 0
1442, -13
1443, 0
1444, -12
1445, 0
1446, -22
1447, 0
1448, 0
1449, -4
1450, -9
1451, -9
1452, -10
1453, -14
1454, 0
1455, 0
1456, 0
1457, -8
1458, -10
1459, -10
1460, -16
1461, -17
1462, -17
1463, 0
1464, 0
1465, -24
1466, 0
1467, -25
1468, 0
1469, -33
1470, 0
1471, 0
1472, 0
1473, -28
1474, 0
1475, -33
1476, 0
1477, -42
1478, -43
1479, 0
1480, 0
1481, -36
1482, -39
1483, -41
1484, -44
1485, -45
1486, 0
1487, 0
1488, 0
1489, -33
1490, -37
1491, -36
1492, -40
1493, -45
1494, 0
1495, 0
1496, 0
1497, -35
1498, 0
1499, -40
1500, -44
1501, -47
1502, -49
1503, 0
1504, 0
1505, -40
1506, 0
1507, -45
1508, -48
1509, -49
1510, -53
1511, 0
1512, 0
1513, -38
1514, -41
1515, -40
1516, -42
1517, -46
1518, -51
1519, 0
1520, 0
1521, 0
1522, 0
1523, -52
1524, -55
1525, -59
1526, -60
1527, 0
1528, 0
1529, -40
1530, -46
1531, -48
1532, -49
1533, -49
1534, 0
1535, 0
1536, 0
1537, -46
1538, -49
1539, -47
1540, -50
1541, 0
1542, 0
1543, 0
1544, 0
1545, -48
1546, -50
1547, -53
1548, -54
1549, -57
1550, 0
1551, 0
1552, 0
1553, -51
1554, -54
1555, -54
1556, 0
1557, -59
1558, 0
1559, 0
1560, 0
1561, -47
1562, -47
1563, -47
1564, -50
1565, 0
1566, 0
1567, 0
1568, 0
1569, -48
1570, -49
1571, -48
1572, -53
1573, -54
1574, -58
1575, 0
1576, 0
1577, -46
1578, -48
1579, 0
1580, -51
1581, 0
1582, 0
1583, 0
1584, 0
1585, -47
1586, 0
1587, -54
1588, -56
1589, -58
1590, -60
1591, 0
1592, 0
1593, -50
1594, -53
1595, -56
1596, -60
1597, -63
1598, 0
1599, 0
1600, 0
1601, -51
1602, 0
1603, -61
1604, -62
1605, -62
1606, -64
1607, 0
1608, 0
1609, -59
1610, -61
1611, -61
1612, -64
1613, 0
1614, 0
1615, 0
1616, 0
1617, -59
1618, -60
1619, -63
1620, -64
1621, -67
1622, -71
1623, 0
1624, 0
1625, -68
1626, -69
1627, -72
1628, -73
1629, -74
1630, 0
1631, 0
1632, 0
1633, -69
1634, -72
1635, -73
1636, -75
1637, -73
1638, 0
1639, 0
1640, 0
1641, -62
1642, -64
1643, -65
1644, -69
1645, -70
1646, -71
1647, 0
1648, 0
1649, -67
1650, -72
1651, -74
1652, -76
1653, -76
1654, -77
1655, 0
1656, 0
1657, -69
1658, 0
1659, -68
1660, -72
1661, -76
1662, -77
1663, 0
1664, 0
1665, -74
1666, 0
1667, -77
1668, -81
1669, -85
1670, -88
1671, 0
1672, 0
1673, -75
1674, 0
1675, -78
1676, -81
1677, 0
1678, 0
1679, 0
1680, 0
1681, -75
1682, -78
1683, 0
1684, -76
1685, 0
1686, -85
1687, 0
1688, 0
1689, -73
1690, -76
1691, -78
1692, -80
1693, 0
1694, -85
1695, 0
1696, 0
1697, -82
1698, -85
1699, -89
1700, -91
1701, -91
1702, -92
1703, 0
1704, 0
1705, -91
1706, -92
1707, -93
1708, -95
1709, -96
1710, 0
1711, 0
1712, 0
1713, -93
1714, 0
1715, -100
1716, -104
1717, -105
1718, -105
1719, 0
1720, 0
1721, -84
1722, -83
1723, -84
1724, -86
1725, -87
1726, 0
1727, 0
1728, 0
1729, -74
1730, -77
1731, -77
1732, -80
1733, 0
1734, 0
1735, 0
1736, 0
1737, -67
1738, -70
1739, 0
1740, -76
1741, -91
1742, -94
1743, 0
1744, 0
1745, -82
1746, -84
1747, -86
1748, -88
1749, 0
1750, 0
1751, 0
1752, 0
1753, -86
1754, 0
1755, -89
1756, -91
1757, -92
1758, 0
1759, 0
1760, 0
1761, -89
1762, 0
1763, -96
1764, -98
1765, -100
1766, -101
1767, 0
1768, 0
1769, -88
1770, -92
1771, -94
1772, -96
1773, -96
1774, -96
1775, 0
1776, -99
1777, 0
1778, -106
1779, -106
1780, -116
1781, -116
1782, -119
1783, 0
1784, 0
1785, -116
1786, -119
1787, -120
1788, -120
1789, 0
1790, -122
1791, 0
1792, 0
1793, -114
1794, -115
1795, -116
1796, -118
1797, -117
1798, -116
1799, -119
1800, 0
1801, -110
1802, -108
1803, -108
1804, 0
1805, -112
1806, -112
1807, 0
1808, 0
1809, -106
1810, 0
1811, -104
1812, -106
1813, -107
1814, -107
1815, 0
1816, 0
1817, -85
1818, -85
1819, -87
1820, -88
1821, -89
1822, 0
1823, 0
1824, 0
1825, -79
1826, -82
1827, -83
1828, -86
1829, -91
1830, -101
1831, -106
1832, -111
1833, -115
1834, -116
1835, 0
1836, -120
1837, 0
1838, -127
1839, 0
1840, 0
1841, -112
1842, -112
1843, -114
1844, -114
1845, -114
1846, -115
1847, 0
1848, 0
1849, -110
1850, -111
1851, -114
1852, -114
1853, -114
1854, -115
1855, 0
1856, 0
1857, -111
1858, -112
1859, -115
1860, -116
1861, -118
1862, -118
1863, 0
1864, 0
1865, -106
1866, 0
1867, 0
1868, 0
1869, 0
1870, -107
1871, -110
1872, -111
1873, -112
1874, 0
1875, -111
1876, -114
1877, -118
1878, -120
1879, 0
1880, 0
1881, -107
1882, 0
1883, -106
1884, 0
1885, -112
1886, -112
1887, 0
1888, 0
1889, -101
1890, -102
1891, -105
1892, -107
1893, -109
1894, -110
1895, -111
1896, -112
1897, -113
1898, -117
1899, -118
1900, -117
1901, -119
1902, -118
1903, 0
1904, 0
1905, -110
1906, -112
1907, -111
1908, -113
1909, -115
1910, -115
1911, -114
1912, -118
1913, 0
1914, 0
1915, -119
1916, -122
1917, -127
1918, -127
1919, 0
1920, 0
1921, -116
1922, -117
1923, -116
1924, -116
1925, -119
1926, 0
1927, 0
1928, 0
1929, -110
1930, -111
1931, -114
1932, 0
1933, -115
1934, -116
1935, 0
1936, -119
1937, -121
1938, -123
1939, -122
1940, -126
1941, -126
1942, -127
1943, 0
1944, 0
1945, -115
1946, -117
1947, -116
1948, -121
1949, -121
1950, -123
1951, 0
1952, -123
1953, 0
1954, 0
1955, -127
1956, -130
1957, -132
1958, -134
1959, 0
1960, 0
1961, -120
1962, -121
1963, -122
1964, -124
1965, -125
1966, -127
1967, 0
1968, 0
1969, -116
1970, -116
1971, -116
1972, -118
1973, -119
1974, -121
1975, 0
1976, -121
1977, -121
1978, -125
1979, -126
1980, -128
1981, 0
1982, 0
1983, 0
1984, 0
1985, -116
1986, -119
1987, -120
1988, -123
1989, -122
1990, -122
1991, 0
1992, -124
1993, 0
1994, -129
1995, -128
1996, -132
1997, -133
1998, -134
1999, 0
2000, 0
2001, 0
2002, 0
2003, -131
2004, -132
2005, -135
2006, -136
2007, 0
2008, 0
2009, -128
2010, -132
2011, -132
2012, -133
2013, -135
2014, 0
2015, 0
2016, 0
2017, -123
2018, -124
2019, -123
2020, -126
2021, 0
2022, -127
2023, 0
2024, -132
2025, -133
2026, -133
2027, -133
2028, -136
2029, -137
2030, -139
2031, 0
2032, 0
2033, 0
2034, 0
2035, -134
2036, -137
2037, -138
2038, -140
2039, 0
2040, 0
2041, -134
2042, -135
2043, -137
2044, -137
2045, -139
2046, -140
2047, 0
2048, 0
2049, 0
2050, 0
2051, -136
2052, -139
2053, -140
2054, -141
2055, 0
2056, 0
2057, -134
2058, -135
2059, -137
2060, -137
2061, 0
2062, -142
2063, 0
2064, 0
2065, -138
2066, -138
2067, -139
2068, -140
2069, -141
2070, -141
2071, 0
2072, 0
2073, -139
2074, 0
2075, -139
2076, -140
2077, -142
2078, -143
2079, 0
2080, 0
2081, -140
2082, -140
2083, -139
2084, -141
2085, 0
2086, -143
2087, 0
2088, 0
2089, 0
2090, -140
2091, 0
2092, -141
2093, 0
2094, 0
2095, 0
2096, 0
2097, -138
2098, -139
2099, -141
2100, -141
2101, 0
2102, 0
2103, 0
2104, 0
2105, -139
2106, -138
2107, -142
2108, -143
2109, -143
2110, -145
2111, 0
2112, 0
2113, -139
2114, -140
2115, -142
2116, -142
2117, -142
2118, -144
2119, 0
2120, 0
2121, -138
2122, -141
2123, -140
2124, -141
2125, -141
2126, -143
2127, -142
2128, 0
2129, -138
2130, -138
2131, -142
2132, -143
2133, -143
2134, -143
2135, -144
2136, 0
2137, -139
2138, -140
2139, -141
2140, -142
2141, -143
2142, -145
2143, -146
2144, -146
2145, -146
2146, -146
2147, -148
2148, -150
2149, -150
2150, -153
2151, 0
2152, 0
2153, 0
2154, 0
2155, -145
2156, -147
2157, -149
2158, -150
2159, 0
2160, 0
2161, -145
2162, -147
2163, -148
2164, -148
2165, -149
2166, 0
2167, 0
2168, 0
2169, -143
2170, -144
2171, 0
2172, -147
2173, -149
2174, -150
2175, 0
2176, 0
2177, 0
2178, -144
2179, -145
2180, -146
2181, -146
2182, -147
2183, -148
2184, -150
2185, -151
2186, 0
2187, -150
2188, 0
2189, -154
2190, 0
2191, 0
2192, 0
2193, 0
2194, -149
2195, 0
2196, -154
2197, -153
2198, -154
2199, 0
2200, 0
2201, -150
2202, -151
2203, -150
2204, -151
2205, -152
2206, -152
2207, 0
2208, 0
2209, -147
2210, -147
2211, -147
2212, -150
2213, -151
2214, -153
2215, 0
2216, 0
2217, 0
2218, -145
2219, -143
2220, -143
2221, -143
2222, -143
2223, -144
2224, -146
2225, -145
2226, -147
2227, -148
2228, -147
2229, 0
2230, -153
2231, 0
2232, 0
2233, -147
2234, -148
2235, -147
2236, -152
2237, -154
2238, -156
2239, 0
2240, 0
2241, -145
2242, -146
2243, -145
2244, -148
2245, -148
2246, -149
2247, -149
2248, 0
2249, -148
2250, -150
2251, -151
2252, -151
2253, 0
2254, -154
2255, 0
2256, 0
2257, -148
2258, -147
2259, -148
2260, -150
2261, -151
2262, 0
2263, 0
2264, 0
2265, -145
2266, -146
2267, -148
2268, -149
2269, -148
2270, -150
2271, -151
2272, -151
2273, -152
2274, -153
2275, -154
2276, -155
2277, 0
2278, -153
2279, 0
2280, 0
2281, -150
2282, -150
2283, -151
2284, -152
2285, -153
2286, 0
2287, 0
2288, 0
2289, 0
2290, -146
2291, -147
2292, -150
2293, -149
2294, -149
2295, -150
2296, -152
2297, 0
2298, -153
2299, -155
2300, -156
2301, 0
2302, -155
2303, 0
2304, 0
2305, -151
2306, -152
2307, -152
2308, 0
2309, -151
2310, -152
2311, -154
2312, -155
2313, -156
2314, 0
2315, -155
2316, -156
2317, -159
2318, -162
2319, 0
2320, 0
2321, -153
2322, -154
2323, -153
2324, -155
2325, -154
2326, -154
2327, 0
2328, -155
2329, 0
2330, 0
2331, -159
2332, -160
2333, -162
2334, -163
2335, 0
2336, 0
2337, -156
2338, -155
2339, -158
2340, 0
2341, -156
2342, 0
2343, 0
2344, 0
2345, -154
2346, -155
2347, -155
2348, -156
2349, -154
2350, -157
2351, -158
2352, -156
2353, -157
2354, -159
2355, -159
2356, -158
2357, 0
2358, -162
2359, 0
2360, 0
2361, -156
2362, -158
2363, -158
2364, -159
2365, -158
2366, -158
2367, -159
2368, -159
2369, -160
2370, 0
2371, -159
2372, -163
2373, -164
2374, -163
2375, 0
2376, 0
2377, 0
2378, -158
2379, -158
2380, -158
2381, -157
2382, -155
2383, -156
2384, -156
2385, -156
2386, -156
2387, -157
2388, -159
2389, -159
2390, -159
2391, 0
2392, 0
2393, -155
2394, -155
2395, -158
2396, 0
2397, -154
2398, 0
2399, -161
2400, -167
2401, 0
2402, -166
2403, 0
2404, -168
2405, -166
2406, -165
2407, 0
2408, 0
2409, -159
2410, -159
2411, -159
2412, -159
2413, 0
2414, -159
2415, -159
2416, -159
2417, 0
2418, -162
2419, -164
2420, -162
2421, -161
2422, 0
2423, 0
2424, 0
2425, -152
2426, -154
2427, -154
2428, -155
2429, -156
2430, -159
2431, -164
2432, -165
2433, -163
2434, -164
2435, -163
2436, 0
2437, -167
2438, -167
2439, 0
2440, 0
2441, -161
2442, -161
2443, -163
2444, -164
2445, -163
2446, -163
2447, -163
2448, -163
2449, -168
2450, -168
2451, -167
2452, 0
2453, 0
2454, -166
2455, -168
2456, -167
2457, 0
2458, -170
2459, -169
2460, -171
2461, -172
2462, -172
2463, 0
2464, 0
2465, -157
2466, -158
2467, -159
2468, -165
2469, -164
2470, -165
2471, 0
2472, -162
2473, 0
2474, -167
2475, -166
2476, -167
2477, -168
2478, -169
2479, -169
2480, -168
2481, 0
2482, -170
2483, -170
2484, -170
2485, -171
2486, -171
2487, -172
2488, -172
2489, -172
2490, -175
2491, -174
2492, -175
2493, -175
2494, 0
2495, -174
2496, -175
2497, 0
2498, -177
2499, -177
2500, -177
2501, -178
2502, -179
2503, 0
2504, 0
2505, -167
2506, -168
2507, -167
2508, -168
2509, -169
2510, -168
2511, 0
2512, 0
2513, -162
2514, -162
2515, -162
2516, -164
2517, -164
2518, -165
2519, -165
2520, -164
2521, -165
2522, -167
2523, -167
2524, -167
2525, -166
2526, -162
2527, -163
2528, -163
2529, -163
2530, -163
2531, -164
2532, -166
2533, -166
2534, 0
2535, -164
2536, -160
2537, -161
2538, -162
2539, 0
2540, -159
2541, -159
2542, 0
2543, 0
2544, 0
2545, -158
2546, -158
2547, -157
2548, -157
2549, -157
2550, -158
2551, 0
2552, -158
2553, 0
2554, 0
2555, 0
2556, -155
2557, 0
2558, -165
2559, 0
2560, -163
2561, -163
2562, -163
2563, -166
2564, -166
2565, -165
2566, -166
2567, -165
2568, 0
2569, -159
2570, -159
2571, 0
2572, -157
2573, -157
2574, -156
2575, -157
2576, -158
2577, -159
2578, -158
2579, -156
2580, -158
2581, -158
2582, -159
2583, -158
2584, 0
2585, -161
2586, -163
2587, -163
2588, 0
2589, -161
2590, 0
2591, -165
2592, -164
2593, -164
2594, -164
2595, -163
2596, -165
2597, -165
2598, -165
2599, -165
2600, -165
2601, -166
2602, -166
2603, 0
2604, -166
2605, -167
2606, -166
2607, -167
2608, -166
2609, -166
2610, -166
2611, -165
2612, -166
2613, -166
2614, -168
2615, 0
2616, -165
2617, 0
2618, -168
2619, -168
2620, -168
2621, -170
2622, -173
2623, -175
2624, -175
2625, -175
2626, -175
2627, -174
2628, -175
2629, -175
2630, -176
2631, 0
2632, -173
2633, 0
2634, -177
2635, -177
2636, -176
2637, -177
2638, -177
2639, -176
2640, -177
2641, -176
2642, -174
2643, -175
2644, -175
2645, -175
2646, -177
2647, -177
2648, -178
2649, -177
2650, -180
2651, -180
2652, -180
2653, -181
2654, -182
2655, 0
2656, 0
2657, -176
2658, -177
2659, -178
2660, -178
2661, -176
2662, -175
2663, -176
2664, -178
2665, -178
2666, -177
2667, -178
2668, -179
2669, -178
2670, -179
2671, 0
2672, 0
2673, -173
2674, -176
2675, -175
2676, -177
2677, 0
2678, -175
2679, -176
2680, -177
2681, -178
2682, 0
2683, -177
2684, -180
2685, -181
2686, -180
2687, 0
2688, 0
2689, -172
2690, -172
2691, -171
2692, 0
2693, -171
2694, 0
2695, -173
2696, -174
2697, 0
2698, -172
2699, -174
2700, 0
2701, -177
2702, -177
2703, -177
2704, -178
2705, 0
2706, -177
2707, -177
2708, -177
2709, -177
2710, -178
2711, -178
2712, -178
2713, -180
2714, -180
2715, 0
2716, -177
2717, -179
2718, -179
2719, -179
2720, -179
2721, -178
2722, 0
2723, 0
2724, -178
2725, 0
2726, -179
2727, -178
2728, -178
2729, 0
2730, -177
2731, 0
2732, -180
2733, -180
2734, -180
2735, 0
2736, 0
2737, -173
2738, -173
2739, -172
2740, -172
2741, -172
2742, -172
2743, 0
2744, -170
2745, 0
2746, -173
2747, -172
2748, -173
2749, 0
2750, -171
2751, -171
2752, 0
2753, -170
2754, 0
2755, -174
2756, -172
2757, -172
2758, -173
2759, 0
2760, -170
2761, -174
2762, -176
2763, -175
2764, -176
2765, -175
2766, -175
2767, 0
2768, -172
2769, 0
2770, -176
2771, -173
2772, -175
2773, -175
2774, -174
2775, 0
2776, 0
2777, 0
2778, 0
2779, -174
2780, -174
2781, -175
2782, -175
2783, -173
2784, -173
2785, -174
2786, -175
2787, -174
2788, -175
2789, -174
2790, -175
2791, 0
2792, -172
2793, 0
2794, -175
2795, -173
2796, -175
2797, -176
2798, -175
2799, 0
2800, 0
2801, 0
2802, 0
2803, -175
2804, -175
2805, -176
2806, -176
2807, -174
2808, -174
2809, -176
2810, -176
2811, -175
2812, -176
2813, -176
2814, -176
2815, 0
2816, -175
2817, 0
2818, -176
2819, -174
2820, -176
2821, -176
2822, -175
2823, 0
2824, 0
2825, 0
2826, 0
2827, -175
2828, -175
2829, -176
2830, -176
2831, -174
2832, -174
2833, -175
2834, -176
2835, -175
2836, -176
2837, -175
2838, -178
2839, 0
2840, -173
2841, 0
2842, -176
2843, -176
2844, -176
2845, -176
2846, -175
2847, 0
2848, 0
2849, 0
2850, 0
2851, -175
2852, -175
2853, -176
2854, -176
2855, -174
2856, -176
2857, -178
2858, -175
2859, -176
2860, -176
2861, -176
2862, -175
2863, 0
2864, -173
2865, -174
2866, 0
2867, 0
2868, -173
2869, 0
2870, -176
2871, -175
2872, -172
2873, -173
2874, -174
2875, -173
2876, -173
2877, -173
2878, -179
2879, -179
2880, -178
2881, -178
2882, -179
2883, -178
2884, -177
2885, -178
2886, -179
2887, 0
2888, -177
2889, -177
2890, 0
2891, 0
2892, -176
2893, 0
2894, -177
2895, -176
2896, 0
2897, 0
2898, -185
2899, -184
2900, -184
2901, -183
2902, 0
2903, -185
2904, -184
2905, -185
2906, -184
2907, -185
2908, -185
2909, -184
2910, -184
2911, -184
2912, -182
2913, -184
2914, 0
2915, -180
2916, 0
2917, -183
2918, -181
2919, -182
2920, -182
2921, -182
2922, -182
2923, -182
2924, -181
2925, -180
2926, -181
2927, -180
2928, -180
2929, -181
2930, -180
2931, -181
2932, -181
2933, -182
2934, -181
2935, -182
2936, -180
2937, -180
2938, -179
2939, -177
2940, -176
2941, -175
2942, -176
2943, 0
2944, -175
2945, -176
2946, -177
2947, -177
2948, -178
2949, -176
2950, -177
2951, -177
2952, -177
2953, -177
2954, -177
2955, -177
2956, -177
2957, -175
2958, -177
2959, -177
2960, -175
2961, -176
2962, -175
2963, -174
2964, -175
2965, -175
2966, -174
2967, -174
2968, 0
2969, 0
2970, -181
2971, -182
2972, -182
2973, -182
2974, -182
2975, -181
2976, 0
2977, 0
2978, -188
2979, -187
2980, -188
2981, -188
2982, -186
2983, -187
2984, -188
2985, -188
2986, -187
2987, -186
2988, -186
2989, -186
2990, -185
2991, -185
2992, -183
2993, -183
2994, -183
2995, -183
2996, -181
2997, -183
2998, -183
2999, -182
3000, -182
3001, -181
3002, -180
3003, -179
3004, -180
3005, -182
3006, -181
3007, -180
3008, -180
3009, -181
3010, -180
3011, -181
3012, -181
3013, -181
3014, -180
3015, -180
3016, -178
3017, -178
3018, -179
3019, 0
3020, -175
3021, 0
3022, -177
3023, -178
3024, -177
3025, -178
3026, 0
3027, -175
3028, -177
3029, -176
3030, -175
3031, -176
3032, -174
3033, -174
3034, -174
3035, -172
3036, -173
3037, -173
3038, -172
3039, -173
3040, -173
3041, -173
3042, -172
3043, -171
3044, -171
3045, -172
3046, -172
3047, -171
3048, 0
3049, 0
3050, 0
3051, 0
3052, -178
3053, -177
3054, -176
3055, -177
3056, 0
3057, 0
3058, -185
3059, -185
3060, -184
3061, -184
3062, -182
3063, -181
3064, 0
3065, -181
3066, -180
3067, -182
3068, -180
3069, -178
3070, 0
3071, -177
3072, 0
3073, -179
3074, -178
3075, -176
3076, -177
3077, -177
3078, -177
3079, -177
3080, -176
3081, -176
3082, -176
3083, -174
3084, -174
3085, -175
3086, -175
3087, -175
3088, -174
3089, -175
3090, -174
3091, -174
3092, 0
3093, -171
3094, 0
3095, -172
3096, -169
3097, -170
3098, -170
3099, -169
3100, -168
3101, -167
3102, 0
3103, -169
3104, 0
3105, 0
3106, -175
3107, -174
3108, -174
3109, -175
3110, 0
3111, -173
3112, 0
3113, 0
3114, -181
3115, -180
3116, -180
3117, -181
3118, -180
3119, -179
3120, -177
3121, -176
3122, -178
3123, -177
3124, -175
3125, -175
3126, -174
3127, -175
3128, -175
3129, -175
3130, -175
3131, -175
3132, -171
3133, -172
3134, -173
3135, -173
3136, -172
3137, -170
3138, -170
3139, -171
3140, -171
3141, -170
3142, -170
3143, -170
3144, -168
3145, -169
3146, -168
3147, -167
3148, -166
3149, -165
3150, -166
3151, -166
3152, 0
3153, 0
3154, -170
3155, 0
3156, -172
3157, -171
3158, -170
3159, -170
3160, 0
3161, -178
3162, -178
3163, -178
3164, -176
3165, -175
3166, -175
3167, -176
3168, -175
3169, -174
3170, -173
3171, -172
3172, -172
3173, -172
3174, -170
3175, -171
3176, -170
3177, -170
3178, -168
3179, -167
3180, -169
3181, -169
3182, -166
3183, -168
3184, 0
3185, 0
3186, -173
3187, -174
3188, -172
3189, -171
3190, 0
3191, -172
3192, 0
3193, 0
3194, -176
3195, -177
3196, -176
3197, -176
3198, -176
3199, 0
3200, -171
3201, -172
3202, 0
3203, -170
3204, 0
3205, -170
3206, 0
3207, -171
3208, -172
3209, -170
3210, -168
3211, -168
3212, -167
3213, -164
3214, 0
3215, -166
3216, -165
3217, -166
3218, -165
3219, -165
3220, -163
3221, -163
3222, -164
3223, -164
3224, 0
3225, 0
3226, 0
3227, -176
3228, 0
3229, -174
3230, -173
3231, -175
3232, -174
3233, -172
3234, -172
3235, -172
3236, -172
3237, -171
3238, -156
3239, -157
3240, 0
3241, 0
3242, -162
3243, -162
3244, -161
3245, -160
3246, -159
3247, -158
3248, -156
3249, -155
3250, 0
3251, -158
3252, 0
3253, -152
3254, 0
3255, -153
3256, 0
3257, 0
3258, -158
3259, -160
3260, -160
3261, -156
3262, -158
3263, 0
3264, -154
3265, -155
3266, -155
3267, -153
3268, -152
3269, -153
3270, -151
3271, -150
3272, 0
3273, 0
3274, -158
3275, -154
3276, -154
3277, -155
3278, -157
3279, -155
3280, -154
3281, -154
3282, -153
3283, -153
3284, -151
3285, -151
3286, -151
3287, -151
3288, 0
3289, 0
3290, -165
3291, 0
3292, -159
3293, -161
3294, -160
3295, 0
3296, 0
3297, 0
3298, -156
3299, 0
3300, -157
3301, -156
3302, -155
3303, -154
3304, -154
3305, -152
3306, -150
3307, -150
3308, 0
3309, 0
3310, 0
3311, 0
3312, 0
3313, 0
3314, -162
3315, -161
3316, -162
3317, -161
3318, -160
3319, -160
3320, -160
3321, -161
3322, -160
3323, -158
3324, -157
3325, -156
3326, -157
3327, -156
3328, -153
3329, -153
3330, -153
3331, -153
3332, -152
3333, -150
3334, -150
3335, -150
3336, 0
3337, 0
3338, -158
3339, -156
3340, -156
3341, -155
3342, -153
3343, -155
3344, 0
3345, 0
3346, 0
3347, -159
3348, -158
3349, -158
3350, -157
3351, -157
3352, -158
3353, -156
3354, -156
3355, -156
3356, -156
3357, -154
3358, -153
3359, -153
3360, -151
3361, -153
3362, 0
3363, -149
3364, 0
3365, -150
3366, -150
3367, -149
3368, 0
3369, 0
3370, 0
3371, -159
3372, -159
3373, -159
3374, -159
3375, -157
3376, -157
3377, -156
3378, -155
3379, -155
3380, -154
3381, -154
3382, -152
3383, -150
3384, -150
3385, -150
3386, -149
3387, -148
3388, -148
3389, -148
3390, -146
3391, -145
3392, 0
3393, -153
3394, -152
3395, -148
3396, -146
3397, -147
3398, -145
3399, -143
3400, 0
3401, -150
3402, -147
3403, -148
3404, -148
3405, -146
3406, -146
3407, 0
3408, 0
3409, 0
3410, 0
3411, 0
3412, -150
3413, -148
3414, -146
3415, 0
3416, -144
3417, 0
3418, 0
3419, -144
3420, 0
3421, -139
3422, -140
3423, -140
3424, -140
3425, -138
3426, -138
3427, -139
3428, -138
3429, -138
3430, -135
3431, -134
3432, 0
3433, 0
3434, 0
3435, -149
3436, -149
3437, 0
3438, -144
3439, 0
3440, 0
3441, -139
3442, -138
3443, -138
3444, -137
3445, -137
3446, -136
3447, -136
3448, 0
3449, 0
3450, -151
3451, -153
3452, -153
3453, -150
3454, -148
3455, -148
3456, 0
3457, -143
3458, 0
3459, -145
3460, -143
3461, -143
3462, -141
3463, -142
3464, 0
3465, 0
3466, -153
3467, -153
3468, -154
3469, -154
3470, -152
3471, -152
3472, 0
3473, 0
3474, -157
3475, 0
3476, -152
3477, -153
3478, -151
3479, -151
3480, -149
3481, -148
3482, -149
3483, -149
3484, -147
3485, -145
3486, -144
3487, -144
3488, 0
3489, 0
3490, -158
3491, -158
3492, -155
3493, -156
3494, -155
3495, -152
3496, -152
3497, -151
3498, -150
3499, -149
3500, 0
3501, -146
3502, -145
3503, -146
3504, 0
3505, 0
3506, -148
3507, -148
3508, -147
3509, -147
3510, -146
3511, -145
3512, 0
3513, 0
3514, -152
3515, -147
3516, 0
3517, -144
3518, 0
3519, -145
3520, -143
3521, -143
3522, 0
3523, -141
3524, -142
3525, -142
3526, -140
3527, -138
3528, 0
3529, 0
3530, -143
3531, 0
3532, -141
3533, 0
3534, -141
3535, -141
3536, 0
3537, 0
3538, -144
3539, -142
3540, -140
3541, -141
3542, -141
3543, -139
3544, 0
3545, 0
3546, -144
3547, -144
3548, -142
3549, -140
3550, -139
3551, -140
3552, 0
3553, 0
3554, 0
3555, -143
3556, -141
3557, 0
3558, -138
3559, 0
3560, 0
3561, 0
3562, -144
3563, -141
3564, -141
3565, -140
3566, -138
3567, -138
3568, 0
3569, 0
3570, -142
3571, -138
3572, -138
3573, -137
3574, 0
3575, -130
3576, 0
3577, 0
3578, -137
3579, -134
3580, 0
3581, -134
3582, 0
3583, -128
3584, 0
3585, 0
3586, -137
3587, 0
3588, -132
3589, 0
3590, -132
3591, 0
3592, 0
3593, -135
3594, -133
3595, -132
3596, 0
3597, -132
3598, -129
3599, -129
3600, 0
3601, 0
3602, -143
3603, -141
3604, -139
3605, 0
3606, 0
3607, 0
3608, 0
3609, 0
3610, -132
3611, -131
3612, 0
3613, -126
3614, -127
3615, -124
3616, 0
3617, 0
3618, 0
3619, -125
3620, 0
3621, -126
3622, -123
3623, -123
3624, 0
3625, -129
3626, -126
3627, -126
3628, -124
3629, -123
3630, -123
3631, -124
3632, 0
3633, 0
3634, 0
3635, -134
3636, -132
3637, -133
3638, 0
3639, -127
3640, 0
3641, 0
3642, -133
3643, -132
3644, -133
3645, 0
3646, -127
3647, -127
3648, 0
3649, 0
3650, 0
3651, 0
3652, -130
3653, -130
3654, -128
3655, -127
3656, 0
3657, 0
3658, 0
3659, -127
3660, -125
3661, -125
3662, -124
3663, -123
3664, 0
3665, 0
3666, 0
3667, -124
3668, 0
3669, -121
3670, 0
3671, -121
3672, 0
3673, 0
3674, -135
3675, -133
3676, -130
3677, -126
3678, 0
3679, -128
3680, -128
3681, -128
3682, -122
3683, -122
3684, -122
3685, -121
3686, -121
3687, -121
3688, 0
3689, 0
3690, -129
3691, -131
3692, -130
3693, -130
3694, 0
3695, -123
3696, -122
3697, 0
3698, -124
3699, 0
3700, -118
3701, 0
3702, -115
3703, -116
3704, 0
3705, 0
3706, -128
3707, -127
3708, 0
3709, -123
3710, 0
3711, -121
3712, 0
3713, 0
3714, -125
3715, 0
3716, -120
3717, -119
3718, -117
3719, -117
3720, 0
3721, 0
3722, -123
3723, -121
3724, -119
3725, -114
3726, -114
3727, -116
3728, 0
3729, 0
3730, 0
3731, -126
3732, -123
3733, -123
3734, -121
3735, -119
3736, -119
3737, -117
3738, -114
3739, -115
3740, -114
3741, -111
3742, -110
3743, -109
3744, 0
3745, 0
3746, 0
3747, -119
3748, -119
3749, 0
3750, -112
3751, 0
3752, 0
3753, 0
3754, -125
3755, 0
3756, -120
3757, -118
3758, -119
3759, -119
3760, -116
3761, 0
3762, -111
3763, 0
3764, 0
3765, -109
3766, -108
3767, -103
3768, 0
3769, 0
3770, -119
3771, -116
3772, -114
3773, -113
3774, -111
3775, -110
3776, 0
3777, 0
3778, -112
3779, -112
3780, -111
3781, 0
3782, -107
3783, -105
3784, 0
3785, 0
3786, -109
3787, 0
3788, -105
3789, 0
3790, -104
3791, -102
3792, 0
3793, 0
3794, -113
3795, -110
3796, 0
3797, 0
3798, -104
3799, -105
3800, 0
3801, 0
3802, -117
3803, 0
3804, -111
3805, -112
3806, -111
3807, -108
3808, -106
3809, -104
3810, -103
3811, -104
3812, -99
3813, -98
3814, -98
3815, -96
3816, 0
3817, 0
3818, 0
3819, -104
3820, 0
3821, -101
3822, -100
3823, -101
3824, 0
3825, 0
3826, 0
3827, -110
3828, -107
3829, -106
3830, -105
3831, -104
3832, 0
3833, 0
3834, -107
3835, -107
3836, -105
3837, -102
3838, -100
3839, -97
3840, 0
3841, 0
3842, -101
3843, -99
3844, -98
3845, -96
3846, -93
3847, -93
3848, 0
3849, 0
3850, -103
3851, 0
3852, -96
3853, 0
3854, -99
3855, -95
3856, 0
3857, 0
3858, -106
3859, -106
3860, -104
3861, -102
3862, -100
3863, -96
3864, 0
3865, 0
3866, -101
3867, -99
3868, -97
3869, -96
3870, -94
3871, -92
3872, 0
3873, 0
3874, -94
3875, -93
3876, -90
3877, -90
3878, -88
3879, -88
3880, 0
3881, 0
3882, -96
3883, -97
3884, -93
3885, -91
3886, -90
3887, -87
3888, 0
3889, 0
3890, -99
3891, -97
3892, -96
3893, -91
3894, -89
3895, -89
3896, 0
3897, 0
3898, -87
3899, -84
3900, -81
3901, 0
3902, -80
3903, -78
3904, 0
3905, 0
3906, 0
3907, -85
3908, -84
3909, -81
3910, -80
3911, -78
3912, 0
3913, 0
3914, 0
3915, -79
3916, -78
3917, -77
3918, -74
3919, -73
3920, 0
3921, 0
3922, -86
3923, -87
3924, -84
3925, -85
3926, -84
3927, -79
3928, 0
3929, 0
3930, 0
3931, -89
3932, 0
3933, -82
3934, 0
3935, -81
3936, 0
3937, 0
3938, -91
3939, 0
3940, -85
3941, -82
3942, -81
3943, -82
3944, 0
3945, 0
3946, 0
3947, -87
3948, -87
3949, -87
3950, -85
3951, -84
3952, 0
3953, 0
3954, -82
3955, -84
3956, -81
3957, -77
3958, 0
3959, -71
3960, 0
3961, 0
3962, -84
3963, -81
3964, -79
3965, -75
3966, 0
3967, -74
3968, 0
3969, 0
3970, -82
3971, -79
3972, -78
3973, -77
3974, 0
3975, -72
3976, 0
3977, 0
3978, -82
3979, -82
3980, -78
3981, -75
3982, 0
3983, -71
3984, 0
3985, 0
3986, -82
3987, -80
3988, -75
3989, -72
3990, 0
3991, -73
3992, 0
3993, 0
3994, -73
3995, -70
3996, -68
3997, -67
3998, -66
3999, -63
4000, 0
4001, 0
4002, -71
4003, -69
4004, -67
4005, -66
4006, -65
4007, -61
4008, 0
4009, 0
4010, 0
4011, -78
4012, -73
4013, 0
4014, 0
4015, -70
4016, 0
4017, 0
4018, -72
4019, -69
4020, -64
4021, -61
4022, -61
4023, -60
4024, 0
4025, 0
4026, 0
4027, -68
4028, 0
4029, -66
4030, -64
4031, -58
4032, 0
4033, 0
4034, 0
4035, -67
4036, -65
4037, -62
4038, -59
4039, -57
4040, 0
4041, 0
4042, 0
4043, -65
4044, -61
4045, -60
4046, -59
4047, -57
4048, 0
4049, 0
4050, 0
4051, -64
4052, 0
4053, 0
4054, -56
4055, 0
4056, 0
4057, 0
4058, -64
4059, -62
4060, -60
4061, -55
4062, -53
4063, -55
4064, 0
4065, 0
4066, 0
4067, 0
4068, -58
4069, -58
4070, -55
4071, -52
4072, 0
4073, 0
4074, -57
4075, -59
4076, 0
4077, -51
4078, 0
4079, -47
4080, 0
4081, 0
4082, -57
4083, -54
4084, -48
4085, -49
4086, -46
4087, -45
4088, 0
4089, 0
4090, -50
4091, 0
4092, -48
4093, -47
4094, -43
4095, -40
4096, 0
4097, 0
4098, 0
4099, -49
4100, -48
4101, 0
4102, -37
4103, 0
4104, 0
4105, 0
4106, -48
4107, -44
4108, -42
4109, -37
4110, -36
4111, -37
4112, 0
4113, 0
4114, -45
4115, -52
4116, -47
4117, -46
4118, -44
4119, -39
4120, 0
4121, 0
4122, -47
4123, -47
4124, -42
4125, -38
4126, -36
4127, -33
4128, 0
4129, 0
4130, -42
4131, -40
4132, -36
4133, -31
4134, 0
4135, -31
4136, 0
4137, 0
4138, -29
4139, -25
4140, -22
4141, -21
4142, 0
4143, -17
4144, 0
4145, 0
4146, 0
4147, -32
4148, -25
4149, -21
4150, 1
4151, -15
4152, 0
4153, 0
4154, -24
4155, -23
4156, -19
4157, -15
4158, -11
4159, -11
4160, 0
4161, 0
4162, -26
4163, -22
4164, -17
4165, -16
4166, 0
4167, -13
4168, 0
4169, 0
4170, -20
4171, -20
4172, 0
4173, -12
4174, 1
4175, -7
4176, 0
4177, 0
4178, 0
4179, -20
4180, 0
4181, -12
4182, 0
4183, -11
4184, 0
4185, 0
4186, 0
4187, -21
4188, -17
4189, -18
4190, -15
4191, -10
4192, 0
4193, 0
4194, -25
4195, -25
4196, -21
4197, -18
4198, 0
4199, -12
4200, 0
4201, 0
4202, 0
4203, -10
4204, 0
4205, -2
4206, 1
4207, 0
4208, 0
4209, 0
4210, 0
4211, -16
4212, -14
4213, -13
4214, -9
4215, 0
4216, 0
4217, 0
4218, -12
4219, -11
4220, -8
4221, 0
4222, -2
4223, 3
4224, 0
4225, 0
4226, 0
4227, -11
4228, -7
4229, -1
4230, -1
4231, 1
4232, 0
4233, 0
4234, 0
4235, -7
4236, 0
4237, 0
4238, -2
4239, 3
4240, 0
4241, 0
4242, -10
4243, -9
4244, -7
4245, -2
4246, 2
4247, 6
4248, 0
4249, 0
4250, -12
4251, -8
4252, 0
4253, 1
4254, 3
4255, 5
4256, 0
4257, 0
4258, 0
4259, 0
4260, 0
4261, 9
4262, 10
4263, 14
4264, 0
4265, 0
4266, 0
4267, -6
4268, -2
4269, 3
4270, 0
4271, 0
4272, 0
4273, 0
4274, 1
4275, 5
4276, 0
4277, 11
4278, 17
4279, 20
4280, 0
4281, 0
4282, 0
4283, 8
4284, 13
4285, 15
4286, 0
4287, 22
4288, 0
4289, 0
4290, 0
4291, 12
4292, 14
4293, 20
4294, 0
4295, 30
4296, 0
4297, 0
4298, 0
4299, 0
4300, 22
4301, 0
4302, 25
4303, 30
4304, 0
4305, 0
4306, 10
4307, 11
4308, 18
4309, 21
4310, 0
4311, 24
4312, 0
4313, 0
4314, 22
4315, 24
4316, 26
4317, 32
4318, 34
4319, 39
4320, 0
4321, 0
4322, 18
4323, 23
4324, 25
4325, 29
4326, 35
4327, 36
4328, 0
4329, 0
4330, 24
4331, 26
4332, 32
4333, 36
4334, 37
4335, 40
4336, 0
4337, 0
4338, 0
4339, 36
4340, 0
4341, 40
4342, 47
4343, 50
4344, 0
4345, 0
4346, 0
4347, 34
4348, 37
4349, 43
4350, 47
4351, 51
4352, 0
4353, 0
4354, 28
4355, 35
4356, 41
4357, 41
4358, 42
4359, 48
4360, 0
4361, 0
4362, 0
4363, 35
4364, 38
4365, 42
4366, 47
4367, 53
4368, 0
4369, 0
4370, 39
4371, 43
4372, 51
4373, 57
4374, 0
4375, 64
4376, 0
4377, 0
4378, 42
4379, 47
4380, 51
4381, 58
4382, 0
4383, 65
4384, 0
4385, 0
4386, 0
4387, 59
4388, 60
4389, 67
4390, 75
4391, 78
4392, 0
4393, 0
4394, 0
4395, 0
4396, 72
4397, 75
4398, 81
4399, 83
4400, 0
4401, 0
4402, 0
4403, 63
4404, 71
4405, 76
4406, 0
4407, 80
4408, 0
4409, 0
4410, 0
4411, 73
4412, 0
4413, 78
4414, 85
4415, 92
4416, 0
4417, 0
4418, 0
4419, 70
4420, 75
4421, 84
4422, 0
4423, 94
4424, 0
4425, 0
4426, 62
4427, 68
4428, 77
4429, 81
4430, 0
4431, 91
4432, 0
4433, 0
4434, 0
4435, 92
4436, 93
4437, 101
4438, 109
4439, 114
4440, 0
4441, 0
4442, 0
4443, 104
4444, 112
4445, 118
4446, 127
4447, 131
4448, 0
4449, 0
4450, 0
4451, 116
4452, 124
4453, 132
4454, 0
4455, 139
4456, 0
4457, 0
4458, 0
4459, 0
4460, 125
4461, 131
4462, 138
4463, 145
4464, 0
4465, 0
4466, 0
4467, 133
4468, 0
4469, 0
4470, 154
4471, 162
4472, 0
4473, 0
4474, 0
4475, 119
4476, 128
4477, 135
4478, 137
4479, 147
4480, 0
4481, 0
4482, 0
4483, 0
4484, 134
4485, 144
4486, 0
4487, 168
4488, 0
4489, 0
4490, 0
4491, 156
4492, 166
4493, 177
4494, 187
4495, 195
4496, 0
4497, 0
4498, 180
4499, 193
4500, 205
4501, 214
4502, 216
4503, 231
4504, 0
4505, 0
4506, 0
4507, 246
4508, 248
4509, 262
4510, 277
4511, 290
4512, 0
4513, 0
4514, 0
4515, 0
4516, 299
4517, 320
4518, 0
4519, 353
4520, 0
4521, 0
4522, 324
4523, 332
4524, 347
4525, 362
4526, 365
4527, 412
4528, 0
4529, 0
4530, 0
4531, 672
4532, 674
4533, 711
4534, 734
