0, 0
1, 0
2, 0
3, 0
4, 0
5, 0
6, 0
7, 0
8, 0
9, 0
10, 0
11, 0
12, 0
13, 0
14, 0
15, 0
16, 0
17, 0
18, 0
19, 0
20, 0
21, 0
22, 0
23, 0
24, 0
25, 0
26, 0
27, 0
28, 0
29, 0
30, 0
31, 0
32, 0
33, 0
34, 0
35, 0
36, 0
37, 0
38, 0
39, 0
40, 0
41, 0
42, 0
43, 0
44, 0
45, 0
46, 0
47, 0
48, 0
49, 0
50, 0
51, 0
52, 0
53, 0
54, 0
55, 0
56, 0
57, 0
58, 0
59, 0
60, 0
61, 0
62, 0
63, 0
64, 0
65, 0
66, 0
67, 0
68, 0
69, 0
70, 0
71, 0
72, 0
73, 0
74, 0
75, 0
76, 0
77, 0
78, 0
79, 0
80, 0
81, 0
82, 0
83, 0
84, 0
85, 0
86, 0
87, 0
88, 0
89, 0
90, 0
91, 0
92, 0
93, 0
94, 0
95, 0
96, 0
97, 0
98, 0
99, 0
100, 0
101, 0
102, 0
103, 0
104, 0
105, 0
106, 0
107, 0
108, 0
109, 0
110, 0
111, 0
112, 0
113, 0
114, 0
115, 0
116, 0
117, 0
118, 0
119, 0
120, 0
121, 0
122, 0
123, 0
124, 0
125, 0
126, 0
127, 0
128, 0
129, 0
130, 0
131, 0
132, 0
133, 0
134, 0
135, 0
136, 0
137, 0
138, 0
139, 0
140, 0
141, 0
142, 0
143, 0
144, 0
145, 0
146, 0
147, 0
148, 0
149, 0
150, 0
151, 0
152, 0
153, 0
154, 0
155, 0
156, 0
157, 0
158, 0
159, 0
160, 0
161, 0
162, 0
163, 0
164, 0
165, 0
166, 0
167, 0
168, 0
169, 0
170, 0
171, 0
172, 0
173, 0
174, 0
175, 0
176, 0
177, 0
178, 0
179, 0
180, 0
181, 0
182, 0
183, 0
184, 0
185, 0
186, 0
187, 0
188, 0
189, 0
190, 0
191, 0
192, 0
193, 0
194, 0
195, 0
196, 0
197, 0
198, 0
199, 0
200, 0
201, 0
202, 0
203, 0
204, 0
205, 0
206, 0
207, 0
208, 0
209, 0
210, 0
211, 0
212, 0
213, 0
214, 0
215, 0
216, 0
217, 0
218, 0
219, 0
220, 0
221, 0
222, 0
223, 0
224, 0
225, 0
226, 0
227, 0
228, 0
229, 0
230, 0
231, 0
232, 0
233, 0
234, 0
235, 0
236, 0
237, 0
238, 0
239, 0
240, 0
241, 0
242, 0
243, 0
244, 0
245, 0
246, 0
247, 0
248, 0
249, 0
250, 0
251, 0
252, 0
253, 0
254, 0
255, 0
256, 0
257, 0
258, 0
259, 0
260, 0
261, 0
262, 0
263, 0
264, 0
265, 0
266, 0
267, 0
268, 0
269, 0
270, 0
271, 0
272, 0
273, 0
274, 0
275, 0
276, 0
277, 0
278, 0
279, 0
280, 0
281, 0
282, 0
283, 0
284, 0
285, 0
286, 0
287, 0
288, 0
289, 0
290, 0
291, 0
292, 0
293, 0
294, 0
295, 0
296, 0
297, 0
298, 0
299, 0
300, 0
301, 0
302, 0
303, 0
304, 0
305, 0
306, 0
307, 0
308, 0
309, 0
310, 0
311, 0
312, 0
313, 0
314, 0
315, 0
316, 0
317, 0
318, 0
319, 0
320, 0
321, 0
322, 0
323, 0
324, 0
325, 0
326, 0
327, 0
328, 0
329, 0
330, 0
331, 0
332, 0
333, 0
334, 0
335, 0
336, 0
337, 0
338, 0
339, 0
340, 0
341, 0
342, 0
343, 0
344, 0
345, 0
346, 0
347, 0
348, 0
349, 0
350, 0
351, 0
352, 0
353, 0
354, 0
355, 0
356, 0
357, 0
358, 0
359, 0
360, 0
361, 0
362, 0
363, 0
364, 0
365, 0
366, 0
367, 0
368, 0
369, 0
370, 0
371, 0
372, 0
373, 0
374, 0
375, 0
376, 0
377, 0
378, 0
379, 0
380, 0
381, 0
382, 0
383, 0
384, 0
385, 0
386, 0
387, 0
388, 0
389, 0
390, 0
391, 0
392, 0
393, 0
394, 0
395, 0
396, 0
397, 0
398, 0
399, 0
400, 0
401, 0
402, 0
403, 0
404, 0
405, 0
406, 0
407, 0
408, 0
409, 0
410, 0
411, 0
412, 0
413, 0
414, 0
415, 0
416, 0
417, 0
418, 0
419, 0
420, 0
421, 0
422, 0
423, 0
424, 0
425, 0
426, 0
427, 0
428, 0
429, 0
430, 0
431, 0
432, 0
433, 0
434, 0
435, 0
436, 0
437, 0
438, 0
439, 0
440, 0
441, 0
442, 0
443, 0
444, 0
445, 0
446, 0
447, 0
448, 0
449, 0
450, 0
451, 0
452, 0
453, 0
454, 0
455, 0
456, 0
457, 0
458, 0
459, 0
460, 0
461, 0
462, 0
463, 0
464, 0
465, 0
466, 0
467, 0
468, 0
469, 0
470, 0
471, 0
472, 0
473, 0
474, 0
475, 0
476, 0
477, 0
478, 0
479, 0
480, 0
481, 0
482, 0
483, 0
484, 0
485, 0
486, 0
487, 0
488, 0
489, 0
490, 0
491, 0
492, 0
493, 0
494, 0
495, 0
496, 0
497, 0
498, 0
499, 0
500, 0
501, 0
502, 0
503, 0
504, 0
505, 0
506, 0
507, 0
508, 0
509, 0
510, 0
511, 0
512, 0
513, 0
514, 0
515, 0
516, 0
517, 0
518, 0
519, 0
520, 0
521, 0
522, 0
523, 0
524, 0
525, 0
526, 0
527, 0
528, 0
529, 0
530, 0
531, 0
532, 0
533, 0
534, 0
535, 0
536, 0
537, 0
538, 0
539, 0
540, 0
541, 0
542, 0
543, 0
544, 0
545, 0
546, 0
547, 0
548, 0
549, 0
550, 0
551, 0
552, 0
553, 0
554, 0
555, 0
556, 0
557, 0
558, 0
559, 0
560, 0
561, 0
562, 0
563, 0
564, 0
565, 0
566, 0
567, 0
568, 0
569, 0
570, 0
571, 0
572, 0
573, 0
574, 0
575, 0
576, 0
577, 0
578, 0
579, 0
580, 0
581, 0
582, 0
583, 0
584, 0
585, 0
586, 0
587, 0
588, 0
589, 0
590, 0
591, 0
592, 0
593, 0
594, 0
595, 0
596, 0
597, 0
598, 0
599, 0
600, 0
601, 0
602, 0
603, 0
604, 0
605, 0
606, 0
607, 0
608, 0
609, 0
610, 0
611, 0
612, 0
613, 0
614, 0
615, 0
616, 0
617, 0
618, 0
619, 0
620, 0
621, 0
622, 0
623, 0
624, 0
625, 0
626, 0
627, 0
628, 0
629, 0
630, 0
631, 0
632, 0
633, 0
634, 0
635, 0
636, 0
637, 0
638, 0
639, 0
640, 0
641, 0
642, 0
643, 0
644, 0
645, 0
646, 0
647, 0
648, 0
649, 0
650, 0
651, 0
652, 0
653, 0
654, 0
655, 0
656, 0
657, 0
658, 0
659, 0
660, 0
661, 0
662, 0
663, 0
664, 0
665, 0
666, 0
667, 0
668, 0
669, 0
670, 0
671, 0
672, 0
673, 0
674, 0
675, 0
676, 0
677, 0
678, 0
679, 0
680, 0
681, 0
682, 0
683, 0
684, 0
685, 0
686, 0
687, 0
688, 0
689, 0
690, 0
691, 0
692, 0
693, 0
694, 0
695, 0
696, 0
697, 0
698, 0
699, 0
700, 0
701, 0
702, 0
703, 0
704, 0
705, 0
706, 0
707, 0
708, 0
709, 0
710, 0
711, 0
712, 0
713, 0
714, 0
715, 0
716, 0
717, 0
718, 0
719, 0
720, 0
721, 0
722, 0
723, 0
724, 0
725, 0
726, 0
727, 0
728, 0
729, 0
730, 0
731, 0
732, 0
733, 0
734, 0
735, 0
736, 0
737, 0
738, 0
739, 0
740, 0
741, 0
742, 0
743, 0
744, 0
745, 0
746, 0
747, 0
748, 0
749, 0
750, 0
751, 0
752, 0
753, 0
754, 0
755, 0
756, 0
757, 0
758, 0
759, 0
760, 0
761, 0
762, 0
763, 0
764, 0
765, 0
766, 0
767, 0
768, 0
769, 0
770, 0
771, 0
772, 0
773, 0
774, 0
775, 0
776, 0
777, 0
778, 0
779, 0
780, 0
781, 0
782, 0
783, 0
784, 0
785, 0
786, 0
787, 0
788, 0
789, 0
790, 0
791, 0
792, 0
793, 0
794, 0
795, 0
796, 0
797, 0
798, 0
799, 0
800, 0
801, 0
802, 0
803, 0
804, 0
805, 0
806, 0
807, 0
808, 0
809, 0
810, 0
811, 0
812, 0
813, 0
814, 0
815, 0
816, 0
817, 0
818, 0
819, 0
820, 0
821, 0
822, 0
823, 0
824, 0
825, 0
826, 0
827, 0
828, 0
829, 0
830, 0
831, 0
832, 0
833, 0
834, 0
835, 0
836, 0
837, 0
838, 0
839, 0
840, 0
841, 0
842, 0
843, 0
844, 0
845, 0
846, 0
847, 0
848, 0
849, 0
850, 0
851, 0
852, 0
853, 0
854, 0
855, 0
856, 0
857, 0
858, 0
859, 0
860, 0
861, 0
862, 0
863, 0
864, 0
865, 0
866, 0
867, 0
868, 0
869, 0
870, 0
871, 0
872, 0
873, 0
874, 0
875, 0
876, 0
877, 0
878, 0
879, 0
880, 0
881, 0
882, 0
883, 0
884, 0
885, 0
886, 0
887, 0
888, 0
889, 0
890, 0
891, 0
892, 0
893, 0
894, 0
895, 0
896, 0
897, 0
898, 0
899, 0
900, 0
901, 0
902, 0
903, 0
904, 0
905, 0
906, 0
907, 0
908, 0
909, 0
910, 0
911, 0
912, 0
913, 0
914, 0
915, 0
916, 0
917, 0
918, 0
919, 0
920, 0
921, 0
922, 0
923, 0
924, 0
925, 0
926, 0
927, 0
928, 0
929, 0
930, 0
931, 0
932, 0
933, 0
934, 0
935, 0
936, 0
937, 0
938, 0
939, 0
940, 0
941, 0
942, 0
943, 0
944, 0
945, 0
946, 0
947, 0
948, 0
949, 0
950, 0
951, 0
952, 0
953, 0
954, 0
955, 0
956, 0
957, 0
958, 0
959, 0
960, 0
961, 0
962, 0
963, 0
964, 0
965, 0
966, 0
967, 0
968, 0
969, 0
970, 0
971, 0
972, 0
973, 0
974, 0
975, 0
976, 0
977, 0
978, 0
979, 0
980, 0
981, 0
982, 0
983, 0
984, 0
985, 0
986, 0
987, 0
988, 0
989, 0
990, 0
991, 0
992, 0
993, 0
994, 0
995, 0
996, 0
997, 0
998, 0
999, 0
1000, 0
1001, 0
1002, 0
1003, 0
1004, 0
1005, 0
1006, 0
1007, 0
1008, 0
1009, 0
1010, 0
1011, 0
1012, 0
1013, 0
1014, 0
1015, 0
1016, 0
1017, 0
1018, 0
1019, 0
1020, 0
1021, 0
1022, 0
1023, 0
1024, 0
1025, 0
1026, 0
1027, 0
1028, 0
1029, 0
1030, 0
1031, 0
1032, 0
1033, 0
1034, 0
1035, 0
1036, 0
1037, 0
1038, 0
1039, 0
1040, 0
1041, 0
1042, 0
1043, 0
1044, 0
1045, 0
1046, 0
1047, 0
1048, 0
1049, 0
1050, 0
1051, 0
1052, 0
1053, 0
1054, 0
1055, 0
1056, 0
1057, 0
1058, 0
1059, 0
1060, 0
1061, 0
1062, 0
1063, 0
1064, 0
1065, 0
1066, 0
1067, 0
1068, 0
1069, 0
1070, 0
1071, 0
1072, 0
1073, 144
1074, 0
1075, 144
1076, 0
1077, 0
1078, 0
1079, 0
1080, 0
1081, 105
1082, 80
1083, 81
1084, 80
1085, 0
1086, 0
1087, 0
1088, 0
1089, 79
1090, 80
1091, 80
1092, 0
1093, 0
1094, 0
1095, 0
1096, 0
1097, 46
1098, 45
1099, 46
1100, 0
1101, 0
1102, 0
1103, 0
1104, 0
1105, 39
1106, 39
1107, 40
1108, 40
1109, 32
1110, 0
1111, 0
1112, 0
1113, 40
1114, 40
1115, 40
1116, 39
1117, 0
1118, 32
1119, 0
1120, 0
1121, 24
1122, 24
1123, 23
1124, 23
1125, 24
1126, 0
1127, 0
1128, 0
1129, 24
1130, 23
1131, 0
1132, 26
1133, 0
1134, 0
1135, 0
1136, 0
1137, 16
1138, 17
1139, 16
1140, 16
1141, 0
1142, 0
1143, 0
1144, 0
1145, 23
1146, 24
1147, 24
1148, 24
1149, 25
1150, 0
1151, 0
1152, 0
1153, 0
1154, 0
1155, 17
1156, 16
1157, 0
1158, 0
1159, 0
1160, 0
1161, 0
1162, 0
1163, 18
1164, 17
1165, 16
1166, 15
1167, 0
1168, 0
1169, 9
1170, 7
1171, 0
1172, 8
1173, 7
1174, 0
1175, 0
1176, 0
1177, 8
1178, 8
1179, 8
1180, 9
1181, 8
1182, 0
1183, 0
1184, 0
1185, 0
1186, 17
1187, 0
1188, 15
1189, 0
1190, 0
1191, 0
1192, 0
1193, -1
1194, 0
1195, 0
1196, 0
1197, -4
1198, 0
1199, 0
1200, 0
1201, 0
1202, 8
1203, 8
1204, 0
1205, 0
1206, 0
1207, 0
1208, 0
1209, 0
1210, 0
1211, 0
1212, 8
1213, 7
1214, 0
1215, 0
1216, 0
1217, 8
1218, 7
1219, 7
1220, 0
1221, 8
1222, 0
1223, 0
1224, 0
1225, -2
1226, 1
1227, 1
1228, 0
1229, 1
1230, 0
1231, 0
1232, 0
1233, 0
1234, 9
1235, 9
1236, 5
1237, 3
1238, 0
1239, 0
1240, 0
1241, 0
1242, 0
1243, 8
1244, 8
1245, 0
1246, 0
1247, 0
1248, 0
1249, 9
1250, 9
1251, 9
1252, 10
1253, 9
1254, 0
1255, 0
1256, 0
1257, -9
1258, 0
1259, 0
1260, 0
1261, -8
1262, 0
1263, 0
1264, 0
1265, 9
1266, 8
1267, 5
1268, 0
1269, 10
1270, -5
1271, 0
1272, 0
1273, 0
1274, 0
1275, 0
1276, 0
1277, 0
1278, 0
1279, 0
1280, 0
1281, -9
1282, 0
1283, 0
1284, -7
1285, -8
1286, -9
1287, 0
1288, 0
1289, -6
1290, -7
1291, -11
1292, -9
1293, -8
1294, -8
1295, 0
1296, 0
1297, 0
1298, 2
1299, 0
1300, 3
1301, 1
1302, -1
1303, 0
1304, 0
1305, -9
1306, -10
1307, -9
1308, -8
1309, 0
1310, -9
1311, 0
1312, 0
1313, -15
1314, -16
1315, -16
1316, -16
1317, -16
1318, -16
1319, 0
1320, 0
1321, -3
1322, -3
1323, -1
1324, 0
1325, 0
1326, 0
1327, 0
1328, 0
1329, 0
1330, -8
1331, -10
1332, -8
1333, -8
1334, -8
1335, 0
1336, 0
1337, -8
1338, 0
1339, 0
1340, -7
1341, 0
1342, -9
1343, 0
1344, 0
1345, -9
1346, -8
1347, -7
1348, -8
1349, -9
1350, -18
1351, 0
1352, 0
1353, -9
1354, -9
1355, 0
1356, 0
1357, 0
1358, 0
1359, 0
1360, 0
1361, -13
1362, 0
1363, -17
1364, -18
1365, -18
1366, 0
1367, 0
1368, 0
1369, -9
1370, 0
1371, 0
1372, -8
1373, -9
1374, 0
1375, 0
1376, 0
1377, -18
1378, -16
1379, -16
1380, -18
1381, -16
1382, -15
1383, 0
1384, 0
1385, 0
1386, 0
1387, -18
1388, -16
1389, -15
1390, -15
1391, 0
1392, 0
1393, -28
1394, 0
1395, -32
1396, -33
1397, -33
1398, -30
1399, 0
1400, 0
1401, -16
1402, -15
1403, -16
1404, -16
1405, -15
1406, 0
1407, 0
1408, 0
1409, -16
1410, -17
1411, -18
1412, -16
1413, 0
1414, 0
1415, 0
1416, 0
1417, -21
1418, 0
1419, -24
1420, -24
1421, -24
1422, -23
1423, 0
1424, 0
1425, -15
1426, 0
1427, -14
1428, -14
1429, -17
1430, -16
1431, 0
1432, 0
1433, 0
1434, -5
1435, 1
1436, 0
1437, 0
1438, -5
1439, 0
1440, 0
1441, -25
1442, -25
1443, 0
1444, -22
1445, 0
1446, -24
1447, 0
1448, 0
1449, -16
1450, -16
1451, -15
1452, -15
1453, -16
1454, 0
1455, 0
1456, 0
1457, -16
1458, -16
1459, -15
1460, -17
1461, -19
1462, -16
1463, 0
1464, 0
1465, -32
1466, 0
1467, -29
1468, 0
1469, -32
1470, 0
1471, 0
1472, 0
1473, -32
1474, 0
1475, -29
1476, 0
1477, -32
1478, -31
1479, 0
1480, 0
1481, -24
1482, -25
1483, -25
1484, -23
1485, -24
1486, 0
1487, 0
1488, 0
1489, -27
1490, -24
1491, -23
1492, -23
1493, -24
1494, 0
1495, 0
1496, 0
1497, -32
1498, 0
1499, -32
1500, -33
1501, -32
1502, -32
1503, 0
1504, 0
1505, -30
1506, 0
1507, -22
1508, -23
1509, -24
1510, -26
1511, 0
1512, 0
1513, -25
1514, -24
1515, -23
1516, -24
1517, -24
1518, -24
1519, 0
1520, 0
1521, 0
1522, 0
1523, -30
1524, -31
1525, -33
1526, -32
1527, 0
1528, 0
1529, -24
1530, -25
1531, -24
1532, -24
1533, -23
1534, 0
1535, 0
1536, 0
1537, -24
1538, -23
1539, -22
1540, -22
1541, 0
1542, 0
1543, 0
1544, 0
1545, -23
1546, -26
1547, -24
1548, -23
1549, -26
1550, 0
1551, 0
1552, 0
1553, -24
1554, -23
1555, -22
1556, 0
1557, -24
1558, 0
1559, 0
1560, 0
1561, -24
1562, -23
1563, -23
1564, -24
1565, 0
1566, 0
1567, 0
1568, 0
1569, -27
1570, -24
1571, -23
1572, -24
1573, -24
1574, -25
1575, 0
1576, 0
1577, -26
1578, -23
1579, 0
1580, -21
1581, 0
1582, 0
1583, 0
1584, 0
1585, -30
1586, 0
1587, -32
1588, -32
1589, -32
1590, -32
1591, 0
1592, 0
1593, -26
1594, -25
1595, -26
1596, -27
1597, -24
1598, 0
1599, 0
1600, 0
1601, -22
1602, 0
1603, -27
1604, -25
1605, -23
1606, -22
1607, 0
1608, 0
1609, -31
1610, -31
1611, -33
1612, -32
1613, 0
1614, 0
1615, 0
1616, 0
1617, -23
1618, -24
1619, -28
1620, -25
1621, -23
1622, -23
1623, 0
1624, 0
1625, -24
1626, -25
1627, -25
1628, -24
1629, -24
1630, 0
1631, 0
1632, 0
1633, -25
1634, -24
1635, -24
1636, -24
1637, -24
1638, 0
1639, 0
1640, 0
1641, -24
1642, -24
1643, -26
1644, -26
1645, -24
1646, -23
1647, 0
1648, 0
1649, -40
1650, -40
1651, -41
1652, -41
1653, -41
1654, -41
1655, 0
1656, 0
1657, -32
1658, 0
1659, -35
1660, -33
1661, -33
1662, -34
1663, 0
1664, 0
1665, -43
1666, 0
1667, -38
1668, -39
1669, -40
1670, -41
1671, 0
1672, 0
1673, -41
1674, 0
1675, -39
1676, -40
1677, 0
1678, 0
1679, 0
1680, 0
1681, -40
1682, -41
1683, 0
1684, -38
1685, 0
1686, -40
1687, 0
1688, 0
1689, -41
1690, -39
1691, -39
1692, -40
1693, 0
1694, -38
1695, 0
1696, 0
1697, -39
1698, -41
1699, -42
1700, -41
1701, -39
1702, -40
1703, 0
1704, 0
1705, -47
1706, -48
1707, -49
1708, -47
1709, -46
1710, 0
1711, 0
1712, 0
1713, -46
1714, 0
1715, -51
1716, -48
1717, -48
1718, -49
1719, 0
1720, 0
1721, -33
1722, -31
1723, -31
1724, -31
1725, -32
1726, 0
1727, 0
1728, 0
1729, -48
1730, -49
1731, -49
1732, -49
1733, 0
1734, 0
1735, 0
1736, 0
1737, -45
1738, -46
1739, 0
1740, -48
1741, -47
1742, -50
1743, 0
1744, 0
1745, -41
1746, -40
1747, -40
1748, -40
1749, 0
1750, 0
1751, 0
1752, 0
1753, -37
1754, 0
1755, -42
1756, -40
1757, -38
1758, 0
1759, 0
1760, 0
1761, -37
1762, 0
1763, -43
1764, -41
1765, -40
1766, -40
1767, 0
1768, 0
1769, -39
1770, -40
1771, -42
1772, -40
1773, -40
1774, -41
1775, 0
1776, -39
1777, 0
1778, -49
1779, -49
1780, -49
1781, -48
1782, -47
1783, 0
1784, 0
1785, -48
1786, -49
1787, -47
1788, -47
1789, 0
1790, -47
1791, 0
1792, 0
1793, -41
1794, -40
1795, -41
1796, -41
1797, -41
1798, -41
1799, -40
1800, 0
1801, -38
1802, -38
1803, -38
1804, 0
1805, -40
1806, -40
1807, 0
1808, 0
1809, -32
1810, 0
1811, -32
1812, -31
1813, -31
1814, -31
1815, 0
1816, 0
1817, -32
1818, -31
1819, -32
1820, -31
1821, -32
1822, 0
1823, 0
1824, 0
1825, -40
1826, -40
1827, -40
1828, -41
1829, -41
1830, -41
1831, -40
1832, -40
1833, -55
1834, -55
1835, 0
1836, -55
1837, 0
1838, -58
1839, 0
1840, 0
1841, -39
1842, -40
1843, -42
1844, -40
1845, -39
1846, -40
1847, 0
1848, 0
1849, -47
1850, -49
1851, -50
1852, -48
1853, -47
1854, -49
1855, 0
1856, 0
1857, -57
1858, -56
1859, -55
1860, -56
1861, -57
1862, -56
1863, 0
1864, 0
1865, -41
1866, 0
1867, 0
1868, 0
1869, 0
1870, -39
1871, -40
1872, -40
1873, -56
1874, 0
1875, -56
1876, -56
1877, -57
1878, -57
1879, 0
1880, 0
1881, -56
1882, 0
1883, -53
1884, 0
1885, -56
1886, -56
1887, 0
1888, 0
1889, -40
1890, -42
1891, -42
1892, -38
1893, -40
1894, -41
1895, -40
1896, -41
1897, -55
1898, -56
1899, -57
1900, -58
1901, -58
1902, -56
1903, 0
1904, 0
1905, -48
1906, -48
1907, -49
1908, -48
1909, -48
1910, -48
1911, -47
1912, -47
1913, 0
1914, 0
1915, -53
1916, -55
1917, -56
1918, -56
1919, 0
1920, 0
1921, -56
1922, -57
1923, -57
1924, -55
1925, -55
1926, 0
1927, 0
1928, 0
1929, -40
1930, -41
1931, -43
1932, 0
1933, -38
1934, -37
1935, 0
1936, -41
1937, -57
1938, -56
1939, -56
1940, -55
1941, -55
1942, -54
1943, 0
1944, 0
1945, -56
1946, -56
1947, -54
1948, -57
1949, -56
1950, -56
1951, 0
1952, -55
1953, 0
1954, 0
1955, -54
1956, -56
1957, -56
1958, -56
1959, 0
1960, 0
1961, -56
1962, -57
1963, -55
1964, -55
1965, -57
1966, -57
1967, 0
1968, 0
1969, -48
1970, -48
1971, -48
1972, -47
1973, -47
1974, -48
1975, 0
1976, -47
1977, -54
1978, -56
1979, -56
1980, -55
1981, 0
1982, 0
1983, 0
1984, 0
1985, -48
1986, -48
1987, -49
1988, -50
1989, -47
1990, -47
1991, 0
1992, -44
1993, 0
1994, -55
1995, -54
1996, -57
1997, -57
1998, -56
1999, 0
2000, 0
2001, 0
2002, 0
2003, -54
2004, -55
2005, -56
2006, -57
2007, 0
2008, 0
2009, -48
2010, -48
2011, -47
2012, -50
2013, -49
2014, 0
2015, 0
2016, 0
2017, -48
2018, -48
2019, -46
2020, -47
2021, 0
2022, -45
2023, 0
2024, -47
2025, -48
2026, -48
2027, -48
2028, -48
2029, -47
2030, -49
2031, 0
2032, 0
2033, 0
2034, 0
2035, -55
2036, -57
2037, -60
2038, -56
2039, 0
2040, 0
2041, -47
2042, -46
2043, -49
2044, -48
2045, -48
2046, -49
2047, 0
2048, 0
2049, 0
2050, 0
2051, -55
2052, -55
2053, -56
2054, -56
2055, 0
2056, 0
2057, -46
2058, -46
2059, -47
2060, -46
2061, 0
2062, -49
2063, 0
2064, 0
2065, -47
2066, -47
2067, -51
2068, -49
2069, -48
2070, -48
2071, 0
2072, 0
2073, -48
2074, 0
2075, -48
2076, -49
2077, -48
2078, -48
2079, 0
2080, 0
2081, -48
2082, -48
2083, -48
2084, -47
2085, 0
2086, -48
2087, 0
2088, 0
2089, 0
2090, -46
2091, 0
2092, -47
2093, 0
2094, 0
2095, 0
2096, 0
2097, -48
2098, -48
2099, -49
2100, -50
2101, 0
2102, 0
2103, 0
2104, 0
2105, -47
2106, -46
2107, -48
2108, -49
2109, -48
2110, -48
2111, 0
2112, 0
2113, -40
2114, -38
2115, -40
2116, -40
2117, -39
2118, -40
2119, 0
2120, 0
2121, -49
2122, -49
2123, -48
2124, -48
2125, -46
2126, -47
2127, -48
2128, 0
2129, -40
2130, -39
2131, -44
2132, -43
2133, -41
2134, -41
2135, -39
2136, 0
2137, -47
2138, -48
2139, -48
2140, -48
2141, -48
2142, -50
2143, -49
2144, -48
2145, -48
2146, -47
2147, -48
2148, -48
2149, -47
2150, -48
2151, 0
2152, 0
2153, 0
2154, 0
2155, -46
2156, -48
2157, -50
2158, -49
2159, 0
2160, 0
2161, -47
2162, -47
2163, -48
2164, -48
2165, -48
2166, 0
2167, 0
2168, 0
2169, -46
2170, -47
2171, 0
2172, -47
2173, -47
2174, -49
2175, 0
2176, 0
2177, 0
2178, -48
2179, -47
2180, -49
2181, -48
2182, -47
2183, -49
2184, -50
2185, -55
2186, 0
2187, -56
2188, 0
2189, -56
2190, 0
2191, 0
2192, 0
2193, 0
2194, -55
2195, 0
2196, -58
2197, -56
2198, -56
2199, 0
2200, 0
2201, -48
2202, -48
2203, -48
2204, -48
2205, -48
2206, -48
2207, 0
2208, 0
2209, -47
2210, -48
2211, -48
2212, -48
2213, -47
2214, -49
2215, 0
2216, 0
2217, 0
2218, -46
2219, -47
2220, -47
2221, -46
2222, -48
2223, -48
2224, -47
2225, -47
2226, -48
2227, -47
2228, -46
2229, 0
2230, -49
2231, 0
2232, 0
2233, -48
2234, -49
2235, -49
2236, -48
2237, -48
2238, -48
2239, 0
2240, 0
2241, -42
2242, -41
2243, -40
2244, -42
2245, -41
2246, -41
2247, -39
2248, 0
2249, -38
2250, -39
2251, -42
2252, -38
2253, 0
2254, -40
2255, 0
2256, 0
2257, -40
2258, -39
2259, -40
2260, -40
2261, -41
2262, 0
2263, 0
2264, 0
2265, -39
2266, -39
2267, -40
2268, -41
2269, -40
2270, -39
2271, -40
2272, -40
2273, -40
2274, -42
2275, -42
2276, -40
2277, 0
2278, -38
2279, 0
2280, 0
2281, -41
2282, -38
2283, -39
2284, -40
2285, -39
2286, 0
2287, 0
2288, 0
2289, 0
2290, -41
2291, -40
2292, -40
2293, -38
2294, -37
2295, -38
2296, -40
2297, 0
2298, -46
2299, -48
2300, -49
2301, 0
2302, -46
2303, 0
2304, 0
2305, -40
2306, -41
2307, -41
2308, 0
2309, -38
2310, -40
2311, -40
2312, -39
2313, -40
2314, 0
2315, -38
2316, -38
2317, -40
2318, -40
2319, 0
2320, 0
2321, -40
2322, -40
2323, -40
2324, -39
2325, -40
2326, -42
2327, 0
2328, -39
2329, 0
2330, 0
2331, -47
2332, -48
2333, -48
2334, -49
2335, 0
2336, 0
2337, -48
2338, -47
2339, -48
2340, 0
2341, -44
2342, 0
2343, 0
2344, 0
2345, -40
2346, -41
2347, -41
2348, -41
2349, -40
2350, -43
2351, -41
2352, -39
2353, -48
2354, -48
2355, -47
2356, -46
2357, 0
2358, -50
2359, 0
2360, 0
2361, -41
2362, -43
2363, -39
2364, -40
2365, -39
2366, -39
2367, -39
2368, -40
2369, -48
2370, 0
2371, -46
2372, -48
2373, -49
2374, -47
2375, 0
2376, 0
2377, 0
2378, -42
2379, -42
2380, -41
2381, -39
2382, -39
2383, -41
2384, -41
2385, -39
2386, -38
2387, -41
2388, -41
2389, -39
2390, -40
2391, 0
2392, 0
2393, -32
2394, -32
2395, -34
2396, 0
2397, -29
2398, 0
2399, -32
2400, -32
2401, 0
2402, -46
2403, 0
2404, -49
2405, -47
2406, -46
2407, 0
2408, 0
2409, -41
2410, -41
2411, -40
2412, -40
2413, 0
2414, -38
2415, -39
2416, -38
2417, 0
2418, -40
2419, -40
2420, -42
2421, -40
2422, 0
2423, 0
2424, 0
2425, -39
2426, -39
2427, -40
2428, -40
2429, -39
2430, -40
2431, -40
2432, -41
2433, -49
2434, -47
2435, -47
2436, 0
2437, -48
2438, -48
2439, 0
2440, 0
2441, -47
2442, -47
2443, -48
2444, -48
2445, -49
2446, -48
2447, -47
2448, -46
2449, -48
2450, -49
2451, -47
2452, 0
2453, 0
2454, -46
2455, -46
2456, -46
2457, 0
2458, -48
2459, -47
2460, -49
2461, -49
2462, -49
2463, 0
2464, 0
2465, -39
2466, -39
2467, -40
2468, -40
2469, -39
2470, -42
2471, 0
2472, -40
2473, 0
2474, -47
2475, -47
2476, -47
2477, -48
2478, -47
2479, -48
2480, -47
2481, 0
2482, -48
2483, -49
2484, -49
2485, -48
2486, -48
2487, -48
2488, -48
2489, -49
2490, -49
2491, -50
2492, -52
2493, -49
2494, 0
2495, -48
2496, -49
2497, 0
2498, -48
2499, -50
2500, -48
2501, -48
2502, -48
2503, 0
2504, 0
2505, -47
2506, -50
2507, -47
2508, -47
2509, -49
2510, -47
2511, 0
2512, 0
2513, -40
2514, -39
2515, -39
2516, -40
2517, -40
2518, -42
2519, -42
2520, -42
2521, -49
2522, -49
2523, -48
2524, -48
2525, -47
2526, -47
2527, -48
2528, -47
2529, -48
2530, -49
2531, -48
2532, -50
2533, -49
2534, 0
2535, -46
2536, -47
2537, -47
2538, -48
2539, 0
2540, -45
2541, -45
2542, 0
2543, 0
2544, 0
2545, -40
2546, -41
2547, -40
2548, -40
2549, -39
2550, -40
2551, 0
2552, -41
2553, 0
2554, 0
2555, 0
2556, -44
2557, 0
2558, -49
2559, 0
2560, -46
2561, -46
2562, -48
2563, -48
2564, -48
2565, -49
2566, -49
2567, -48
2568, 0
2569, -49
2570, -50
2571, 0
2572, -47
2573, -48
2574, -47
2575, -48
2576, -49
2577, -50
2578, -48
2579, -46
2580, -48
2581, -48
2582, -48
2583, -47
2584, 0
2585, -48
2586, -48
2587, -49
2588, 0
2589, -47
2590, 0
2591, -48
2592, -49
2593, -48
2594, -47
2595, -46
2596, -49
2597, -48
2598, -47
2599, -49
2600, -47
2601, -48
2602, -48
2603, 0
2604, -48
2605, -47
2606, -47
2607, -50
2608, -51
2609, -48
2610, -48
2611, -48
2612, -47
2613, -47
2614, -50
2615, 0
2616, -46
2617, 0
2618, -56
2619, -55
2620, -55
2621, -56
2622, -55
2623, -58
2624, -48
2625, -48
2626, -49
2627, -47
2628, -49
2629, -49
2630, -48
2631, 0
2632, -49
2633, 0
2634, -56
2635, -57
2636, -55
2637, -56
2638, -57
2639, -58
2640, -58
2641, -55
2642, -54
2643, -56
2644, -57
2645, -55
2646, -56
2647, -56
2648, -56
2649, -55
2650, -56
2651, -56
2652, -58
2653, -57
2654, -54
2655, 0
2656, 0
2657, -49
2658, -50
2659, -50
2660, -50
2661, -49
2662, -49
2663, -50
2664, -50
2665, -50
2666, -47
2667, -48
2668, -49
2669, -47
2670, -49
2671, 0
2672, 0
2673, -40
2674, -41
2675, -41
2676, -41
2677, 0
2678, -38
2679, -38
2680, -39
2681, -48
2682, 0
2683, -46
2684, -50
2685, -50
2686, -48
2687, 0
2688, 0
2689, -39
2690, -39
2691, -38
2692, 0
2693, -39
2694, 0
2695, -39
2696, -41
2697, 0
2698, -37
2699, -39
2700, 0
2701, -41
2702, -39
2703, -39
2704, -42
2705, 0
2706, -47
2707, -48
2708, -47
2709, -46
2710, -47
2711, -47
2712, -47
2713, -56
2714, -56
2715, 0
2716, -53
2717, -55
2718, -55
2719, -55
2720, -57
2721, -55
2722, 0
2723, 0
2724, -54
2725, 0
2726, -56
2727, -56
2728, -58
2729, 0
2730, -62
2731, 0
2732, -64
2733, -64
2734, -65
2735, 0
2736, 0
2737, -56
2738, -56
2739, -55
2740, -57
2741, -56
2742, -56
2743, 0
2744, -48
2745, 0
2746, -48
2747, -48
2748, -48
2749, 0
2750, -45
2751, -48
2752, 0
2753, -48
2754, 0
2755, -49
2756, -47
2757, -47
2758, -49
2759, 0
2760, -46
2761, -47
2762, -48
2763, -48
2764, -48
2765, -47
2766, -48
2767, 0
2768, -47
2769, 0
2770, -57
2771, -54
2772, -56
2773, -56
2774, -55
2775, 0
2776, 0
2777, 0
2778, 0
2779, -56
2780, -55
2781, -56
2782, -57
2783, -55
2784, -55
2785, -55
2786, -56
2787, -56
2788, -57
2789, -55
2790, -56
2791, 0
2792, -53
2793, 0
2794, -56
2795, -54
2796, -56
2797, -57
2798, -55
2799, 0
2800, 0
2801, 0
2802, 0
2803, -56
2804, -55
2805, -56
2806, -57
2807, -55
2808, -55
2809, -56
2810, -56
2811, -56
2812, -57
2813, -56
2814, -56
2815, 0
2816, -54
2817, 0
2818, -57
2819, -54
2820, -56
2821, -56
2822, -55
2823, 0
2824, 0
2825, 0
2826, 0
2827, -56
2828, -55
2829, -56
2830, -57
2831, -55
2832, -55
2833, -57
2834, -57
2835, -56
2836, -57
2837, -55
2838, -56
2839, 0
2840, -53
2841, 0
2842, -57
2843, -54
2844, -56
2845, -56
2846, -55
2847, 0
2848, 0
2849, 0
2850, 0
2851, -56
2852, -55
2853, -56
2854, -56
2855, -54
2856, -56
2857, -56
2858, -55
2859, -56
2860, -56
2861, -57
2862, -56
2863, 0
2864, -45
2865, -47
2866, 0
2867, 0
2868, -47
2869, 0
2870, -48
2871, -48
2872, -48
2873, -49
2874, -48
2875, -47
2876, -48
2877, -47
2878, -48
2879, -49
2880, -48
2881, -48
2882, -48
2883, -48
2884, -46
2885, -47
2886, -48
2887, 0
2888, -46
2889, -46
2890, 0
2891, 0
2892, -46
2893, 0
2894, -49
2895, -47
2896, 0
2897, 0
2898, -56
2899, -56
2900, -55
2901, -54
2902, 0
2903, -56
2904, -49
2905, -48
2906, -48
2907, -50
2908, -48
2909, -47
2910, -48
2911, -48
2912, -46
2913, -48
2914, 0
2915, -45
2916, 0
2917, -49
2918, -46
2919, -47
2920, -49
2921, -48
2922, -50
2923, -49
2924, -47
2925, -47
2926, -49
2927, -48
2928, -49
2929, -49
2930, -47
2931, -48
2932, -48
2933, -49
2934, -47
2935, -48
2936, -49
2937, -49
2938, -48
2939, -49
2940, -47
2941, -47
2942, -47
2943, 0
2944, -47
2945, -46
2946, -47
2947, -47
2948, -48
2949, -50
2950, -48
2951, -48
2952, -49
2953, -48
2954, -48
2955, -49
2956, -50
2957, -46
2958, -48
2959, -48
2960, -47
2961, -48
2962, -49
2963, -51
2964, -48
2965, -48
2966, -48
2967, -48
2968, 0
2969, 0
2970, -55
2971, -57
2972, -56
2973, -56
2974, -57
2975, -58
2976, 0
2977, 0
2978, -64
2979, -62
2980, -63
2981, -63
2982, -62
2983, -63
2984, -57
2985, -57
2986, -57
2987, -57
2988, -56
2989, -56
2990, -56
2991, -56
2992, -49
2993, -49
2994, -51
2995, -48
2996, -46
2997, -49
2998, -49
2999, -48
3000, -48
3001, -48
3002, -45
3003, -44
3004, -49
3005, -48
3006, -48
3007, -49
3008, -49
3009, -50
3010, -47
3011, -49
3012, -50
3013, -48
3014, -48
3015, -49
3016, -49
3017, -48
3018, -48
3019, 0
3020, -45
3021, 0
3022, -47
3023, -48
3024, -48
3025, -48
3026, 0
3027, -45
3028, -48
3029, -48
3030, -47
3031, -49
3032, -50
3033, -48
3034, -48
3035, -48
3036, -48
3037, -47
3038, -46
3039, -48
3040, -49
3041, -48
3042, -49
3043, -48
3044, -47
3045, -48
3046, -49
3047, -48
3048, 0
3049, 0
3050, 0
3051, 0
3052, -57
3053, -56
3054, -56
3055, -57
3056, 0
3057, 0
3058, -49
3059, -49
3060, -48
3061, -48
3062, -48
3063, -47
3064, 0
3065, -47
3066, -46
3067, -49
3068, -48
3069, -47
3070, 0
3071, -47
3072, 0
3073, -48
3074, -47
3075, -47
3076, -47
3077, -48
3078, -48
3079, -48
3080, -48
3081, -50
3082, -47
3083, -46
3084, -46
3085, -47
3086, -50
3087, -49
3088, -49
3089, -50
3090, -49
3091, -49
3092, 0
3093, -46
3094, 0
3095, -48
3096, -47
3097, -48
3098, -48
3099, -47
3100, -47
3101, -48
3102, 0
3103, -48
3104, 0
3105, 0
3106, -55
3107, -56
3108, -56
3109, -56
3110, 0
3111, -54
3112, 0
3113, 0
3114, -53
3115, -47
3116, -47
3117, -49
3118, -48
3119, -49
3120, -49
3121, -48
3122, -48
3123, -48
3124, -49
3125, -47
3126, -47
3127, -48
3128, -48
3129, -50
3130, -48
3131, -48
3132, -47
3133, -47
3134, -48
3135, -49
3136, -48
3137, -46
3138, -48
3139, -52
3140, -49
3141, -48
3142, -50
3143, -50
3144, -48
3145, -49
3146, -48
3147, -48
3148, -49
3149, -47
3150, -48
3151, -48
3152, 0
3153, 0
3154, -38
3155, 0
3156, -40
3157, -41
3158, -41
3159, -40
3160, 0
3161, -48
3162, -48
3163, -48
3164, -48
3165, -48
3166, -47
3167, -48
3168, -48
3169, -48
3170, -48
3171, -47
3172, -49
3173, -49
3174, -50
3175, -48
3176, -48
3177, -50
3178, -48
3179, -46
3180, -48
3181, -48
3182, -48
3183, -50
3184, 0
3185, 0
3186, -54
3187, -55
3188, -56
3189, -55
3190, 0
3191, -55
3192, 0
3193, 0
3194, -55
3195, -57
3196, -55
3197, -55
3198, -56
3199, 0
3200, -45
3201, -45
3202, 0
3203, -45
3204, 0
3205, -45
3206, 0
3207, -48
3208, -48
3209, -48
3210, -48
3211, -47
3212, -46
3213, -45
3214, 0
3215, -48
3216, -47
3217, -50
3218, -48
3219, -48
3220, -47
3221, -47
3222, -48
3223, -49
3224, 0
3225, 0
3226, 0
3227, -55
3228, 0
3229, -55
3230, -54
3231, -56
3232, -51
3233, -49
3234, -47
3235, -48
3236, -47
3237, -48
3238, -49
3239, -49
3240, 0
3241, 0
3242, -56
3243, -57
3244, -55
3245, -55
3246, -56
3247, -55
3248, -47
3249, -47
3250, 0
3251, -48
3252, 0
3253, -46
3254, 0
3255, -49
3256, 0
3257, 0
3258, -47
3259, -48
3260, -48
3261, -46
3262, -48
3263, 0
3264, -48
3265, -47
3266, -48
3267, -49
3268, -48
3269, -49
3270, -51
3271, -47
3272, 0
3273, 0
3274, -56
3275, -54
3276, -54
3277, -57
3278, -57
3279, -55
3280, -50
3281, -50
3282, -48
3283, -47
3284, -47
3285, -48
3286, -49
3287, -48
3288, 0
3289, 0
3290, -56
3291, 0
3292, -54
3293, -57
3294, -55
3295, 0
3296, 0
3297, 0
3298, -54
3299, 0
3300, -59
3301, -57
3302, -55
3303, -55
3304, -47
3305, -46
3306, -46
3307, -46
3308, 0
3309, 0
3310, 0
3311, 0
3312, 0
3313, 0
3314, -54
3315, -55
3316, -57
3317, -57
3318, -56
3319, -57
3320, -59
3321, -59
3322, -56
3323, -57
3324, -56
3325, -55
3326, -56
3327, -56
3328, -55
3329, -55
3330, -56
3331, -59
3332, -58
3333, -54
3334, -55
3335, -57
3336, 0
3337, 0
3338, -57
3339, -56
3340, -56
3341, -56
3342, -55
3343, -57
3344, 0
3345, 0
3346, 0
3347, -56
3348, -56
3349, -55
3350, -54
3351, -56
3352, -47
3353, -47
3354, -47
3355, -48
3356, -50
3357, -50
3358, -48
3359, -49
3360, -50
3361, -50
3362, 0
3363, -47
3364, 0
3365, -48
3366, -48
3367, -47
3368, 0
3369, 0
3370, 0
3371, -55
3372, -55
3373, -55
3374, -56
3375, -56
3376, -52
3377, -50
3378, -47
3379, -47
3380, -48
3381, -48
3382, -48
3383, -46
3384, -47
3385, -49
3386, -48
3387, -47
3388, -48
3389, -48
3390, -48
3391, -47
3392, 0
3393, -48
3394, -49
3395, -51
3396, -48
3397, -50
3398, -50
3399, -49
3400, 0
3401, -47
3402, -45
3403, -47
3404, -49
3405, -50
3406, -48
3407, 0
3408, 0
3409, 0
3410, 0
3411, 0
3412, -57
3413, -55
3414, -54
3415, 0
3416, -44
3417, 0
3418, 0
3419, -49
3420, 0
3421, -47
3422, -47
3423, -48
3424, -43
3425, -40
3426, -40
3427, -40
3428, -40
3429, -41
3430, -41
3431, -40
3432, 0
3433, 0
3434, 0
3435, -47
3436, -48
3437, 0
3438, -46
3439, 0
3440, 0
3441, -46
3442, -48
3443, -50
3444, -48
3445, -48
3446, -47
3447, -48
3448, 0
3449, 0
3450, -50
3451, -48
3452, -48
3453, -49
3454, -46
3455, -48
3456, 0
3457, -46
3458, 0
3459, -51
3460, -49
3461, -52
3462, -48
3463, -50
3464, 0
3465, 0
3466, -50
3467, -48
3468, -48
3469, -49
3470, -47
3471, -49
3472, 0
3473, 0
3474, -48
3475, 0
3476, -48
3477, -47
3478, -47
3479, -48
3480, -39
3481, -38
3482, -40
3483, -41
3484, -41
3485, -42
3486, -40
3487, -39
3488, 0
3489, 0
3490, -48
3491, -49
3492, -47
3493, -48
3494, -48
3495, -48
3496, -48
3497, -48
3498, -48
3499, -48
3500, 0
3501, -46
3502, -48
3503, -48
3504, 0
3505, 0
3506, -46
3507, -48
3508, -47
3509, -49
3510, -49
3511, -48
3512, 0
3513, 0
3514, -48
3515, -46
3516, 0
3517, -44
3518, 0
3519, -47
3520, -40
3521, -39
3522, 0
3523, -38
3524, -40
3525, -43
3526, -41
3527, -40
3528, 0
3529, 0
3530, -39
3531, 0
3532, -38
3533, 0
3534, -41
3535, -40
3536, 0
3537, 0
3538, -41
3539, -39
3540, -38
3541, -39
3542, -40
3543, -40
3544, 0
3545, 0
3546, -49
3547, -48
3548, -48
3549, -48
3550, -48
3551, -49
3552, 0
3553, 0
3554, 0
3555, -48
3556, -48
3557, 0
3558, -46
3559, 0
3560, 0
3561, 0
3562, -48
3563, -48
3564, -48
3565, -47
3566, -48
3567, -50
3568, 0
3569, 0
3570, -58
3571, -56
3572, -56
3573, -56
3574, 0
3575, -53
3576, 0
3577, 0
3578, -54
3579, -53
3580, 0
3581, -57
3582, 0
3583, -52
3584, 0
3585, 0
3586, -56
3587, 0
3588, -54
3589, 0
3590, -58
3591, 0
3592, 0
3593, -47
3594, -47
3595, -47
3596, 0
3597, -50
3598, -46
3599, -47
3600, 0
3601, 0
3602, -65
3603, -65
3604, -64
3605, 0
3606, 0
3607, 0
3608, 0
3609, 0
3610, -48
3611, -48
3612, 0
3613, -46
3614, -47
3615, -47
3616, 0
3617, 0
3618, 0
3619, -45
3620, 0
3621, -50
3622, -47
3623, -47
3624, 0
3625, -48
3626, -47
3627, -48
3628, -47
3629, -47
3630, -47
3631, -48
3632, 0
3633, 0
3634, 0
3635, -55
3636, -55
3637, -58
3638, 0
3639, -53
3640, 0
3641, 0
3642, -57
3643, -55
3644, -57
3645, 0
3646, -53
3647, -57
3648, 0
3649, 0
3650, 0
3651, 0
3652, -56
3653, -57
3654, -59
3655, -57
3656, 0
3657, 0
3658, 0
3659, -48
3660, -48
3661, -49
3662, -48
3663, -47
3664, 0
3665, 0
3666, 0
3667, -55
3668, 0
3669, -55
3670, 0
3671, -57
3672, 0
3673, 0
3674, -56
3675, -56
3676, -56
3677, -54
3678, 0
3679, -56
3680, -49
3681, -49
3682, -47
3683, -48
3684, -47
3685, -48
3686, -49
3687, -48
3688, 0
3689, 0
3690, -54
3691, -56
3692, -57
3693, -59
3694, 0
3695, -52
3696, -45
3697, 0
3698, -49
3699, 0
3700, -48
3701, 0
3702, -47
3703, -48
3704, 0
3705, 0
3706, -55
3707, -56
3708, 0
3709, -54
3710, 0
3711, -55
3712, 0
3713, 0
3714, -57
3715, 0
3716, -55
3717, -54
3718, -54
3719, -55
3720, 0
3721, 0
3722, -48
3723, -47
3724, -47
3725, -47
3726, -47
3727, -48
3728, 0
3729, 0
3730, 0
3731, -58
3732, -58
3733, -59
3734, -59
3735, -55
3736, -42
3737, -39
3738, -39
3739, -41
3740, -40
3741, -40
3742, -40
3743, -40
3744, 0
3745, 0
3746, 0
3747, -55
3748, -57
3749, 0
3750, -53
3751, 0
3752, 0
3753, 0
3754, -55
3755, 0
3756, -55
3757, -54
3758, -57
3759, -56
3760, -50
3761, 0
3762, -46
3763, 0
3764, 0
3765, -47
3766, -48
3767, -47
3768, 0
3769, 0
3770, -49
3771, -47
3772, -48
3773, -49
3774, -49
3775, -49
3776, 0
3777, 0
3778, -39
3779, -40
3780, -42
3781, 0
3782, -40
3783, -39
3784, 0
3785, 0
3786, -32
3787, 0
3788, -32
3789, 0
3790, -32
3791, -33
3792, 0
3793, 0
3794, -39
3795, -38
3796, 0
3797, 0
3798, -37
3799, -38
3800, 0
3801, 0
3802, -49
3803, 0
3804, -48
3805, -48
3806, -48
3807, -46
3808, -34
3809, -32
3810, -31
3811, -33
3812, -31
3813, -31
3814, -34
3815, -32
3816, 0
3817, 0
3818, 0
3819, -30
3820, 0
3821, -33
3822, -32
3823, -32
3824, 0
3825, 0
3826, 0
3827, -48
3828, -51
3829, -47
3830, -48
3831, -48
3832, 0
3833, 0
3834, -40
3835, -41
3836, -40
3837, -40
3838, -42
3839, -40
3840, 0
3841, 0
3842, -33
3843, -32
3844, -33
3845, -33
3846, -33
3847, -33
3848, 0
3849, 0
3850, -47
3851, 0
3852, -45
3853, 0
3854, -48
3855, -47
3856, 0
3857, 0
3858, -48
3859, -48
3860, -48
3861, -49
3862, -49
3863, -47
3864, 0
3865, 0
3866, -39
3867, -39
3868, -40
3869, -40
3870, -40
3871, -42
3872, 0
3873, 0
3874, -32
3875, -34
3876, -32
3877, -31
3878, -33
3879, -33
3880, 0
3881, 0
3882, -39
3883, -40
3884, -40
3885, -40
3886, -41
3887, -39
3888, 0
3889, 0
3890, -39
3891, -40
3892, -42
3893, -43
3894, -41
3895, -41
3896, 0
3897, 0
3898, -44
3899, -40
3900, -39
3901, 0
3902, -41
3903, -40
3904, 0
3905, 0
3906, 0
3907, -41
3908, -41
3909, -39
3910, -40
3911, -41
3912, 0
3913, 0
3914, 0
3915, -31
3916, -33
3917, -33
3918, -33
3919, -31
3920, 0
3921, 0
3922, -32
3923, -32
3924, -33
3925, -34
3926, -33
3927, -33
3928, 0
3929, 0
3930, 0
3931, -32
3932, 0
3933, -31
3934, 0
3935, -32
3936, 0
3937, 0
3938, -48
3939, 0
3940, -46
3941, -47
3942, -48
3943, -48
3944, 0
3945, 0
3946, 0
3947, -47
3948, -49
3949, -50
3950, -50
3951, -48
3952, 0
3953, 0
3954, -39
3955, -40
3956, -42
3957, -40
3958, 0
3959, -37
3960, 0
3961, 0
3962, -40
3963, -40
3964, -40
3965, -39
3966, 0
3967, -41
3968, 0
3969, 0
3970, -42
3971, -39
3972, -39
3973, -38
3974, 0
3975, -40
3976, 0
3977, 0
3978, -41
3979, -41
3980, -41
3981, -39
3982, 0
3983, -42
3984, 0
3985, 0
3986, -40
3987, -41
3988, -39
3989, -39
3990, 0
3991, -40
3992, 0
3993, 0
3994, -33
3995, -31
3996, -31
3997, -30
3998, -32
3999, -32
4000, 0
4001, 0
4002, -32
4003, -31
4004, -31
4005, -32
4006, -32
4007, -32
4008, 0
4009, 0
4010, 0
4011, -39
4012, -37
4013, 0
4014, 0
4015, -38
4016, 0
4017, 0
4018, -33
4019, -35
4020, -31
4021, -31
4022, -32
4023, -31
4024, 0
4025, 0
4026, 0
4027, -30
4028, 0
4029, -33
4030, -32
4031, -34
4032, 0
4033, 0
4034, 0
4035, -31
4036, -31
4037, -31
4038, -32
4039, -33
4040, 0
4041, 0
4042, 0
4043, -34
4044, -31
4045, -30
4046, -32
4047, -30
4048, 0
4049, 0
4050, 0
4051, -30
4052, 0
4053, 0
4054, -30
4055, 0
4056, 0
4057, 0
4058, -33
4059, -32
4060, -32
4061, -31
4062, -31
4063, -35
4064, 0
4065, 0
4066, 0
4067, 0
4068, -31
4069, -31
4070, -32
4071, -32
4072, 0
4073, 0
4074, -30
4075, -32
4076, 0
4077, -30
4078, 0
4079, -32
4080, 0
4081, 0
4082, -32
4083, -31
4084, -31
4085, -32
4086, -32
4087, -32
4088, 0
4089, 0
4090, -32
4091, 0
4092, -32
4093, -32
4094, -33
4095, -30
4096, 0
4097, 0
4098, 0
4099, -32
4100, -34
4101, 0
4102, -28
4103, 0
4104, 0
4105, 0
4106, -33
4107, -32
4108, -32
4109, -31
4110, -31
4111, -32
4112, 0
4113, 0
4114, -32
4115, -33
4116, -32
4117, -31
4118, -32
4119, -31
4120, 0
4121, 0
4122, -32
4123, -32
4124, -30
4125, -33
4126, -32
4127, -31
4128, 0
4129, 0
4130, -39
4131, -39
4132, -40
4133, -39
4134, 0
4135, -40
4136, 0
4137, 0
4138, -33
4139, -31
4140, -31
4141, -30
4142, 0
4143, -33
4144, 0
4145, 0
4146, 0
4147, -40
4148, -40
4149, -38
4150, 0
4151, -38
4152, 0
4153, 0
4154, -31
4155, -32
4156, -32
4157, -31
4158, -31
4159, -33
4160, 0
4161, 0
4162, -48
4163, -46
4164, -47
4165, -46
4166, 0
4167, -49
4168, 0
4169, 0
4170, -33
4171, -32
4172, 0
4173, -33
4174, 0
4175, -32
4176, 0
4177, 0
4178, 0
4179, -39
4180, -39
4181, -38
4182, 0
4183, -40
4184, 0
4185, 0
4186, 0
4187, -23
4188, -24
4189, -27
4190, -25
4191, -25
4192, 0
4193, 0
4194, -32
4195, -32
4196, -31
4197, -30
4198, 0
4199, -32
4200, 0
4201, 0
4202, 0
4203, -17
4204, -16
4205, -15
4206, -16
4207, -20
4208, 0
4209, 0
4210, 0
4211, -32
4212, -33
4213, -34
4214, -32
4215, -31
4216, 0
4217, 0
4218, -16
4219, -15
4220, -16
4221, -19
4222, -16
4223, -15
4224, 0
4225, 0
4226, -24
4227, -24
4228, -23
4229, -23
4230, -25
4231, -24
4232, 0
4233, 0
4234, 0
4235, -30
4236, 0
4237, 0
4238, -32
4239, -32
4240, 0
4241, 0
4242, -24
4243, -26
4244, -24
4245, -25
4246, -25
4247, -25
4248, 0
4249, 0
4250, -32
4251, -33
4252, -32
4253, -32
4254, -31
4255, -31
4256, 0
4257, 0
4258, 0
4259, 0
4260, -14
4261, -14
4262, -15
4263, -16
4264, 0
4265, 0
4266, -33
4267, -32
4268, -31
4269, -30
4270, 0
4271, -32
4272, 0
4273, 0
4274, -17
4275, -17
4276, -17
4277, -17
4278, -15
4279, -17
4280, 0
4281, 0
4282, 0
4283, -23
4284, -24
4285, -25
4286, 0
4287, -23
4288, 0
4289, 0
4290, 7
4291, -8
4292, -8
4293, 0
4294, 0
4295, 0
4296, 0
4297, 0
4298, 0
4299, 0
4300, -15
4301, 0
4302, -18
4303, -15
4304, 0
4305, 0
4306, -24
4307, -25
4308, -23
4309, -24
4310, 0
4311, -23
4312, 0
4313, 0
4314, -8
4315, -7
4316, 0
4317, -9
4318, 0
4319, -9
4320, 0
4321, 0
4322, -24
4323, -23
4324, -25
4325, -25
4326, -25
4327, -25
4328, 0
4329, 0
4330, 10
4331, 7
4332, 8
4333, 8
4334, -1
4335, 0
4336, 0
4337, 0
4338, 0
4339, -8
4340, -7
4341, 0
4342, -9
4343, -8
4344, 0
4345, 0
4346, 1
4347, -6
4348, 0
4349, 0
4350, -7
4351, -8
4352, 0
4353, 0
4354, -16
4355, -16
4356, -18
4357, -18
4358, -16
4359, -16
4360, 0
4361, 0
4362, 0
4363, -32
4364, -31
4365, -30
4366, -32
4367, -32
4368, 0
4369, 0
4370, -16
4371, -16
4372, -15
4373, -13
4374, 0
4375, -19
4376, 0
4377, 0
4378, -24
4379, -24
4380, -24
4381, -22
4382, 0
4383, -23
4384, 0
4385, 0
4386, 0
4387, -7
4388, -8
4389, 0
4390, -7
4391, -9
4392, 0
4393, 0
4394, 0
4395, 0
4396, -6
4397, -7
4398, -7
4399, -7
4400, 0
4401, 0
4402, 0
4403, 0
4404, 0
4405, 2
4406, 0
4407, 0
4408, 0
4409, 0
4410, -23
4411, 34
4412, 0
4413, 0
4414, 0
4415, 31
4416, 0
4417, 0
4418, 0
4419, 23
4420, 25
4421, 27
4422, 0
4423, 3
4424, 0
4425, 0
4426, -25
4427, -25
4428, -24
4429, -22
4430, 0
4431, -24
4432, 0
4433, 0
4434, 0
4435, -7
4436, -8
4437, -7
4438, -7
4439, -9
4440, 0
4441, 0
4442, 0
4443, 1
4444, -1
4445, -2
4446, -1
4447, -1
4448, 0
4449, 0
4450, 0
4451, -2
4452, 0
4453, 3
4454, 0
4455, -1
4456, 0
4457, 0
4458, 0
4459, 0
4460, 2
4461, 2
4462, 1
4463, 0
4464, 0
4465, 0
4466, 0
4467, 10
4468, 0
4469, 0
4470, 10
4471, 0
4472, 0
4473, 0
4474, -9
4475, -8
4476, -8
4477, -9
4478, -8
4479, -9
4480, 0
4481, 0
4482, 0
4483, 0
4484, -1
4485, 0
4486, 0
4487, 1
4488, 0
4489, 0
4490, 0
4491, -6
4492, 8
4493, 8
4494, 7
4495, 7
4496, 0
4497, 0
4498, -2
4499, 16
4500, 16
4501, 16
4502, 15
4503, 15
4504, 0
4505, 0
4506, 16
4507, 32
4508, 32
4509, 31
4510, 33
4511, 32
4512, 0
4513, 0
4514, 0
4515, 0
4516, 31
4517, 32
4518, 0
4519, 31
4520, 0
4521, 0
4522, 9
4523, 8
4524, 7
4525, 8
4526, 8
4527, 7
4528, 0
4529, 0
4530, 0
4531, 25
4532, 25
4533, 25
4534, 23
4535, 24
4536, 0
4537, 0
4538, 0
4539, 32
4540, 33
4541, 33
4542, 31
4543, 31
4544, 0
4545, 0
4546, 0
4547, 8
4548, 41
4549, 43
4550, 0
4551, 38
4552, 0
4553, 0
4554, 0
4555, 168
4556, 167
4557, 167
4558, 0
4559, 168
4560, 0
4561, 0
4562, 0
4563, 0
4564, 0
4565, 0
