0, 0
1, 0
2, 0
3, 0
4, 0
5, 0
6, 0
7, 0
8, 0
9, 0
10, 0
11, 0
12, 0
13, 0
14, 0
15, 0
16, 0
17, 0
18, 0
19, 0
20, 0
21, 0
22, 0
23, 0
24, 0
25, 0
26, 0
27, 0
28, 0
29, 0
30, 0
31, 0
32, 0
33, 0
34, 0
35, 0
36, 0
37, 0
38, 0
39, 0
40, 0
41, 0
42, 0
43, 0
44, 0
45, 0
46, 0
47, 0
48, 0
49, 0
50, 0
51, 0
52, 0
53, 0
54, 0
55, 0
56, 0
57, 0
58, 0
59, 0
60, 0
61, 0
62, 0
63, 0
64, 0
65, 0
66, 0
67, 0
68, 0
69, 0
70, 0
71, 0
72, 0
73, 0
74, 0
75, 0
76, 0
77, 0
78, 0
79, 0
80, 0
81, 0
82, 0
83, 0
84, 0
85, 0
86, 0
87, 0
88, 0
89, 0
90, 0
91, 0
92, 0
93, 0
94, 0
95, 0
96, 0
97, 0
98, 0
99, 0
100, 0
101, 0
102, 0
103, 0
104, 0
105, 0
106, 0
107, 0
108, 0
109, 0
110, 0
111, 0
112, 0
113, 0
114, 0
115, 0
116, 0
117, 0
118, 0
119, 0
120, 0
121, 0
122, 0
123, 0
124, 0
125, 0
126, 0
127, 0
128, 0
129, 0
130, 0
131, 0
132, 0
133, 0
134, 0
135, 0
136, 0
137, 0
138, 0
139, 0
140, 0
141, 0
142, 0
143, 0
144, 0
145, 0
146, 0
147, 0
148, 0
149, 0
150, 0
151, 0
152, 0
153, 0
154, 0
155, 0
156, 0
157, 0
158, 0
159, 0
160, 0
161, 0
162, 0
163, 0
164, 0
165, 0
166, 0
167, 0
168, 0
169, 0
170, 0
171, 0
172, 0
173, 0
174, 0
175, 0
176, 0
177, 0
178, 0
179, 0
180, 0
181, 0
182, 0
183, 0
184, 0
185, 0
186, 0
187, 0
188, 0
189, 0
190, 0
191, 0
192, 0
193, 0
194, 0
195, 0
196, 0
197, 0
198, 0
199, 0
200, 0
201, 0
202, 0
203, 0
204, 0
205, 0
206, 0
207, 0
208, 0
209, 0
210, 0
211, 0
212, 0
213, 0
214, 0
215, 0
216, 0
217, 0
218, 0
219, 0
220, 0
221, 0
222, 0
223, 0
224, 0
225, 0
226, 0
227, 0
228, 0
229, 0
230, 0
231, 0
232, 0
233, 0
234, 0
235, 0
236, 0
237, 0
238, 0
239, 0
240, 0
241, 0
242, 0
243, 0
244, 0
245, 0
246, 0
247, 0
248, 0
249, 0
250, 0
251, 0
252, 0
253, 0
254, 0
255, 0
256, 0
257, 0
258, 0
259, 0
260, 0
261, 0
262, 0
263, 0
264, 0
265, 0
266, 0
267, 0
268, 0
269, 0
270, 0
271, 0
272, 0
273, 0
274, 0
275, 0
276, 0
277, 0
278, 0
279, 0
280, 0
281, 0
282, 0
283, 0
284, 0
285, 0
286, 0
287, 0
288, 0
289, 0
290, 0
291, 0
292, 0
293, 0
294, 0
295, 0
296, 0
297, 0
298, 0
299, 0
300, 0
301, 0
302, 0
303, 0
304, 0
305, 0
306, 0
307, 0
308, 0
309, 0
310, 0
311, 0
312, 0
313, 0
314, 0
315, 0
316, 0
317, 0
318, 0
319, 0
320, 0
321, 0
322, 0
323, 0
324, 0
325, 0
326, 0
327, 0
328, 0
329, 0
330, 0
331, 0
332, 0
333, 0
334, 0
335, 0
336, 0
337, 0
338, 0
339, 0
340, 0
341, 0
342, 0
343, 0
344, 0
345, 0
346, 0
347, 0
348, 0
349, 0
350, 0
351, 0
352, 0
353, 0
354, 0
355, 0
356, 0
357, 0
358, 0
359, 0
360, 0
361, 0
362, 0
363, 0
364, 0
365, 0
366, 0
367, 0
368, 0
369, 0
370, 0
371, 0
372, 0
373, 0
374, 0
375, 0
376, 0
377, 0
378, 0
379, 0
380, 0
381, 0
382, 0
383, 0
384, 0
385, 0
386, 0
387, 0
388, 0
389, 0
390, 0
391, 0
392, 0
393, 0
394, 0
395, 0
396, 0
397, 0
398, 0
399, 0
400, 0
401, 0
402, 0
403, 0
404, 0
405, 0
406, 0
407, 0
408, 0
409, 0
410, 0
411, 0
412, 0
413, 0
414, 0
415, 0
416, 0
417, 0
418, 0
419, 0
420, 0
421, 0
422, 0
423, 0
424, 0
425, 0
426, 0
427, 0
428, 0
429, 0
430, 0
431, 0
432, 0
433, 0
434, 0
435, 0
436, 0
437, 0
438, 0
439, 0
440, 0
441, 0
442, 0
443, 0
444, 0
445, 0
446, 0
447, 0
448, 0
449, 0
450, 0
451, 0
452, 0
453, 0
454, 0
455, 0
456, 0
457, 0
458, 0
459, 0
460, 0
461, 0
462, 0
463, 0
464, 0
465, 0
466, 0
467, 0
468, 0
469, 0
470, 0
471, 0
472, 0
473, 0
474, 0
475, 0
476, 0
477, 0
478, 0
479, 0
480, 0
481, 0
482, 0
483, 0
484, 0
485, 0
486, 0
487, 0
488, 0
489, 0
490, 0
491, 0
492, 0
493, 0
494, 0
495, 0
496, 0
497, 0
498, 0
499, 0
500, 0
501, 0
502, 0
503, 0
504, 0
505, 0
506, 0
507, 0
508, 0
509, 0
510, 0
511, 0
512, 0
513, 0
514, 0
515, 0
516, 0
517, 0
518, 0
519, 0
520, 0
521, 0
522, 0
523, 0
524, 0
525, 0
526, 0
527, 0
528, 0
529, 0
530, 0
531, 0
532, 0
533, 0
534, 0
535, 0
536, 0
537, 0
538, 0
539, 0
540, 0
541, 0
542, 0
543, 0
544, 0
545, 0
546, 0
547, 0
548, 0
549, 0
550, 0
551, 0
552, 0
553, 0
554, 0
555, 0
556, 0
557, 0
558, 0
559, 0
560, 0
561, 0
562, 0
563, 0
564, 0
565, 0
566, 0
567, 0
568, 0
569, 0
570, 0
571, 0
572, 0
573, 0
574, 0
575, 0
576, 0
577, 0
578, 0
579, 0
580, 0
581, 0
582, 0
583, 0
584, 0
585, 0
586, 0
587, 0
588, 0
589, 0
590, 0
591, 0
592, 0
593, 0
594, 0
595, 0
596, 0
597, 0
598, 0
599, 0
600, 0
601, 0
602, 0
603, 0
604, 0
605, 0
606, 0
607, 0
608, 0
609, 0
610, 0
611, 0
612, 0
613, 0
614, 0
615, 0
616, 0
617, 0
618, 0
619, 0
620, 0
621, 0
622, 0
623, 0
624, 0
625, 0
626, 0
627, 0
628, 0
629, 0
630, 0
631, 0
632, 0
633, 0
634, 0
635, 0
636, 0
637, 0
638, 0
639, 0
640, 0
641, 0
642, 0
643, 0
644, 0
645, 0
646, 0
647, 0
648, 0
649, 0
650, 0
651, 0
652, 0
653, 0
654, 0
655, 0
656, 0
657, 0
658, 0
659, 0
660, 0
661, 0
662, 0
663, 0
664, 0
665, 0
666, 0
667, 0
668, 0
669, 0
670, 0
671, 0
672, 0
673, 0
674, 0
675, 0
676, 0
677, 0
678, 0
679, 0
680, 0
681, 0
682, 0
683, 0
684, 0
685, 0
686, 0
687, 0
688, 0
689, 0
690, 0
691, 0
692, 0
693, 0
694, 0
695, 0
696, 0
697, 0
698, 0
699, 0
700, 0
701, 0
702, 0
703, 0
704, 0
705, 0
706, 0
707, 0
708, 0
709, 0
710, 0
711, 0
712, 0
713, 0
714, 0
715, 0
716, 0
717, 0
718, 0
719, 0
720, 0
721, 0
722, 0
723, 0
724, 0
725, 0
726, 0
727, 0
728, 0
729, 0
730, 0
731, 0
732, 0
733, 0
734, 0
735, 0
736, 0
737, 0
738, 0
739, 0
740, 0
741, 0
742, 0
743, 0
744, 0
745, 0
746, 0
747, 0
748, 0
749, 0
750, 0
751, 0
752, 0
753, 0
754, 0
755, 0
756, 0
757, 0
758, 0
759, 0
760, 0
761, 0
762, 0
763, 0
764, 0
765, 0
766, 0
767, 0
768, 0
769, 0
770, 0
771, 0
772, 0
773, 0
774, 0
775, 0
776, 0
777, 0
778, 0
779, 0
780, 0
781, 0
782, 0
783, 0
784, 0
785, 0
786, 0
787, 0
788, 0
789, 0
790, 0
791, 0
792, 0
793, 0
794, 0
795, 0
796, 0
797, 0
798, 0
799, 0
800, 0
801, 0
802, 0
803, 0
804, 0
805, 0
806, 0
807, 0
808, 0
809, 0
810, 0
811, 0
812, 0
813, 0
814, 0
815, 0
816, 0
817, 0
818, 0
819, 0
820, 0
821, 0
822, 0
823, 0
824, 0
825, 0
826, 0
827, 0
828, 0
829, 0
830, 0
831, 0
832, 0
833, 0
834, 0
835, 0
836, 0
837, 0
838, 0
839, 0
840, 0
841, 0
842, 0
843, 0
844, 0
845, 0
846, 0
847, 0
848, 0
849, 0
850, 0
851, 0
852, 0
853, 0
854, 0
855, 0
856, 0
857, 0
858, 0
859, 0
860, 0
861, 0
862, 0
863, 0
864, 0
865, 0
866, 0
867, 0
868, 0
869, 0
870, 0
871, 0
872, 0
873, 0
874, 0
875, 0
876, 0
877, 0
878, 0
879, 0
880, 0
881, 0
882, 0
883, 0
884, 0
885, 0
886, 0
887, 0
888, 0
889, 0
890, 0
891, 0
892, 0
893, 0
894, 0
895, 0
896, 0
897, 0
898, 0
899, 0
900, 0
901, 0
902, 0
903, 0
904, 0
905, 0
906, 0
907, 0
908, 0
909, 0
910, 0
911, 0
912, 0
913, 0
914, 0
915, 0
916, 0
917, 0
918, 0
919, 0
920, 0
921, 0
922, 0
923, 0
924, 0
925, 0
926, 0
927, 0
928, 0
929, 0
930, 0
931, 0
932, 0
933, 0
934, 0
935, 0
936, 0
937, 0
938, 0
939, 0
940, 0
941, 0
942, 0
943, 0
944, 0
945, 0
946, 0
947, 0
948, 0
949, 0
950, 0
951, 0
952, 0
953, 0
954, 0
955, 0
956, 0
957, 0
958, 0
959, 0
960, 0
961, 0
962, 0
963, 0
964, 0
965, 0
966, 0
967, 0
968, 0
969, 0
970, 0
971, 0
972, 0
973, 0
974, 0
975, 0
976, 0
977, 0
978, 0
979, 0
980, 0
981, 0
982, 0
983, 0
984, 0
985, 0
986, 0
987, 0
988, 0
989, 0
990, 0
991, 0
992, 0
993, 0
994, 0
995, 0
996, 0
997, 0
998, 0
999, 0
1000, 0
1001, 0
1002, 0
1003, 0
1004, 0
1005, 0
1006, 0
1007, 0
1008, 0
1009, 0
1010, 0
1011, 0
1012, 0
1013, 0
1014, 0
1015, 0
1016, 0
1017, 0
1018, 0
1019, 0
1020, 0
1021, 0
1022, 0
1023, 0
1024, 0
1025, 0
1026, 0
1027, 0
1028, 0
1029, 0
1030, 0
1031, 0
1032, 0
1033, 0
1034, 0
1035, 0
1036, 0
1037, 0
1038, 0
1039, 0
1040, 0
1041, 0
1042, 0
1043, 0
1044, 0
1045, 0
1046, 0
1047, 0
1048, 0
1049, 0
1050, 0
1051, 0
1052, 0
1053, 0
1054, 0
1055, 0
1056, 0
1057, 0
1058, 0
1059, 0
1060, 0
1061, 0
1062, 0
1063, 0
1064, 0
1065, 0
1066, 0
1067, 0
1068, 0
1069, 0
1070, 0
1071, 0
1072, 0
1073, 0
1074, 0
1075, 0
1076, 0
1077, 0
1078, 0
1079, 0
1080, 0
1081, 0
1082, 0
1083, 0
1084, 475
1085, 0
1086, 0
1087, 0
1088, 0
1089, 504
1090, 425
1091, 338
1092, 0
1093, 0
1094, 0
1095, 0
1096, 0
1097, 384
1098, 337
1099, 279
1100, 0
1101, 0
1102, 0
1103, 0
1104, 0
1105, 328
1106, 329
1107, 296
1108, 228
1109, 209
1110, 0
1111, 0
1112, 0
1113, 272
1114, 248
1115, 248
1116, 192
1117, 185
1118, 183
1119, 0
1120, 0
1121, 229
1122, 230
1123, 206
1124, 184
1125, 177
1126, 0
1127, 0
1128, 0
1129, 240
1130, 238
1131, 0
1132, 184
1133, 0
1134, 0
1135, 0
1136, 0
1137, 222
1138, 0
1139, 209
1140, 164
1141, 161
1142, 160
1143, 0
1144, 0
1145, 207
1146, 208
1147, 205
1148, 158
1149, 156
1150, 0
1151, 0
1152, 0
1153, 200
1154, 0
1155, 202
1156, 149
1157, 138
1158, 136
1159, 0
1160, 0
1161, 0
1162, 0
1163, 169
1164, 150
1165, 139
1166, 137
1167, 0
1168, 0
1169, 177
1170, 176
1171, 152
1172, 142
1173, 128
1174, 0
1175, 0
1176, 0
1177, 168
1178, 0
1179, 154
1180, 132
1181, 123
1182, 120
1183, 0
1184, 0
1185, 0
1186, 169
1187, 154
1188, 136
1189, 121
1190, 120
1191, 0
1192, 0
1193, 152
1194, 152
1195, 151
1196, 0
1197, 120
1198, 0
1199, 0
1200, 0
1201, 0
1202, 169
1203, 163
1204, 0
1205, 0
1206, 0
1207, 0
1208, 0
1209, 151
1210, 152
1211, 147
1212, 137
1213, 119
1214, 0
1215, 0
1216, 0
1217, 152
1218, 152
1219, 151
1220, 114
1221, 105
1222, 101
1223, 0
1224, 0
1225, 144
1226, 144
1227, 133
1228, 121
1229, 115
1230, 0
1231, 0
1232, 0
1233, 151
1234, 153
1235, 136
1236, 114
1237, 0
1238, 0
1239, 0
1240, 0
1241, 143
1242, 143
1243, 113
1244, 111
1245, 0
1246, 0
1247, 0
1248, 0
1249, 144
1250, 145
1251, 0
1252, 123
1253, 108
1254, 0
1255, 0
1256, 0
1257, 125
1258, 0
1259, 119
1260, 98
1261, 88
1262, 0
1263, 0
1264, 0
1265, 126
1266, 127
1267, 118
1268, 109
1269, 104
1270, 102
1271, 0
1272, 0
1273, 128
1274, 128
1275, 127
1276, 0
1277, 99
1278, 0
1279, 0
1280, 0
1281, 119
1282, 0
1283, 121
1284, 97
1285, 87
1286, 87
1287, 0
1288, 0
1289, 122
1290, 121
1291, 118
1292, 91
1293, 87
1294, 86
1295, 0
1296, 0
1297, 0
1298, 122
1299, 0
1300, 92
1301, 88
1302, 87
1303, 0
1304, 0
1305, 111
1306, 112
1307, 112
1308, 91
1309, 84
1310, 80
1311, 0
1312, 0
1313, 96
1314, 94
1315, 95
1316, 77
1317, 72
1318, 72
1319, 0
1320, 0
1321, 111
1322, 112
1323, 105
1324, 89
1325, 0
1326, 0
1327, 0
1328, 0
1329, 104
1330, 104
1331, 103
1332, 83
1333, 79
1334, 78
1335, 0
1336, 0
1337, 113
1338, 113
1339, 94
1340, 88
1341, 0
1342, 80
1343, 0
1344, 0
1345, 102
1346, 104
1347, 105
1348, 83
1349, 80
1350, 78
1351, 0
1352, 0
1353, 103
1354, 104
1355, 106
1356, 0
1357, 0
1358, 0
1359, 0
1360, 0
1361, 97
1362, 0
1363, 84
1364, 75
1365, 73
1366, 0
1367, 0
1368, 0
1369, 97
1370, 91
1371, 89
1372, 74
1373, 0
1374, 66
1375, 0
1376, 0
1377, 88
1378, 88
1379, 88
1380, 67
1381, 64
1382, 63
1383, 0
1384, 0
1385, 0
1386, 0
1387, 81
1388, 67
1389, 64
1390, 64
1391, 0
1392, 0
1393, 83
1394, 0
1395, 56
1396, 54
1397, 49
1398, 49
1399, 0
1400, 0
1401, 72
1402, 72
1403, 71
1404, 62
1405, 58
1406, 0
1407, 0
1408, 0
1409, 71
1410, 72
1411, 73
1412, 57
1413, 0
1414, 0
1415, 0
1416, 0
1417, 75
1418, 0
1419, 72
1420, 59
1421, 57
1422, 57
1423, 0
1424, 0
1425, 80
1426, 0
1427, 82
1428, 61
1429, 56
1430, 0
1431, 0
1432, 0
1433, 0
1434, 0
1435, 0
1436, 0
1437, 0
1438, 59
1439, 0
1440, 0
1441, 65
1442, 63
1443, 0
1444, 56
1445, 0
1446, 48
1447, 0
1448, 0
1449, 72
1450, 72
1451, 73
1452, 45
1453, 42
1454, 0
1455, 0
1456, 0
1457, 64
1458, 62
1459, 66
1460, 54
1461, 47
1462, 46
1463, 0
1464, 0
1465, 62
1466, 0
1467, 57
1468, 0
1469, 41
1470, 0
1471, 0
1472, 0
1473, 55
1474, 0
1475, 52
1476, 0
1477, 33
1478, 33
1479, 0
1480, 0
1481, 47
1482, 48
1483, 47
1484, 35
1485, 32
1486, 0
1487, 0
1488, 0
1489, 56
1490, 55
1491, 48
1492, 43
1493, 40
1494, 0
1495, 0
1496, 0
1497, 55
1498, 0
1499, 51
1500, 35
1501, 34
1502, 33
1503, 0
1504, 0
1505, 47
1506, 0
1507, 49
1508, 31
1509, 25
1510, 24
1511, 0
1512, 0
1513, 48
1514, 48
1515, 49
1516, 40
1517, 39
1518, 40
1519, 0
1520, 0
1521, 0
1522, 0
1523, 36
1524, 28
1525, 23
1526, 21
1527, 0
1528, 0
1529, 48
1530, 48
1531, 42
1532, 37
1533, 34
1534, 0
1535, 0
1536, 0
1537, 47
1538, 49
1539, 51
1540, 41
1541, 0
1542, 0
1543, 0
1544, 0
1545, 48
1546, 48
1547, 47
1548, 41
1549, 33
1550, 0
1551, 0
1552, 0
1553, 47
1554, 49
1555, 50
1556, 0
1557, 30
1558, 0
1559, 0
1560, 0
1561, 48
1562, 48
1563, 41
1564, 32
1565, 0
1566, 0
1567, 0
1568, 0
1569, 39
1570, 40
1571, 40
1572, 26
1573, 24
1574, 24
1575, 0
1576, 0
1577, 40
1578, 39
1579, 0
1580, 29
1581, 0
1582, 0
1583, 0
1584, 0
1585, 42
1586, 0
1587, 40
1588, 30
1589, 27
1590, 25
1591, 0
1592, 0
1593, 40
1594, 38
1595, 39
1596, 32
1597, 26
1598, 0
1599, 0
1600, 0
1601, 41
1602, 0
1603, 40
1604, 32
1605, 27
1606, 26
1607, 0
1608, 0
1609, 40
1610, 40
1611, 38
1612, 23
1613, 0
1614, 0
1615, 0
1616, 0
1617, 32
1618, 32
1619, 31
1620, 21
1621, 19
1622, 17
1623, 0
1624, 0
1625, 31
1626, 32
1627, 32
1628, 28
1629, 23
1630, 0
1631, 0
1632, 0
1633, 39
1634, 38
1635, 38
1636, 27
1637, 23
1638, 0
1639, 0
1640, 0
1641, 40
1642, 39
1643, 40
1644, 35
1645, 24
1646, 23
1647, 0
1648, 0
1649, 31
1650, 30
1651, 29
1652, 27
1653, 15
1654, 13
1655, 0
1656, 0
1657, 32
1658, 0
1659, 33
1660, 29
1661, 18
1662, 17
1663, 0
1664, 0
1665, 26
1666, 0
1667, 25
1668, 14
1669, 9
1670, 7
1671, 0
1672, 0
1673, 24
1674, 0
1675, 25
1676, 13
1677, 0
1678, 0
1679, 0
1680, 0
1681, 24
1682, 24
1683, 0
1684, 23
1685, 0
1686, 8
1687, 0
1688, 0
1689, 23
1690, 21
1691, 20
1692, 13
1693, 0
1694, 9
1695, 0
1696, 0
1697, 17
1698, 16
1699, 12
1700, 0
1701, 0
1702, -1
1703, 0
1704, 0
1705, 9
1706, 9
1707, 8
1708, 0
1709, -1
1710, 0
1711, 0
1712, 0
1713, 10
1714, 0
1715, 8
1716, 0
1717, 0
1718, -7
1719, 0
1720, 0
1721, 16
1722, 17
1723, 17
1724, 16
1725, 0
1726, 0
1727, 0
1728, 0
1729, 25
1730, 23
1731, 15
1732, 3
1733, 1
1734, 0
1735, 0
1736, 0
1737, 18
1738, 17
1739, 0
1740, 3
1741, 0
1742, 0
1743, 0
1744, 0
1745, 15
1746, 15
1747, 12
1748, 0
1749, 0
1750, 0
1751, 0
1752, 0
1753, 9
1754, 0
1755, 9
1756, 7
1757, 0
1758, 0
1759, 0
1760, 0
1761, 0
1762, 0
1763, -1
1764, 0
1765, -3
1766, -8
1767, 0
1768, 0
1769, 8
1770, 8
1771, 7
1772, 0
1773, 1
1774, 0
1775, 0
1776, 0
1777, 0
1778, -1
1779, 0
1780, -2
1781, 0
1782, -7
1783, 0
1784, 0
1785, -2
1786, -1
1787, 1
1788, -2
1789, 1
1790, -14
1791, 0
1792, 0
1793, 0
1794, 1
1795, -1
1796, -3
1797, -1
1798, 0
1799, 0
1800, 0
1801, 8
1802, 9
1803, 10
1804, 0
1805, 0
1806, 0
1807, 0
1808, 0
1809, 7
1810, 0
1811, 9
1812, 8
1813, 9
1814, 8
1815, 0
1816, 0
1817, 31
1818, 33
1819, 14
1820, 13
1821, 0
1822, 0
1823, 0
1824, 0
1825, 31
1826, 32
1827, 15
1828, 7
1829, 0
1830, 0
1831, 0
1832, -2
1833, 0
1834, 1
1835, 0
1836, -4
1837, -7
1838, -17
1839, 0
1840, 0
1841, 1
1842, 1
1843, -1
1844, -3
1845, 0
1846, -9
1847, 0
1848, 0
1849, 1
1850, 0
1851, 0
1852, -2
1853, 0
1854, -16
1855, 0
1856, 0
1857, -8
1858, -9
1859, -8
1860, -11
1861, -15
1862, -24
1863, 0
1864, 0
1865, -10
1866, 0
1867, 0
1868, 0
1869, 0
1870, -7
1871, -9
1872, -11
1873, -12
1874, 0
1875, -5
1876, -7
1877, -10
1878, -24
1879, 0
1880, 0
1881, -8
1882, 0
1883, -5
1884, 0
1885, -10
1886, -24
1887, 0
1888, 0
1889, -8
1890, -9
1891, -8
1892, -8
1893, -10
1894, -10
1895, -11
1896, -8
1897, -7
1898, -9
1899, -9
1900, -9
1901, -10
1902, -24
1903, 0
1904, 0
1905, -9
1906, -9
1907, -7
1908, -8
1909, -10
1910, -25
1911, -23
1912, -22
1913, 0
1914, 0
1915, -22
1916, -24
1917, -27
1918, -27
1919, 0
1920, 0
1921, -8
1922, -8
1923, -8
1924, -9
1925, -10
1926, 0
1927, 0
1928, 0
1929, -8
1930, -10
1931, -9
1932, 0
1933, -8
1934, -21
1935, 0
1936, -24
1937, -25
1938, -24
1939, -24
1940, -24
1941, -26
1942, -22
1943, 0
1944, 0
1945, -8
1946, -7
1947, -6
1948, -8
1949, -10
1950, -24
1951, 0
1952, -22
1953, 0
1954, 0
1955, -23
1956, -24
1957, -25
1958, -40
1959, 0
1960, 0
1961, -23
1962, -24
1963, -23
1964, -24
1965, -27
1966, -26
1967, 0
1968, 0
1969, -8
1970, -8
1971, -9
1972, -7
1973, -7
1974, -25
1975, 0
1976, -22
1977, -22
1978, -23
1979, -26
1980, -23
1981, 0
1982, 0
1983, 0
1984, 0
1985, -14
1986, -15
1987, -15
1988, -18
1989, -17
1990, -22
1991, 0
1992, -21
1993, 0
1994, -23
1995, -22
1996, -24
1997, -25
1998, -32
1999, 0
2000, 0
2001, 0
2002, 0
2003, -24
2004, -25
2005, -24
2006, -25
2007, 0
2008, 0
2009, -15
2010, -17
2011, -16
2012, -14
2013, -18
2014, 0
2015, 0
2016, 0
2017, -18
2018, -16
2019, -14
2020, -14
2021, 0
2022, -13
2023, 0
2024, -16
2025, -16
2026, -16
2027, -16
2028, -18
2029, -18
2030, -32
2031, 0
2032, 0
2033, 0
2034, 0
2035, -22
2036, -23
2037, -24
2038, -24
2039, 0
2040, 0
2041, -18
2042, -14
2043, -16
2044, -19
2045, -20
2046, -31
2047, 0
2048, 0
2049, 0
2050, 0
2051, -22
2052, -24
2053, -25
2054, -23
2055, 0
2056, 0
2057, -13
2058, -15
2059, -16
2060, -13
2061, 0
2062, -33
2063, 0
2064, 0
2065, -23
2066, -24
2067, -24
2068, -24
2069, -25
2070, -23
2071, 0
2072, 0
2073, -16
2074, 0
2075, -14
2076, -16
2077, -18
2078, -33
2079, 0
2080, 0
2081, -24
2082, -25
2083, -23
2084, -23
2085, 0
2086, -26
2087, 0
2088, 0
2089, 0
2090, 0
2091, 0
2092, -15
2093, 0
2094, 0
2095, 0
2096, 0
2097, -25
2098, -26
2099, -24
2100, -23
2101, 0
2102, 0
2103, 0
2104, 0
2105, -15
2106, -14
2107, -15
2108, -16
2109, -18
2110, -32
2111, 0
2112, 0
2113, -24
2114, -23
2115, -25
2116, -28
2117, -23
2118, -24
2119, 0
2120, 0
2121, -16
2122, -16
2123, -15
2124, -14
2125, -16
2126, -31
2127, -30
2128, 0
2129, -24
2130, -23
2131, -24
2132, -24
2133, -25
2134, -25
2135, -23
2136, 0
2137, -15
2138, -17
2139, -17
2140, -16
2141, -16
2142, -32
2143, -33
2144, -32
2145, -32
2146, -32
2147, -34
2148, -33
2149, -31
2150, -31
2151, 0
2152, 0
2153, 0
2154, 0
2155, -23
2156, -22
2157, -25
2158, -32
2159, 0
2160, 0
2161, -23
2162, -23
2163, -25
2164, -26
2165, -28
2166, 0
2167, 0
2168, 0
2169, -22
2170, -22
2171, 0
2172, -24
2173, -25
2174, -32
2175, 0
2176, 0
2177, 0
2178, -24
2179, -23
2180, -25
2181, -25
2182, -32
2183, -34
2184, -32
2185, -31
2186, 0
2187, -29
2188, 0
2189, -33
2190, 0
2191, 0
2192, 0
2193, 0
2194, -23
2195, 0
2196, -25
2197, -26
2198, -40
2199, 0
2200, 0
2201, -32
2202, -32
2203, -31
2204, -32
2205, -33
2206, -32
2207, 0
2208, 0
2209, -23
2210, -23
2211, -25
2212, -25
2213, -27
2214, -40
2215, 0
2216, 0
2217, 0
2218, -31
2219, -32
2220, -31
2221, -31
2222, -30
2223, -31
2224, -31
2225, -32
2226, -31
2227, -31
2228, -31
2229, 0
2230, -32
2231, 0
2232, 0
2233, -25
2234, -24
2235, -23
2236, -23
2237, -25
2238, -40
2239, 0
2240, 0
2241, -32
2242, -34
2243, -31
2244, -32
2245, -27
2246, -24
2247, -24
2248, 0
2249, -26
2250, -24
2251, -25
2252, -25
2253, 0
2254, -31
2255, 0
2256, 0
2257, -25
2258, -25
2259, -25
2260, -24
2261, -23
2262, 0
2263, 0
2264, 0
2265, -24
2266, -24
2267, -24
2268, -24
2269, -24
2270, -25
2271, -26
2272, -23
2273, -24
2274, -25
2275, -23
2276, -24
2277, 0
2278, -31
2279, 0
2280, 0
2281, -25
2282, -23
2283, -23
2284, -26
2285, -26
2286, 0
2287, 0
2288, 0
2289, 0
2290, -22
2291, -25
2292, -24
2293, -22
2294, -22
2295, -23
2296, -23
2297, 0
2298, -23
2299, -24
2300, -26
2301, 0
2302, -30
2303, 0
2304, 0
2305, -26
2306, -25
2307, -25
2308, 0
2309, -25
2310, -31
2311, -31
2312, -32
2313, -33
2314, 0
2315, -30
2316, -30
2317, -32
2318, -32
2319, 0
2320, 0
2321, -24
2322, -24
2323, -24
2324, -23
2325, -23
2326, -31
2327, 0
2328, -28
2329, 0
2330, 0
2331, -30
2332, -31
2333, -34
2334, -42
2335, 0
2336, 0
2337, -33
2338, -33
2339, -32
2340, 0
2341, -28
2342, 0
2343, 0
2344, 0
2345, -24
2346, -24
2347, -25
2348, -24
2349, -22
2350, -32
2351, -34
2352, -31
2353, -30
2354, -32
2355, -31
2356, -30
2357, 0
2358, -32
2359, 0
2360, 0
2361, -25
2362, -25
2363, -23
2364, -24
2365, -24
2366, -31
2367, -32
2368, -32
2369, -32
2370, 0
2371, -31
2372, -31
2373, -32
2374, -39
2375, 0
2376, 0
2377, 0
2378, -32
2379, -32
2380, -32
2381, -24
2382, -22
2383, -24
2384, -23
2385, -23
2386, -22
2387, -23
2388, -24
2389, -25
2390, -32
2391, 0
2392, 0
2393, -26
2394, -23
2395, -24
2396, 0
2397, -21
2398, 0
2399, -34
2400, -33
2401, 0
2402, -29
2403, 0
2404, -34
2405, -32
2406, -30
2407, 0
2408, 0
2409, -25
2410, -24
2411, -25
2412, -25
2413, 0
2414, -30
2415, -30
2416, -32
2417, 0
2418, -33
2419, -32
2420, -31
2421, -32
2422, 0
2423, 0
2424, 0
2425, -23
2426, -24
2427, -25
2428, -23
2429, -24
2430, -35
2431, -32
2432, -32
2433, -32
2434, -31
2435, -31
2436, 0
2437, -33
2438, -39
2439, 0
2440, 0
2441, -33
2442, -31
2443, -31
2444, -33
2445, -34
2446, -32
2447, -31
2448, -33
2449, -33
2450, -32
2451, -32
2452, 0
2453, 0
2454, -37
2455, -38
2456, -38
2457, 0
2458, -40
2459, -39
2460, -41
2461, -42
2462, -50
2463, 0
2464, 0
2465, -32
2466, -33
2467, -34
2468, -34
2469, -25
2470, -34
2471, 0
2472, -29
2473, 0
2474, -32
2475, -30
2476, -31
2477, -35
2478, -31
2479, -31
2480, -31
2481, 0
2482, -34
2483, -34
2484, -31
2485, -33
2486, -39
2487, -41
2488, -41
2489, -40
2490, -40
2491, -39
2492, -40
2493, -41
2494, 0
2495, -38
2496, -38
2497, 0
2498, -41
2499, -39
2500, -39
2501, -43
2502, -48
2503, 0
2504, 0
2505, -39
2506, -40
2507, -40
2508, -39
2509, -40
2510, -39
2511, 0
2512, 0
2513, -32
2514, -32
2515, -30
2516, -32
2517, -33
2518, -34
2519, -32
2520, -31
2521, -37
2522, -33
2523, -32
2524, -32
2525, -32
2526, -39
2527, -39
2528, -39
2529, -40
2530, -40
2531, -40
2532, -42
2533, -42
2534, 0
2535, -38
2536, -38
2537, -40
2538, -41
2539, 0
2540, -37
2541, -38
2542, 0
2543, 0
2544, 0
2545, -40
2546, -41
2547, -39
2548, -40
2549, -41
2550, -40
2551, 0
2552, -38
2553, 0
2554, 0
2555, 0
2556, -36
2557, 0
2558, -41
2559, 0
2560, -38
2561, -39
2562, -39
2563, -40
2564, -40
2565, -41
2566, -41
2567, -41
2568, 0
2569, -33
2570, -34
2571, 0
2572, -30
2573, -33
2574, -32
2575, -31
2576, -31
2577, -35
2578, -35
2579, -31
2580, -32
2581, -32
2582, -33
2583, -32
2584, 0
2585, -32
2586, -32
2587, -33
2588, 0
2589, -30
2590, 0
2591, -41
2592, -40
2593, -39
2594, -39
2595, -38
2596, -41
2597, -41
2598, -41
2599, -41
2600, -39
2601, -41
2602, -40
2603, 0
2604, -39
2605, -39
2606, -40
2607, -40
2608, -39
2609, -40
2610, -40
2611, -38
2612, -39
2613, -39
2614, -41
2615, 0
2616, -36
2617, 0
2618, -39
2619, -40
2620, -40
2621, -41
2622, -39
2623, -40
2624, -40
2625, -40
2626, -40
2627, -39
2628, -40
2629, -41
2630, -40
2631, 0
2632, -39
2633, 0
2634, -41
2635, -42
2636, -40
2637, -43
2638, -40
2639, -39
2640, -41
2641, -39
2642, -38
2643, -40
2644, -39
2645, -39
2646, -48
2647, -48
2648, -49
2649, -48
2650, -48
2651, -48
2652, -48
2653, -48
2654, -46
2655, 0
2656, 0
2657, -41
2658, -40
2659, -40
2660, -42
2661, -40
2662, -40
2663, -41
2664, -40
2665, -40
2666, -40
2667, -40
2668, -40
2669, -40
2670, -48
2671, 0
2672, 0
2673, -40
2674, -41
2675, -39
2676, -42
2677, 0
2678, -37
2679, -39
2680, -39
2681, -41
2682, 0
2683, -37
2684, -41
2685, -44
2686, -48
2687, 0
2688, 0
2689, -39
2690, -39
2691, -37
2692, 0
2693, -37
2694, 0
2695, -40
2696, -39
2697, 0
2698, -37
2699, -38
2700, 0
2701, -41
2702, -48
2703, -49
2704, -50
2705, 0
2706, -46
2707, -46
2708, -46
2709, -46
2710, -47
2711, -47
2712, -47
2713, -48
2714, -48
2715, 0
2716, -45
2717, -47
2718, -48
2719, -47
2720, -48
2721, -48
2722, 0
2723, 0
2724, -46
2725, 0
2726, -47
2727, -47
2728, -47
2729, 0
2730, -48
2731, 0
2732, -49
2733, -48
2734, -48
2735, 0
2736, 0
2737, -40
2738, -40
2739, -39
2740, -40
2741, -42
2742, -42
2743, 0
2744, -37
2745, 0
2746, -40
2747, -39
2748, -41
2749, 0
2750, -38
2751, -38
2752, 0
2753, -37
2754, 0
2755, -40
2756, -38
2757, -42
2758, -41
2759, 0
2760, -39
2761, -39
2762, -40
2763, -40
2764, -40
2765, -39
2766, -41
2767, 0
2768, -37
2769, 0
2770, -40
2771, -38
2772, -41
2773, -41
2774, -47
2775, 0
2776, 0
2777, 0
2778, 0
2779, -47
2780, -47
2781, -49
2782, -48
2783, -46
2784, -47
2785, -47
2786, -48
2787, -48
2788, -49
2789, -48
2790, -49
2791, 0
2792, -45
2793, 0
2794, -48
2795, -46
2796, -49
2797, -49
2798, -47
2799, 0
2800, 0
2801, 0
2802, 0
2803, -47
2804, -47
2805, -49
2806, -48
2807, -46
2808, -47
2809, -48
2810, -48
2811, -47
2812, -48
2813, -49
2814, -49
2815, 0
2816, -46
2817, 0
2818, -50
2819, -46
2820, -48
2821, -48
2822, -47
2823, 0
2824, 0
2825, 0
2826, 0
2827, -47
2828, -48
2829, -51
2830, -49
2831, -47
2832, -46
2833, -47
2834, -50
2835, -48
2836, -49
2837, -48
2838, -49
2839, 0
2840, -45
2841, 0
2842, -48
2843, -46
2844, -48
2845, -48
2846, -47
2847, 0
2848, 0
2849, 0
2850, 0
2851, -47
2852, -47
2853, -42
2854, -43
2855, -39
2856, -41
2857, -40
2858, -39
2859, -41
2860, -41
2861, -41
2862, -42
2863, 0
2864, -37
2865, -40
2866, 0
2867, 0
2868, -38
2869, 0
2870, -40
2871, -40
2872, -39
2873, -39
2874, -41
2875, -39
2876, -38
2877, -42
2878, -41
2879, -41
2880, -41
2881, -39
2882, -40
2883, -39
2884, -39
2885, -40
2886, -42
2887, 0
2888, -38
2889, -39
2890, 0
2891, 0
2892, -38
2893, 0
2894, -42
2895, -41
2896, 0
2897, 0
2898, -50
2899, -47
2900, -47
2901, -48
2902, 0
2903, -48
2904, -48
2905, -49
2906, -48
2907, -51
2908, -50
2909, -49
2910, -48
2911, -48
2912, -48
2913, -50
2914, 0
2915, -45
2916, 0
2917, -49
2918, -46
2919, -48
2920, -48
2921, -47
2922, -48
2923, -49
2924, -48
2925, -39
2926, -42
2927, -40
2928, -40
2929, -39
2930, -38
2931, -42
2932, -42
2933, -42
2934, -41
2935, -42
2936, -40
2937, -41
2938, -41
2939, -41
2940, -38
2941, -37
2942, -39
2943, 0
2944, -38
2945, -38
2946, -39
2947, -40
2948, -41
2949, -40
2950, -40
2951, -40
2952, -41
2953, -40
2954, -41
2955, -40
2956, -40
2957, -39
2958, -40
2959, -40
2960, -39
2961, -40
2962, -40
2963, -39
2964, -40
2965, -34
2966, -33
2967, -34
2968, 0
2969, 0
2970, -39
2971, -41
2972, -40
2973, -40
2974, -41
2975, -41
2976, 0
2977, 0
2978, -48
2979, -46
2980, -47
2981, -47
2982, -46
2983, -49
2984, -50
2985, -50
2986, -49
2987, -48
2988, -50
2989, -50
2990, -47
2991, -47
2992, -49
2993, -47
2994, -48
2995, -50
2996, -47
2997, -52
2998, -50
2999, -47
3000, -47
3001, -47
3002, -46
3003, -44
3004, -46
3005, -49
3006, -50
3007, -49
3008, -47
3009, -48
3010, -48
3011, -49
3012, -49
3013, -49
3014, -49
3015, -49
3016, -47
3017, -47
3018, -48
3019, 0
3020, -45
3021, 0
3022, -38
3023, -40
3024, -40
3025, -40
3026, 0
3027, -38
3028, -39
3029, -36
3030, -33
3031, -34
3032, -34
3033, -32
3034, -32
3035, -31
3036, -33
3037, -34
3038, -32
3039, -34
3040, -33
3041, -32
3042, -34
3043, -32
3044, -31
3045, -33
3046, -33
3047, -33
3048, 0
3049, 0
3050, 0
3051, 0
3052, -41
3053, -40
3054, -40
3055, -40
3056, 0
3057, 0
3058, -49
3059, -49
3060, -50
3061, -51
3062, -48
3063, -48
3064, 0
3065, -47
3066, -47
3067, -48
3068, -48
3069, -47
3070, 0
3071, -47
3072, 0
3073, -48
3074, -47
3075, -46
3076, -47
3077, -42
3078, -41
3079, -41
3080, -40
3081, -40
3082, -40
3083, -39
3084, -39
3085, -32
3086, -32
3087, -32
3088, -33
3089, -33
3090, -33
3091, -32
3092, 0
3093, -32
3094, 0
3095, -32
3096, -31
3097, -32
3098, -33
3099, -32
3100, -32
3101, -31
3102, 0
3103, -32
3104, 0
3105, 0
3106, -40
3107, -39
3108, -41
3109, -42
3110, 0
3111, -38
3112, 0
3113, 0
3114, -48
3115, -47
3116, -47
3117, -50
3118, -49
3119, -48
3120, -47
3121, -46
3122, -48
3123, -48
3124, -47
3125, -39
3126, -39
3127, -41
3128, -41
3129, -40
3130, -40
3131, -40
3132, -38
3133, -32
3134, -32
3135, -32
3136, -32
3137, -31
3138, -31
3139, -32
3140, -32
3141, -32
3142, -32
3143, -33
3144, -32
3145, -33
3146, -33
3147, -32
3148, -34
3149, -32
3150, -33
3151, -33
3152, 0
3153, 0
3154, -38
3155, 0
3156, -41
3157, -36
3158, -33
3159, -32
3160, 0
3161, -40
3162, -41
3163, -41
3164, -39
3165, -39
3166, -40
3167, -40
3168, -39
3169, -38
3170, -39
3171, -39
3172, -40
3173, -32
3174, -31
3175, -32
3176, -32
3177, -36
3178, -32
3179, -31
3180, -33
3181, -33
3182, -31
3183, -33
3184, 0
3185, 0
3186, -40
3187, -39
3188, -39
3189, -39
3190, 0
3191, -40
3192, 0
3193, 0
3194, -48
3195, -49
3196, -47
3197, -40
3198, -40
3199, 0
3200, -38
3201, -37
3202, 0
3203, -36
3204, 0
3205, -30
3206, 0
3207, -32
3208, -34
3209, -35
3210, -32
3211, -31
3212, -31
3213, -31
3214, 0
3215, -32
3216, -31
3217, -34
3218, -33
3219, -32
3220, -30
3221, -33
3222, -34
3223, -32
3224, 0
3225, 0
3226, 0
3227, -47
3228, 0
3229, -42
3230, -39
3231, -42
3232, -42
3233, -40
3234, -40
3235, -40
3236, -40
3237, -35
3238, -32
3239, -33
3240, 0
3241, 0
3242, -40
3243, -41
3244, -40
3245, -40
3246, -39
3247, -38
3248, -41
3249, -40
3250, 0
3251, -41
3252, 0
3253, -37
3254, 0
3255, -40
3256, 0
3257, 0
3258, -46
3259, -48
3260, -48
3261, -34
3262, -32
3263, 0
3264, -34
3265, -31
3266, -32
3267, -34
3268, -31
3269, -32
3270, -33
3271, -33
3272, 0
3273, 0
3274, -41
3275, -38
3276, -38
3277, -41
3278, -41
3279, -40
3280, -43
3281, -41
3282, -40
3283, -39
3284, -39
3285, -27
3286, -27
3287, -24
3288, 0
3289, 0
3290, -41
3291, 0
3292, -37
3293, -42
3294, -42
3295, 0
3296, 0
3297, 0
3298, -38
3299, 0
3300, -43
3301, -41
3302, -40
3303, -39
3304, -41
3305, -40
3306, -37
3307, -38
3308, 0
3309, 0
3310, 0
3311, 0
3312, 0
3313, 0
3314, -46
3315, -46
3316, -47
3317, -39
3318, -39
3319, -39
3320, -39
3321, -40
3322, -39
3323, -41
3324, -40
3325, -40
3326, -40
3327, -41
3328, -39
3329, -40
3330, -40
3331, -40
3332, -40
3333, -26
3334, -24
3335, -23
3336, 0
3337, 0
3338, -32
3339, -33
3340, -32
3341, -33
3342, -33
3343, -32
3344, 0
3345, 0
3346, 0
3347, -41
3348, -40
3349, -42
3350, -41
3351, -39
3352, -40
3353, -39
3354, -39
3355, -40
3356, -42
3357, -26
3358, -25
3359, -24
3360, -22
3361, -25
3362, 0
3363, -23
3364, 0
3365, -26
3366, -25
3367, -24
3368, 0
3369, 0
3370, 0
3371, -38
3372, -40
3373, -41
3374, -40
3375, -39
3376, -40
3377, -39
3378, -40
3379, -40
3380, -41
3381, -28
3382, -24
3383, -22
3384, -24
3385, -23
3386, -23
3387, -24
3388, -24
3389, -25
3390, -24
3391, -23
3392, 0
3393, -32
3394, -33
3395, -33
3396, -32
3397, -34
3398, -34
3399, -33
3400, 0
3401, -40
3402, -38
3403, -40
3404, -39
3405, -27
3406, -25
3407, 0
3408, 0
3409, 0
3410, 0
3411, 0
3412, -32
3413, -32
3414, -30
3415, 0
3416, -29
3417, 0
3418, 0
3419, -32
3420, 0
3421, -17
3422, -15
3423, -15
3424, -16
3425, -16
3426, -18
3427, -17
3428, -16
3429, -17
3430, -16
3431, -16
3432, 0
3433, 0
3434, 0
3435, -31
3436, -33
3437, 0
3438, -29
3439, 0
3440, 0
3441, -30
3442, -31
3443, -31
3444, -32
3445, -22
3446, -15
3447, -16
3448, 0
3449, 0
3450, -32
3451, -32
3452, -32
3453, -34
3454, -31
3455, -31
3456, 0
3457, -31
3458, 0
3459, -32
3460, -32
3461, -19
3462, -15
3463, -16
3464, 0
3465, 0
3466, -25
3467, -30
3468, -27
3469, -25
3470, -23
3471, -24
3472, 0
3473, 0
3474, -34
3475, 0
3476, -30
3477, -19
3478, -17
3479, -15
3480, -15
3481, -14
3482, -15
3483, -18
3484, -16
3485, -16
3486, -16
3487, -16
3488, 0
3489, 0
3490, -34
3491, -32
3492, -32
3493, -24
3494, -23
3495, -24
3496, -24
3497, -25
3498, -26
3499, -23
3500, 0
3501, -18
3502, -16
3503, -17
3504, 0
3505, 0
3506, -22
3507, -23
3508, -25
3509, -24
3510, -24
3511, -24
3512, 0
3513, 0
3514, -33
3515, -30
3516, 0
3517, -16
3518, 0
3519, -15
3520, -15
3521, -15
3522, 0
3523, -14
3524, -16
3525, -17
3526, -25
3527, -26
3528, 0
3529, 0
3530, -31
3531, 0
3532, -32
3533, 0
3534, -17
3535, -17
3536, 0
3537, 0
3538, -24
3539, -24
3540, -25
3541, -25
3542, -24
3543, -24
3544, 0
3545, 0
3546, -33
3547, -32
3548, -31
3549, -19
3550, -16
3551, -17
3552, 0
3553, 0
3554, 0
3555, -24
3556, -24
3557, 0
3558, -24
3559, 0
3560, 0
3561, 0
3562, -34
3563, -31
3564, -32
3565, -25
3566, -22
3567, -25
3568, 0
3569, 0
3570, -31
3571, -32
3572, -33
3573, -24
3574, 0
3575, -21
3576, 0
3577, 0
3578, -33
3579, -31
3580, 0
3581, -22
3582, 0
3583, -12
3584, 0
3585, 0
3586, -24
3587, 0
3588, -23
3589, 0
3590, -24
3591, 0
3592, 0
3593, -32
3594, -32
3595, -30
3596, 0
3597, -24
3598, -16
3599, -17
3600, 0
3601, 0
3602, -33
3603, -33
3604, -32
3605, 0
3606, 1
3607, 1
3608, 0
3609, 0
3610, -26
3611, -24
3612, 0
3613, -14
3614, -15
3615, -16
3616, 0
3617, 0
3618, 0
3619, -22
3620, 0
3621, -10
3622, -9
3623, -8
3624, 0
3625, -16
3626, -16
3627, -15
3628, -18
3629, -17
3630, -16
3631, -17
3632, 0
3633, 0
3634, 0
3635, -31
3636, -32
3637, -17
3638, 0
3639, -13
3640, 0
3641, 0
3642, -24
3643, -25
3644, -24
3645, 0
3646, -22
3647, -24
3648, 0
3649, 0
3650, 0
3651, 0
3652, -32
3653, -19
3654, -16
3655, -16
3656, 0
3657, 0
3658, 0
3659, -24
3660, -23
3661, -18
3662, -16
3663, -15
3664, 0
3665, 0
3666, 0
3667, -22
3668, 0
3669, -16
3670, 0
3671, -16
3672, 0
3673, 0
3674, -33
3675, -33
3676, -32
3677, -15
3678, 0
3679, -18
3680, -17
3681, -17
3682, -15
3683, -16
3684, -15
3685, -6
3686, -8
3687, -9
3688, 0
3689, 0
3690, -25
3691, -24
3692, -24
3693, -17
3694, 0
3695, -14
3696, -13
3697, 0
3698, -18
3699, 0
3700, 0
3701, 0
3702, -4
3703, -1
3704, 0
3705, 0
3706, -15
3707, -15
3708, 0
3709, -14
3710, 0
3711, -16
3712, 0
3713, 0
3714, -24
3715, 0
3716, -21
3717, -9
3718, -6
3719, 0
3720, 0
3721, 0
3722, -16
3723, -16
3724, -15
3725, -4
3726, -4
3727, 0
3728, 0
3729, 0
3730, 0
3731, -17
3732, -16
3733, -16
3734, -17
3735, -16
3736, -16
3737, -16
3738, -16
3739, -16
3740, -15
3741, 0
3742, -3
3743, -2
3744, 0
3745, 0
3746, 0
3747, -15
3748, -16
3749, 0
3750, 0
3751, 0
3752, 0
3753, 0
3754, -18
3755, 0
3756, 0
3757, -17
3758, -18
3759, -16
3760, -16
3761, 0
3762, 0
3763, 0
3764, 0
3765, 0
3766, 9
3767, 9
3768, 0
3769, 0
3770, -10
3771, -8
3772, -8
3773, 0
3774, 0
3775, 7
3776, 0
3777, 0
3778, 0
3779, 0
3780, -2
3781, 0
3782, 0
3783, 0
3784, 0
3785, 0
3786, 0
3787, 0
3788, 0
3789, 2
3790, 10
3791, 11
3792, 0
3793, 0
3794, -1
3795, 1
3796, 0
3797, 0
3798, 7
3799, 8
3800, 0
3801, 0
3802, -9
3803, 0
3804, 0
3805, 0
3806, 4
3807, 7
3808, 7
3809, 9
3810, 8
3811, 7
3812, 9
3813, 10
3814, 10
3815, 11
3816, 0
3817, 0
3818, 0
3819, 0
3820, 0
3821, 0
3822, 1
3823, 6
3824, 0
3825, 0
3826, 0
3827, -1
3828, -1
3829, 0
3830, 8
3831, 6
3832, 0
3833, 0
3834, 0
3835, 0
3836, 0
3837, 0
3838, 7
3839, 16
3840, 0
3841, 0
3842, 9
3843, 7
3844, 5
3845, 7
3846, 12
3847, 23
3848, 0
3849, 0
3850, 6
3851, 0
3852, 10
3853, 0
3854, 8
3855, 16
3856, 0
3857, 0
3858, 0
3859, -1
3860, 1
3861, 0
3862, 3
3863, 17
3864, 0
3865, 0
3866, 6
3867, 8
3868, 8
3869, 8
3870, 0
3871, 15
3872, 0
3873, 0
3874, 9
3875, 8
3876, 8
3877, 9
3878, 10
3879, 11
3880, 0
3881, 0
3882, 1
3883, 0
3884, 1
3885, 0
3886, 12
3887, 23
3888, 0
3889, 0
3890, 9
3891, 7
3892, 5
3893, 7
3894, 10
3895, 15
3896, 0
3897, 0
3898, 16
3899, 15
3900, 14
3901, 0
3902, 18
3903, 23
3904, 0
3905, 0
3906, 0
3907, 8
3908, 8
3909, 0
3910, 14
3911, 21
3912, 0
3913, 0
3914, 0
3915, 18
3916, 16
3917, 16
3918, 20
3919, 28
3920, 0
3921, 0
3922, 16
3923, 16
3924, 17
3925, 16
3926, 19
3927, 28
3928, 0
3929, 0
3930, 0
3931, 14
3932, 0
3933, 19
3934, 0
3935, 22
3936, 0
3937, 0
3938, 7
3939, 0
3940, 11
3941, 13
3942, 18
3943, 22
3944, 0
3945, 0
3946, 0
3947, 9
3948, 7
3949, 9
3950, 18
3951, 23
3952, 0
3953, 0
3954, 17
3955, 16
3956, 16
3957, 17
3958, 0
3959, 35
3960, 0
3961, 0
3962, 15
3963, 15
3964, 14
3965, 17
3966, 0
3967, 32
3968, 0
3969, 0
3970, 16
3971, 17
3972, 17
3973, 20
3974, 0
3975, 28
3976, 0
3977, 0
3978, 16
3979, 17
3980, 17
3981, 19
3982, 0
3983, 25
3984, 0
3985, 0
3986, 14
3987, 13
3988, 15
3989, 18
3990, 0
3991, 32
3992, 0
3993, 0
3994, 24
3995, 24
3996, 24
3997, 26
3998, 27
3999, 34
4000, 0
4001, 0
4002, 24
4003, 25
4004, 25
4005, 26
4006, 30
4007, 36
4008, 0
4009, 0
4010, 0
4011, 15
4012, 17
4013, 0
4014, 0
4015, 26
4016, 0
4017, 0
4018, 23
4019, 22
4020, 25
4021, 28
4022, 30
4023, 41
4024, 0
4025, 0
4026, 0
4027, 26
4028, 0
4029, 26
4030, 29
4031, 36
4032, 0
4033, 0
4034, 0
4035, 24
4036, 24
4037, 25
4038, 34
4039, 40
4040, 0
4041, 0
4042, 0
4043, 24
4044, 25
4045, 27
4046, 34
4047, 40
4048, 0
4049, 0
4050, 0
4051, 25
4052, 0
4053, 0
4054, 31
4055, 0
4056, 0
4057, 0
4058, 23
4059, 23
4060, 23
4061, 26
4062, 31
4063, 47
4064, 0
4065, 0
4066, 0
4067, 0
4068, 33
4069, 34
4070, 36
4071, 42
4072, 0
4073, 0
4074, 33
4075, 31
4076, 0
4077, 34
4078, 0
4079, 48
4080, 0
4081, 0
4082, 31
4083, 32
4084, 33
4085, 32
4086, 36
4087, 57
4088, 0
4089, 0
4090, 38
4091, 0
4092, 37
4093, 40
4094, 43
4095, 54
4096, 0
4097, 0
4098, 0
4099, 39
4100, 39
4101, 0
4102, 43
4103, 0
4104, 0
4105, 0
4106, 40
4107, 40
4108, 39
4109, 41
4110, 45
4111, 46
4112, 0
4113, 0
4114, 32
4115, 32
4116, 31
4117, 31
4118, 31
4119, 48
4120, 0
4121, 0
4122, 29
4123, 31
4124, 34
4125, 34
4126, 39
4127, 44
4128, 0
4129, 0
4130, 40
4131, 37
4132, 37
4133, 41
4134, 0
4135, 55
4136, 0
4137, 0
4138, 40
4139, 41
4140, 40
4141, 43
4142, 0
4143, 63
4144, 0
4145, 0
4146, 0
4147, 38
4148, 41
4149, 44
4150, 0
4151, 55
4152, 0
4153, 0
4154, 41
4155, 39
4156, 38
4157, 40
4158, 47
4159, 57
4160, 0
4161, 0
4162, 40
4163, 42
4164, 41
4165, 43
4166, 0
4167, 48
4168, 0
4169, 0
4170, 55
4171, 55
4172, 0
4173, 58
4174, 0
4175, 68
4176, 0
4177, 0
4178, 0
4179, 57
4180, 57
4181, 60
4182, 0
4183, 79
4184, 0
4185, 0
4186, 0
4187, 55
4188, 56
4189, 56
4190, 58
4191, 70
4192, 0
4193, 0
4194, 47
4195, 47
4196, 49
4197, 51
4198, 0
4199, 72
4200, 0
4201, 0
4202, 0
4203, 70
4204, 70
4205, 73
4206, 75
4207, 88
4208, 0
4209, 0
4210, 0
4211, 56
4212, 55
4213, 56
4214, 57
4215, 81
4216, 0
4217, 0
4218, 63
4219, 63
4220, 65
4221, 65
4222, 67
4223, 88
4224, 0
4225, 0
4226, 65
4227, 64
4228, 64
4229, 66
4230, 70
4231, 87
4232, 0
4233, 0
4234, 0
4235, 66
4236, 0
4237, 0
4238, 72
4239, 86
4240, 0
4241, 0
4242, 63
4243, 64
4244, 64
4245, 66
4246, 70
4247, 84
4248, 0
4249, 0
4250, 63
4251, 63
4252, 64
4253, 67
4254, 74
4255, 89
4256, 0
4257, 0
4258, 0
4259, 0
4260, 74
4261, 76
4262, 84
4263, 97
4264, 0
4265, 0
4266, 62
4267, 62
4268, 65
4269, 68
4270, 0
4271, 120
4272, 0
4273, 0
4274, 103
4275, 103
4276, 103
4277, 104
4278, 107
4279, 121
4280, 0
4281, 0
4282, 0
4283, 95
4284, 89
4285, 87
4286, 0
4287, 97
4288, 0
4289, 0
4290, 0
4291, 70
4292, 70
4293, 73
4294, 0
4295, 94
4296, 0
4297, 0
4298, 0
4299, 0
4300, 82
4301, 0
4302, 85
4303, 113
4304, 0
4305, 0
4306, 81
4307, 80
4308, 80
4309, 83
4310, 0
4311, 91
4312, 0
4313, 0
4314, 80
4315, 81
4316, 81
4317, 83
4318, 102
4319, 112
4320, 0
4321, 0
4322, 78
4323, 80
4324, 79
4325, 81
4326, 87
4327, 111
4328, 0
4329, 0
4330, 89
4331, 87
4332, 88
4333, 89
4334, 91
4335, 121
4336, 0
4337, 0
4338, 0
4339, 97
4340, 0
4341, 96
4342, 98
4343, 111
4344, 0
4345, 0
4346, 0
4347, 82
4348, 80
4349, 82
4350, 94
4351, 105
4352, 0
4353, 0
4354, 71
4355, 72
4356, 73
4357, 75
4358, 85
4359, 103
4360, 0
4361, 0
4362, 0
4363, 72
4364, 72
4365, 75
4366, 83
4367, 119
4368, 0
4369, 0
4370, 96
4371, 96
4372, 97
4373, 101
4374, 0
4375, 136
4376, 0
4377, 0
4378, 101
4379, 103
4380, 105
4381, 107
4382, 0
4383, 126
4384, 0
4385, 0
4386, 0
4387, 112
4388, 112
4389, 111
4390, 114
4391, 139
4392, 0
4393, 0
4394, 0
4395, 0
4396, 162
4397, 163
4398, 172
4399, 184
4400, 0
4401, 0
4402, 0
4403, 136
4404, 129
4405, 130
4406, 0
4407, 133
4408, 0
4409, 0
4410, 0
4411, 114
4412, 0
4413, 112
4414, 119
4415, 132
4416, 0
4417, 0
4418, 0
4419, 112
4420, 113
4421, 117
4422, 0
4423, 136
4424, 0
4425, 0
4426, 101
4427, 101
4428, 103
4429, 103
4430, 0
4431, 145
4432, 0
4433, 0
4434, 0
4435, 121
4436, 121
4437, 123
4438, 136
4439, 136
4440, 0
4441, 0
4442, 0
4443, 137
4444, 136
4445, 137
4446, 143
4447, 180
4448, 0
4449, 0
4450, 0
4451, 150
4452, 152
4453, 155
4454, 0
4455, 168
4456, 0
4457, 0
4458, 0
4459, 0
4460, 145
4461, 146
4462, 148
4463, 155
4464, 0
4465, 0
4466, 0
4467, 153
4468, 0
4469, 0
4470, 168
4471, 204
4472, 0
4473, 0
4474, 0
4475, 150
4476, 153
4477, 154
4478, 160
4479, 170
4480, 0
4481, 0
4482, 0
4483, 0
4484, 136
4485, 139
4486, 0
4487, 153
4488, 0
4489, 0
4490, 0
4491, 159
4492, 160
4493, 162
4494, 172
4495, 174
4496, 0
4497, 0
4498, 135
4499, 134
4500, 134
4501, 135
4502, 138
4503, 177
4504, 0
4505, 0
4506, 0
4507, 176
4508, 176
4509, 178
4510, 196
4511, 256
4512, 0
4513, 0
4514, 0
4515, 0
4516, 209
4517, 213
4518, 0
4519, 235
4520, 0
4521, 0
4522, 217
4523, 215
4524, 216
4525, 217
4526, 222
4527, 305
4528, 0
4529, 0
4530, 0
4531, 305
4532, 305
4533, 305
4534, 313
4535, 363
4536, 0
4537, 0
4538, 0
4539, 335
4540, 336
4541, 338
4542, 352
4543, 468
4544, 0
4545, 0
4546, 0
4547, 574
4548, 576
4549, 579
4550, 0
