0, 0
1, 0
2, 0
3, 0
4, 0
5, 0
6, 0
7, 0
8, 0
9, 0
10, 0
11, 0
12, 0
13, 0
14, 0
15, 0
16, 0
17, 1
18, 0
19, 0
20, 0
21, 0
22, 0
23, 0
24, 0
25, 0
26, 0
27, 0
28, 0
29, 0
30, 0
31, 0
32, 0
33, 0
34, 0
35, 0
36, 0
37, 0
38, 0
39, 0
40, 0
41, 0
42, 0
43, 0
44, 0
45, 0
46, 0
47, 0
48, 0
49, 0
50, 0
51, 0
52, 0
53, 0
54, 0
55, 0
56, 0
57, 0
58, 0
59, 0
60, 0
61, 0
62, 0
63, 0
64, 0
65, 0
66, 0
67, 0
68, 0
69, 0
70, 0
71, 0
72, 0
73, 0
74, 0
75, 0
76, 0
77, 0
78, 0
79, 0
80, 0
81, 0
82, 0
83, 0
84, 0
85, 0
86, 0
87, 0
88, 0
89, 0
90, 0
91, 0
92, 0
93, 0
94, 0
95, 0
96, 0
97, 0
98, 0
99, 0
100, 0
101, 0
102, 0
103, 0
104, 0
105, 0
106, 0
107, 0
108, 0
109, 0
110, 0
111, 0
112, 0
113, 0
114, 0
115, 0
116, 0
117, 0
118, 0
119, 0
120, 0
121, 0
122, 0
123, 0
124, 0
125, 1
126, 0
127, 0
128, 0
129, 0
130, 0
131, 0
132, 0
133, 0
134, 0
135, 0
136, 0
137, 0
138, 0
139, 0
140, 0
141, 0
142, 0
143, 0
144, 0
145, 0
146, 0
147, 0
148, 0
149, 0
150, 0
151, 0
152, 0
153, 0
154, 0
155, 0
156, 0
157, 0
158, 0
159, 0
160, 0
161, 0
162, 0
163, 0
164, 0
165, 0
166, 0
167, 0
168, 0
169, 0
170, 0
171, 0
172, 0
173, 0
174, 0
175, 0
176, 0
177, 0
178, 0
179, 0
180, 0
181, 0
182, 0
183, 0
184, 0
185, 0
186, 0
187, 0
188, 0
189, 0
190, 0
191, 0
192, 0
193, 0
194, 0
195, 0
196, 0
197, 0
198, 0
199, 0
200, 0
201, 0
202, 0
203, 0
204, 0
205, 0
206, 0
207, 0
208, 0
209, 0
210, 0
211, 0
212, 0
213, 0
214, 0
215, 0
216, 0
217, 0
218, 0
219, 0
220, 0
221, 0
222, 0
223, 0
224, 0
225, 0
226, 0
227, 0
228, 0
229, 0
230, 0
231, 0
232, 0
233, 0
234, 0
235, 0
236, 0
237, 0
238, 0
239, 0
240, 0
241, 0
242, 0
243, 0
244, 0
245, 0
246, 0
247, 0
248, 0
249, 0
250, 0
251, 0
252, 0
253, 0
254, 0
255, 0
256, 0
257, 0
258, 0
259, 0
260, 0
261, 0
262, 0
263, 0
264, 0
265, 0
266, 0
267, 0
268, 0
269, 1
270, 0
271, 0
272, 0
273, 0
274, 0
275, 0
276, 0
277, 0
278, 0
279, 0
280, 0
281, 0
282, 0
283, 0
284, 0
285, 0
286, 0
287, 0
288, 0
289, 0
290, 0
291, 0
292, 0
293, 0
294, 0
295, 0
296, 0
297, 0
298, 0
299, 0
300, 0
301, 0
302, 0
303, 0
304, 0
305, 0
306, 0
307, 0
308, 0
309, 0
310, 0
311, 0
312, 0
313, 0
314, 0
315, 0
316, 0
317, 0
318, 0
319, 0
320, 0
321, 0
322, 0
323, 0
324, 0
325, 0
326, 0
327, 0
328, 0
329, 0
330, 0
331, 0
332, 0
333, 0
334, 0
335, 0
336, 0
337, 0
338, 0
339, -33
340, -33
341, -33
342, -33
343, -32
344, 0
345, 7
346, 8
347, -10
348, 0
349, -4
350, -9
351, -8
352, 0
353, 0
354, 0
355, 0
356, 0
357, 26
358, 26
359, 25
360, 0
361, 0
362, 0
363, 0
364, -6
365, -9
366, -9
367, -8
368, -9
369, -10
370, -17
371, -24
372, -23
373, -24
374, -25
375, -24
376, 0
377, 0
378, -16
379, -17
380, -16
381, -15
382, -9
383, 0
384, 0
385, 1
386, 2
387, 1
388, 0
389, 2
390, 1
391, 2
392, 0
393, 0
394, 0
395, 1
396, 1
397, -1
398, -1
399, 0
400, -3
401, -2
402, -1
403, 0
404, 0
405, 0
406, 0
407, -2
408, 1
409, -1
410, 1
411, 2
412, 1
413, 1
414, 1
415, 1
416, 1
417, -1
418, 0
419, -1
420, 1
421, 7
422, 7
423, 11
424, 0
425, 17
426, 16
427, 16
428, 16
429, 16
430, 15
431, 16
432, 0
433, 1
434, 0
435, 4
436, -1
437, 0
438, 2
439, 0
440, -1
441, 7
442, 0
443, 6
444, 7
445, 10
446, 9
447, 0
448, 0
449, 1
450, 0
451, 1
452, 0
453, 0
454, 1
455, 1
456, 0
457, 2
458, 0
459, 1
460, 2
461, 1
462, 1
463, 1
464, 1
465, 0
466, -1
467, -1
468, -1
469, 0
470, 1
471, 0
472, 0
473, 0
474, 0
475, 0
476, -1
477, 0
478, 0
479, 0
480, 1
481, 0
482, 0
483, 0
484, 3
485, 0
486, 0
487, 1
488, 3
489, 2
490, 1
491, 0
492, 1
493, -1
494, 0
495, 2
496, 0
497, 9
498, 7
499, 7
500, 8
501, 0
502, 0
503, 0
504, 0
505, 1
506, 0
507, 1
508, 0
509, 0
510, 1
511, 1
512, 2
513, -1
514, 1
515, 0
516, 0
517, 0
518, 1
519, 0
520, 0
521, 9
522, 0
523, 0
524, 9
525, 7
526, 7
527, 8
528, 8
529, 7
530, 7
531, 10
532, 8
533, 7
534, 8
535, 8
536, 7
537, 7
538, 9
539, 9
540, 6
541, 8
542, 10
543, 8
544, 9
545, 23
546, 21
547, 0
548, 24
549, 23
550, 23
551, 23
552, 0
553, 11
554, 7
555, 8
556, 8
557, 0
558, 9
559, 7
560, 7
561, 7
562, 8
563, 8
564, 7
565, 9
566, 8
567, 9
568, 0
569, 8
570, 6
571, 0
572, 8
573, 8
574, 7
575, 7
576, 8
577, 9
578, 8
579, 7
580, 8
581, 8
582, 9
583, 0
584, 0
585, 0
586, 9
587, 8
588, 7
589, 7
590, 8
591, 10
592, 10
593, 8
594, 8
595, 0
596, 0
597, 0
598, 0
599, 8
600, 8
601, 7
602, 8
603, 0
604, 8
605, 0
606, 1
607, 0
608, 8
609, 0
610, 9
611, 0
612, 8
613, 8
614, 8
615, 9
616, 10
617, 7
618, 0
619, 8
620, 9
621, 9
622, 8
623, 7
624, 8
625, 8
626, 0
627, 5
628, 0
629, 0
630, 0
631, 0
632, 9
633, 11
634, 8
635, 0
636, 10
637, 7
638, 7
639, 11
640, 11
641, 0
642, 5
643, 0
644, 9
645, 7
646, 7
647, 0
648, 0
649, 0
650, 8
651, 8
652, 9
653, 8
654, 7
655, 7
656, 8
657, 9
658, 9
659, 7
660, 7
661, 8
662, 8
663, 0
664, 7
665, 9
666, 0
667, 8
668, 9
669, 9
670, 9
671, 9
672, 0
673, 0
674, 0
675, 0
676, 17
677, 0
678, 0
679, 0
680, 20
681, 19
682, 17
683, 16
684, 18
685, 16
686, 17
687, 16
688, 17
689, 18
690, 16
691, 16
692, 18
693, 16
694, 17
695, 15
696, 14
697, 16
698, 16
699, 17
700, 16
701, 16
702, 15
703, 16
704, 0
705, 0
706, 25
707, 24
708, 23
709, 22
710, 23
711, 24
712, 25
713, 23
714, 23
715, 24
716, 23
717, 23
718, 24
719, 0
720, 15
721, 0
722, 17
723, 15
724, 18
725, 18
726, 14
727, 16
728, 17
729, 16
730, 15
731, 16
732, 17
733, 18
734, 16
735, 16
736, 7
737, 0
738, 7
739, 8
740, 9
741, 8
742, 7
743, 8
744, 8
745, 8
746, 8
747, 9
748, 7
749, 7
750, 9
751, 8
752, 0
753, 0
754, 23
755, 25
756, 23
757, 22
758, 0
759, 24
760, 22
761, 23
762, 22
763, 23
764, 24
765, 24
766, 23
767, 23
768, 19
769, 15
770, 16
771, 17
772, 15
773, 15
774, 16
775, 16
776, 16
777, 16
778, 16
779, 15
780, 16
781, 17
782, 16
783, 15
784, 0
785, 23
786, 24
787, 23
788, 24
789, 25
790, 0
791, 21
792, 15
793, 14
794, 14
795, 16
796, 16
797, 17
798, 17
799, 17
800, 9
801, 8
802, 9
803, 8
804, 9
805, 8
806, 8
807, 8
808, 0
809, 0
810, 16
811, 17
812, 17
813, 17
814, 16
815, 16
816, 0
817, 0
818, 0
819, 0
820, 24
821, 23
822, 22
823, 0
824, 15
825, 14
826, 0
827, 16
828, 0
829, 14
830, 0
831, 15
832, 7
833, 9
834, 9
835, 9
836, 9
837, 9
838, 9
839, 9
840, 0
841, 0
842, 16
843, 16
844, 16
845, 15
846, 15
847, 15
848, 0
849, 0
850, 0
851, 23
852, 0
853, 20
854, 0
855, 24
856, 24
857, 24
858, 25
859, 25
860, 23
861, 23
862, 23
863, 23
864, 0
865, 0
866, 16
867, 14
868, 16
869, 16
870, 16
871, 17
872, 0
873, 0
874, 23
875, 0
876, 24
877, 27
878, 0
879, 22
880, 22
881, 24
882, 24
883, 24
884, 23
885, 23
886, 25
887, 25
888, 0
889, 0
890, 0
891, 0
892, 16
893, 15
894, 15
895, 15
896, 0
897, 0
898, 23
899, 24
900, 25
901, 24
902, 24
903, 22
904, 24
905, 25
906, 24
907, 25
908, 23
909, 23
910, 25
911, 23
912, 9
913, 0
914, 9
915, 10
916, 10
917, 9
918, 9
919, 10
920, 0
921, 0
922, 0
923, 0
924, 14
925, 0
926, 17
927, 0
928, 13
929, 0
930, 18
931, 18
932, 17
933, 16
934, 16
935, 16
936, 0
937, 0
938, 16
939, 16
940, 15
941, 14
942, 0
943, 17
944, 17
945, 16
946, 17
947, 16
948, 16
949, 16
950, 16
951, 16
952, 16
953, 16
954, 17
955, 18
956, 17
957, 16
958, 16
959, 16
960, 0
961, 0
962, 17
963, 16
964, 16
965, 16
966, 17
967, 17
968, 16
969, 17
970, 17
971, 0
972, 14
973, 13
974, 0
975, 17
976, 0
977, 0
978, 15
979, 16
980, 19
981, 17
982, 18
983, 20
984, 0
985, 0
986, 32
987, 32
988, 32
989, 31
990, 34
991, 32
992, 0
993, 0
994, 30
995, 34
996, 32
997, 32
998, 34
999, 32
1000, 0
1001, 0
1002, 31
1003, 33
1004, 34
1005, 33
1006, 32
1007, 32
1008, 0
1009, 0
1010, 0
1011, 32
1012, 32
1013, 34
1014, 0
1015, 30
1016, 0
1017, 0
1018, 25
1019, 24
1020, 25
1021, 26
1022, 24
1023, 24
1024, 0
1025, 0
1026, 0
1027, 0
1028, 32
1029, 32
1030, 32
1031, 33
1032, 0
1033, 0
1034, 23
1035, 22
1036, 23
1037, 24
1038, 24
1039, 23
1040, 0
1041, 0
1042, 32
1043, 30
1044, 31
1045, 34
1046, 31
1047, 30
1048, 0
1049, 0
1050, 31
1051, 31
1052, 33
1053, 33
1054, 33
1055, 33
1056, 0
1057, 0
1058, 32
1059, 32
1060, 33
1061, 33
1062, 31
1063, 34
1064, 0
1065, 0
1066, 23
1067, 25
1068, 25
1069, 24
1070, 0
1071, 23
1072, 0
1073, 0
1074, 30
1075, 0
1076, 34
1077, 32
1078, 33
1079, 33
1080, 0
1081, 0
1082, 0
1083, 32
1084, 33
1085, 34
1086, 31
1087, 32
1088, 27
1089, 25
1090, 23
1091, 26
1092, 0
1093, 22
1094, 0
1095, 23
1096, 0
1097, 0
1098, 30
1099, 30
1100, 0
1101, 33
1102, 33
1103, 33
1104, 24
1105, 25
1106, 25
1107, 23
1108, 23
1109, 26
1110, 25
1111, 24
1112, 0
1113, 0
1114, 26
1115, 23
1116, 24
1117, 24
1118, 22
1119, 25
1120, 0
1121, 0
1122, 0
1123, 32
1124, 30
1125, 30
1126, 0
1127, 31
1128, 23
1129, 23
1130, 24
1131, 25
1132, 25
1133, 23
1134, 25
1135, 24
1136, 0
1137, 0
1138, 0
1139, 32
1140, 31
1141, 32
1142, 32
1143, 32
1144, 0
1145, 0
1146, 7
1147, 7
1148, 6
1149, 7
1150, 0
1151, 9
1152, 0
1153, 0
1154, 0
1155, 0
1156, 0
1157, 21
1158, 0
1159, 23
1160, 0
1161, 0
1162, 7
1163, 9
1164, 10
1165, 0
1166, 0
1167, 0
1168, 0
1169, 0
1170, 0
1171, 8
1172, 9
1173, 9
1174, 9
1175, 0
1176, 0
1177, 0
1178, 9
1179, 8
1180, 10
1181, 9
1182, 8
1183, 7
1184, 0
1185, 0
1186, 8
1187, 9
1188, 7
1189, 6
1190, 0
1191, 0
1192, 0
1193, 0
1194, -1
1195, -1
1196, 2
1197, 1
1198, 0
1199, -1
1200, 0
1201, 0
1202, 7
1203, 8
1204, 8
1205, 8
1206, 9
1207, 7
1208, 0
1209, 0
1210, 0
1211, 0
1212, 1
1213, 3
1214, 1
1215, 1
1216, 0
1217, 0
1218, 11
1219, 11
1220, 8
1221, 8
1222, 0
1223, 9
1224, 0
1225, 0
1226, 0
1227, -1
1228, -1
1229, 1
1230, 1
1231, 0
1232, 0
1233, 0
1234, -2
1235, 0
1236, 1
1237, 0
1238, -1
1239, -2
1240, 0
1241, 0
1242, 0
1243, 0
1244, 0
1245, -1
1246, 0
1247, 1
1248, 0
1249, 0
1250, 9
1251, 9
1252, 8
1253, 8
1254, 0
1255, 8
1256, 0
1257, 0
1258, 8
1259, 8
1260, 7
1261, 6
1262, 0
1263, 10
1264, 0
1265, 0
1266, 2
1267, 1
1268, -2
1269, -3
1270, 0
1271, 0
1272, 0
1273, 0
1274, -7
1275, -7
1276, -8
1277, -7
1278, -8
1279, 0
1280, 0
1281, 0
1282, 0
1283, -8
1284, -8
1285, -9
1286, -8
1287, -6
1288, 0
1289, 0
1290, -9
1291, -9
1292, -7
1293, -9
1294, -7
1295, -6
1296, 0
1297, 0
1298, -9
1299, -8
1300, -8
1301, -9
1302, -9
1303, -8
1304, 0
1305, 0
1306, 0
1307, -9
1308, 0
1309, -9
1310, 0
1311, -9
1312, 0
1313, -2
1314, 0
1315, 1
1316, -1
1317, 0
1318, 0
1319, -1
1320, 0
1321, 0
1322, 0
1323, -1
1324, -2
1325, 0
1326, 1
1327, 3
1328, 0
1329, 0
1330, 0
1331, 16
1332, 17
1333, 15
1334, 15
1335, 16
1336, 0
1337, 0
1338, 0
1339, 6
1340, 0
1341, 6
1342, 0
1343, 8
1344, 0
1345, 0
1346, 9
1347, 9
1348, 8
1349, 8
1350, 8
1351, 9
1352, 0
1353, 0
1354, 0
1355, 6
1356, 4
1357, 6
1358, 6
1359, 6
1360, 0
1361, 0
1362, 0
1363, 5
1364, 6
1365, 7
1366, 9
1367, 8
1368, 0
1369, 0
1370, -8
1371, -9
1372, -8
1373, 16
1374, 0
1375, -7
1376, 0
1377, 0
1378, -16
1379, -17
1380, -14
1381, -14
1382, -16
1383, -17
1384, 0
1385, 0
1386, -16
1387, -16
1388, -17
1389, -16
1390, -15
1391, -12
1392, 0
1393, 0
1394, -15
1395, -24
1396, -25
1397, -27
1398, 0
1399, -24
1400, 0
1401, 0
1402, 0
1403, -14
1404, -16
1405, -15
1406, -14
1407, -15
1408, 0
1409, 0
1410, -18
1411, -16
1412, 0
1413, -17
1414, -17
1415, -16
1416, 0
1417, 0
1418, -6
1419, -8
1420, -9
1421, -9
1422, 0
1423, 0
1424, 0
1425, 0
1426, -16
1427, -16
1428, -17
1429, -16
1430, -16
1431, -16
1432, 0
1433, 0
1434, 0
1435, 0
1436, -19
1437, 0
1438, -16
1439, -17
1440, 0
1441, 0
1442, -6
1443, -8
1444, -10
1445, -12
1446, 0
1447, 0
1448, 0
1449, 0
1450, 0
1451, -18
1452, 0
1453, -18
1454, 0
1455, -16
1456, 0
1457, 0
1458, -15
1459, -15
1460, -16
1461, -18
1462, 0
1463, -14
1464, 0
1465, -17
1466, -23
1467, -26
1468, -26
1469, -23
1470, -23
1471, -23
1472, 0
1473, 0
1474, 1
1475, -25
1476, -26
1477, -26
1478, -25
1479, -24
1480, 0
1481, 0
1482, -24
1483, -25
1484, -24
1485, -25
1486, -25
1487, -23
1488, 0
1489, 0
1490, 0
1491, -23
1492, 0
1493, -25
1494, 0
1495, -24
1496, 0
1497, 0
1498, 0
1499, -16
1500, 0
1501, -16
1502, 0
1503, -16
1504, 0
1505, 0
1506, 0
1507, 1
1508, 0
1509, -17
1510, 0
1511, -17
1512, 0
1513, 0
1514, -16
1515, 0
1516, -18
1517, -17
1518, -16
1519, -18
1520, 0
1521, 0
1522, 0
1523, -17
1524, -14
1525, -12
1526, -15
1527, -17
1528, 0
1529, 0
1530, -14
1531, -15
1532, -18
1533, -18
1534, 0
1535, 0
1536, 0
1537, 0
1538, -15
1539, -15
1540, -17
1541, -18
1542, 0
1543, -16
1544, 0
1545, 0
1546, -17
1547, -15
1548, -15
1549, -15
1550, 0
1551, -16
1552, 0
1553, 0
1554, 0
1555, -17
1556, -16
1557, -16
1558, -17
1559, -17
1560, 0
1561, 0
1562, -10
1563, 0
1564, -8
1565, -10
1566, -7
1567, -8
1568, 0
1569, 0
1570, -1
1571, 3
1572, 0
1573, -1
1574, -1
1575, -1
1576, 0
1577, 0
1578, -8
1579, -8
1580, -10
1581, -8
1582, -7
1583, -1
1584, 0
1585, 0
1586, 0
1587, 0
1588, 0
1589, 0
1590, 0
1591, 0
1592, 0
1593, 0
1594, 0
1595, -11
1596, 0
1597, -6
1598, 0
1599, -10
1600, 0
1601, 0
1602, 0
1603, 0
1604, 0
1605, 0
1606, 0
1607, -3
1608, 0
1609, 0
1610, 0
1611, -6
1612, -8
1613, -9
1614, 0
1615, -8
1616, 0
1617, 0
1618, -7
1619, -7
1620, -8
1621, -9
1622, -8
1623, -8
1624, 0
1625, 0
1626, -8
1627, -8
1628, -7
1629, -10
1630, 0
1631, -8
1632, -15
1633, 0
1634, -18
1635, -18
1636, -24
1637, -24
1638, -23
1639, -24
1640, 0
1641, 0
1642, -17
1643, -14
1644, 0
1645, -17
1646, 0
1647, -15
1648, 0
1649, 0
1650, 0
1651, 0
1652, 2
1653, 0
1654, 0
1655, -1
1656, 0
1657, 0
1658, 0
1659, -7
1660, -9
1661, -6
1662, -6
1663, -7
1664, 0
1665, 0
1666, -17
1667, -16
1668, 0
1669, -15
1670, -15
1671, 0
1672, 0
1673, -7
1674, 0
1675, -8
1676, -7
1677, -7
1678, -10
1679, -8
1680, 0
1681, 0
1682, -7
1683, -6
1684, -8
1685, -8
1686, -6
1687, -7
1688, 0
1689, 0
1690, 1
1691, 1
1692, 2
1693, 1
1694, 0
1695, 1
1696, 0
1697, 0
1698, -15
1699, -16
1700, -17
1701, -18
1702, -17
1703, -16
1704, 0
1705, 0
1706, 0
1707, 0
1708, -2
1709, -1
1710, 0
1711, 0
1712, 0
1713, 0
1714, -15
1715, -17
1716, -17
1717, -16
1718, -14
1719, -14
1720, 0
1721, 0
1722, -17
1723, -15
1724, -17
1725, -18
1726, 0
1727, -16
1728, 0
1729, 0
1730, -4
1731, -7
1732, -7
1733, -9
1734, -8
1735, -8
1736, 0
1737, 0
1738, 0
1739, 1
1740, 1
1741, 1
1742, 0
1743, 0
1744, 0
1745, 0
1746, -8
1747, -8
1748, -8
1749, 0
1750, 0
1751, 0
1752, 0
1753, 0
1754, -9
1755, -9
1756, -9
1757, -6
1758, -7
1759, -7
1760, 0
1761, 0
1762, 0
1763, -1
1764, 0
1765, 0
1766, 0
1767, 0
1768, 0
1769, -7
1770, -9
1771, -11
1772, -17
1773, -16
1774, -17
1775, -14
1776, 0
1777, 0
1778, 0
1779, 0
1780, -2
1781, -1
1782, 0
1783, -2
1784, 0
1785, -10
1786, -18
1787, 0
1788, -16
1789, -15
1790, -15
1791, -17
1792, 0
1793, 0
1794, -13
1795, -16
1796, 0
1797, -15
1798, -16
1799, -15
1800, -17
1801, -16
1802, 0
1803, -18
1804, 0
1805, -15
1806, -16
1807, -16
1808, 0
1809, 0
1810, -8
1811, -8
1812, -10
1813, -8
1814, -8
1815, -10
1816, 0
1817, 0
1818, -16
1819, -16
1820, -15
1821, -15
1822, 0
1823, -18
1824, -18
1825, 0
1826, -18
1827, -15
1828, -14
1829, -14
1830, -15
1831, -14
1832, 0
1833, 0
1834, -9
1835, -8
1836, -6
1837, -7
1838, -9
1839, 0
1840, -11
1841, 0
1842, -18
1843, -33
1844, -32
1845, -30
1846, -31
1847, -33
1848, 0
1849, 0
1850, 0
1851, 0
1852, 0
1853, 0
1854, 0
1855, 0
1856, 0
1857, 0
1858, 0
1859, 0
1860, 0
1861, 0
1862, 0
1863, 0
1864, 0
1865, 0
1866, -17
1867, 0
1868, -15
1869, -15
1870, -14
1871, -14
1872, 0
1873, 0
1874, 0
1875, -40
1876, -40
1877, -38
1878, -36
1879, -34
1880, -36
1881, 0
1882, -43
1883, 0
1884, 0
1885, -41
1886, -39
1887, -39
1888, 0
1889, 0
1890, 0
1891, -30
1892, -31
1893, -34
1894, -34
1895, 0
1896, 0
1897, 0
1898, 0
1899, -44
1900, -48
1901, -50
1902, 0
1903, -48
1904, 0
1905, 0
1906, 0
1907, 0
1908, -39
1909, -41
1910, -39
1911, 0
1912, 0
1913, 0
1914, -33
1915, -31
1916, -33
1917, -31
1918, -31
1919, -32
1920, 0
1921, 0
1922, -32
1923, -31
1924, -33
1925, -32
1926, -32
1927, -32
1928, -34
1929, -33
1930, -39
1931, -46
1932, -50
1933, -50
1934, -48
1935, -48
1936, 0
1937, 0
1938, -47
1939, -46
1940, -46
1941, -47
1942, -40
1943, -39
1944, 0
1945, 0
1946, -32
1947, 0
1948, -33
1949, 0
1950, -34
1951, -31
1952, 0
1953, 0
1954, 0
1955, -32
1956, -31
1957, -31
1958, -31
1959, 0
1960, -35
1961, -39
1962, -41
1963, -41
1964, -40
1965, -40
1966, -40
1967, -40
1968, 0
1969, 0
1970, -41
1971, 0
1972, -42
1973, -42
1974, -41
1975, -43
1976, 0
1977, 0
1978, -32
1979, -32
1980, -32
1981, -32
1982, -31
1983, -32
1984, 0
1985, 0
1986, -41
1987, -41
1988, 0
1989, -42
1990, 0
1991, 0
1992, -40
1993, 0
1994, -39
1995, -38
1996, -39
1997, -39
1998, -41
1999, -41
2000, 0
2001, 0
2002, 0
2003, -40
2004, -40
2005, -41
2006, -40
2007, -41
2008, -42
2009, -41
2010, -48
2011, -48
2012, -46
2013, -46
2014, -47
2015, -48
2016, 0
2017, 0
2018, -40
2019, -40
2020, -41
2021, -42
2022, 0
2023, 0
2024, -42
2025, -43
2026, -42
2027, 0
2028, -40
2029, -40
2030, -38
2031, -38
2032, -41
2033, -41
2034, -39
2035, -40
2036, -40
2037, -39
2038, -38
2039, -39
2040, 0
2041, 0
2042, -30
2043, -33
2044, -31
2045, -31
2046, -31
2047, -33
2048, -32
2049, -32
2050, -33
2051, -34
2052, 0
2053, -32
2054, -32
2055, -31
2056, 0
2057, 0
2058, -33
2059, -32
2060, -31
2061, -32
2062, -32
2063, -31
2064, -31
2065, -33
2066, -32
2067, -31
2068, -31
2069, -32
2070, -32
2071, -32
2072, 0
2073, 0
2074, -32
2075, -32
2076, -33
2077, -32
2078, -30
2079, 0
2080, 0
2081, 0
2082, 0
2083, -32
2084, 0
2085, -32
2086, -32
2087, -32
2088, -31
2089, -31
2090, 0
2091, -34
2092, 0
2093, -32
2094, -33
2095, -32
2096, 0
2097, 0
2098, 0
2099, -33
2100, -30
2101, -31
2102, -33
2103, -31
2104, -30
2105, -31
2106, -31
2107, -32
2108, -31
2109, -30
2110, -31
2111, -31
2112, -33
2113, -33
2114, -40
2115, -41
2116, -39
2117, -41
2118, -40
2119, -40
2120, 0
2121, 0
2122, 0
2123, -33
2124, -31
2125, -32
2126, -33
2127, -32
2128, -31
2129, -33
2130, -33
2131, -30
2132, -31
2133, -34
2134, -32
2135, -32
2136, 0
2137, 0
2138, -37
2139, -39
2140, -38
2141, -40
2142, 0
2143, -38
2144, 0
2145, 0
2146, -33
2147, 0
2148, -34
2149, 0
2150, -30
2151, -33
2152, -33
2153, -32
2154, -32
2155, -31
2156, -33
2157, -32
2158, -32
2159, -30
2160, 0
2161, 0
2162, 0
2163, -15
2164, -16
2165, -18
2166, 0
2167, -16
2168, -18
2169, -22
2170, -22
2171, -23
2172, -23
2173, -23
2174, -24
2175, -25
2176, -25
2177, -26
2178, -34
2179, -32
2180, -30
2181, -31
2182, -33
2183, -30
2184, 0
2185, 0
2186, -21
2187, -21
2188, -25
2189, -25
2190, -24
2191, -24
2192, 0
2193, 0
2194, -23
2195, -31
2196, -33
2197, -33
2198, -32
2199, -32
2200, -33
2201, -34
2202, -40
2203, -41
2204, -39
2205, -39
2206, -39
2207, 0
2208, 0
2209, 0
2210, -48
2211, -49
2212, -48
2213, -47
2214, -44
2215, -40
2216, 0
2217, 0
2218, -31
2219, -31
2220, -33
2221, -34
2222, -33
2223, -30
2224, 0
2225, -33
2226, -42
2227, -57
2228, -58
2229, -56
2230, -56
2231, 0
2232, 0
2233, 0
2234, 0
2235, -50
2236, -47
2237, -46
2238, -46
2239, 0
2240, 0
2241, 0
2242, -31
2243, -32
2244, -31
2245, -31
2246, -32
2247, -32
2248, -33
2249, -35
2250, 0
2251, -42
2252, -41
2253, -41
2254, -41
2255, -41
2256, 0
2257, 0
2258, -41
2259, -42
2260, -41
2261, -41
2262, -34
2263, -33
2264, -32
2265, -31
2266, -32
2267, -32
2268, -32
2269, -31
2270, -31
2271, -31
2272, 0
2273, 0
2274, -32
2275, -32
2276, -32
2277, 0
2278, 0
2279, -33
2280, 0
2281, 0
2282, 0
2283, 0
2284, -23
2285, -23
2286, -22
2287, -22
2288, -22
2289, -24
2290, -39
2291, -40
2292, 0
2293, -42
2294, 0
2295, -40
2296, 0
2297, -34
2298, -33
2299, -32
2300, 0
2301, -34
2302, 0
2303, -32
2304, -34
2305, 0
2306, -50
2307, 0
2308, -48
2309, -49
2310, -48
2311, -49
2312, 0
2313, 0
2314, 0
2315, -40
2316, -41
2317, -40
2318, -41
2319, -38
2320, -39
2321, -40
2322, -40
2323, -40
2324, -41
2325, -39
2326, -38
2327, -40
2328, 0
2329, -32
2330, -32
2331, -32
2332, -33
2333, -32
2334, -30
2335, -32
2336, -35
2337, 0
2338, 0
2339, -41
2340, 0
2341, -40
2342, -40
2343, -40
2344, 0
2345, 0
2346, 0
2347, -39
2348, -40
2349, -41
2350, -40
2351, -40
2352, -40
2353, -40
2354, -39
2355, -38
2356, -39
2357, -41
2358, -40
2359, -40
2360, -42
2361, -42
2362, -48
2363, -48
2364, -46
2365, -46
2366, -48
2367, -48
2368, 0
2369, 0
2370, -48
2371, -48
2372, -49
2373, -49
2374, -49
2375, -49
2376, -49
2377, -47
2378, -49
2379, -48
2380, -48
2381, -48
2382, -47
2383, -47
2384, 0
2385, 0
2386, -38
2387, -40
2388, -39
2389, -39
2390, -41
2391, -40
2392, -39
2393, 0
2394, -42
2395, 0
2396, -37
2397, -38
2398, -40
2399, -41
2400, 0
2401, 0
2402, 0
2403, -40
2404, -40
2405, -39
2406, -41
2407, -43
2408, 0
2409, -41
2410, 0
2411, -40
2412, -40
2413, -38
2414, -38
2415, 0
2416, 0
2417, 0
2418, -33
2419, -32
2420, -31
2421, -32
2422, -32
2423, -32
2424, -32
2425, -36
2426, -39
2427, 0
2428, -41
2429, 0
2430, -40
2431, -40
2432, -40
2433, -41
2434, -47
2435, -46
2436, -47
2437, -49
2438, -48
2439, -48
2440, -48
2441, -54
2442, -55
2443, -54
2444, -55
2445, -54
2446, -54
2447, -54
2448, 0
2449, 0
2450, -39
2451, -40
2452, -40
2453, -39
2454, -41
2455, -41
2456, -40
2457, -40
2458, -39
2459, -40
2460, 0
2461, -41
2462, 0
2463, -39
2464, -41
2465, -42
2466, 0
2467, -50
2468, 0
2469, -49
2470, -49
2471, -48
2472, -48
2473, -48
2474, -47
2475, -47
2476, -46
2477, -48
2478, -48
2479, 0
2480, -50
2481, 0
2482, -47
2483, -50
2484, -48
2485, -46
2486, -46
2487, -45
2488, 0
2489, 0
2490, -47
2491, -48
2492, -48
2493, -47
2494, -46
2495, -45
2496, 0
2497, 0
2498, -38
2499, -39
2500, -41
2501, -41
2502, -38
2503, 0
2504, -43
2505, 0
2506, -38
2507, -41
2508, -39
2509, -38
2510, -37
2511, -38
2512, -39
2513, -40
2514, -40
2515, -39
2516, -40
2517, -40
2518, -39
2519, -40
2520, -43
2521, -48
2522, -47
2523, -46
2524, -47
2525, -49
2526, -48
2527, -47
2528, -48
2529, -48
2530, 0
2531, -51
2532, 0
2533, -48
2534, -49
2535, -47
2536, -49
2537, -49
2538, -48
2539, -49
2540, -47
2541, -47
2542, -46
2543, -45
2544, 0
2545, 0
2546, -41
2547, -40
2548, -41
2549, -40
2550, -41
2551, -42
2552, 0
2553, 0
2554, 0
2555, -37
2556, -39
2557, -39
2558, -39
2559, -41
2560, -41
2561, -40
2562, -40
2563, -41
2564, -39
2565, -39
2566, -39
2567, -40
2568, -41
2569, 0
2570, -42
2571, 0
2572, 0
2573, -41
2574, -41
2575, -40
2576, -41
2577, 0
2578, -49
2579, -50
2580, 0
2581, -47
2582, -47
2583, -49
2584, -48
2585, -49
2586, -50
2587, -47
2588, -49
2589, 0
2590, -48
2591, -49
2592, -48
2593, -49
2594, -48
2595, -46
2596, -48
2597, -47
2598, -48
2599, -49
2600, -49
2601, -49
2602, -47
2603, -47
2604, -47
2605, -48
2606, -49
2607, -47
2608, -48
2609, -50
2610, -51
2611, -55
2612, -56
2613, -56
2614, -51
2615, -48
2616, -46
2617, -47
2618, -46
2619, -44
2620, -45
2621, -46
2622, -46
2623, -47
2624, 0
2625, 0
2626, -46
2627, -46
2628, -47
2629, -49
2630, -47
2631, -48
2632, 0
2633, 0
2634, 0
2635, -40
2636, -42
2637, -39
2638, 0
2639, 0
2640, 0
2641, 0
2642, -54
2643, -57
2644, -56
2645, -56
2646, -55
2647, -54
2648, -56
2649, -56
2650, -56
2651, -56
2652, -57
2653, -55
2654, -55
2655, -56
2656, -57
2657, -56
2658, 0
2659, -58
2660, -56
2661, -55
2662, -56
2663, -56
2664, -53
2665, -54
2666, -56
2667, -56
2668, -55
2669, -57
2670, -56
2671, -56
2672, -58
2673, -57
2674, -55
2675, -54
2676, -54
2677, -54
2678, -55
2679, -54
2680, -56
2681, -56
2682, -57
2683, -57
2684, -56
2685, -55
2686, -55
2687, -55
2688, -55
2689, -55
2690, -55
2691, -56
2692, -56
2693, -57
2694, -56
2695, -56
2696, 0
2697, -60
2698, 0
2699, -56
2700, -55
2701, -56
2702, -58
2703, -58
2704, -58
2705, -57
2706, -56
2707, -55
2708, 0
2709, -59
2710, 0
2711, 0
2712, -57
2713, -56
2714, 0
2715, -56
2716, -56
2717, -56
2718, -56
2719, -56
2720, -58
2721, -56
2722, -55
2723, -58
2724, -56
2725, -55
2726, -55
2727, -56
2728, -58
2729, -60
2730, -67
2731, 0
2732, -62
2733, -63
2734, -65
2735, -65
2736, -63
2737, -65
2738, -64
2739, -63
2740, -64
2741, -63
2742, -63
2743, -64
2744, -64
2745, -61
2746, -60
2747, -62
2748, -63
2749, -62
2750, -63
2751, -64
2752, -63
2753, -62
2754, -63
2755, -66
2756, -63
2757, -63
2758, -63
2759, -61
2760, 0
2761, 0
2762, -56
2763, 0
2764, -58
2765, -57
2766, -54
2767, -53
2768, -53
2769, -52
2770, -53
2771, -57
2772, -56
2773, -56
2774, -56
2775, -54
2776, 0
2777, -57
2778, 0
2779, -56
2780, -56
2781, -56
2782, -56
2783, 0
2784, -57
2785, 0
2786, -55
2787, -56
2788, -57
2789, -56
2790, -55
2791, -56
2792, 0
2793, -56
2794, 0
2795, 0
2796, -58
2797, 0
2798, -56
2799, -57
2800, -56
2801, -55
2802, -53
2803, -54
2804, -57
2805, -56
2806, -55
2807, -56
2808, 0
2809, -59
2810, -63
2811, -64
2812, -64
2813, -63
2814, -56
2815, -56
2816, -56
2817, -55
2818, -57
2819, -56
2820, -56
2821, -56
2822, -57
2823, -57
2824, -56
2825, -55
2826, -54
2827, -55
2828, -57
2829, -57
2830, -56
2831, -56
2832, -57
2833, -57
2834, -58
2835, -58
2836, -57
2837, -56
2838, -56
2839, -56
2840, -55
2841, -56
2842, -57
2843, -56
2844, -56
2845, -56
2846, -57
2847, -56
2848, -55
2849, -55
2850, -56
2851, -56
2852, -57
2853, -57
2854, -56
2855, -56
2856, -57
2857, -57
2858, -58
2859, -58
2860, -57
2861, -55
2862, -56
2863, -56
2864, -55
2865, -55
2866, -56
2867, 0
2868, -58
2869, -57
2870, -57
2871, -57
2872, -57
2873, 0
2874, -56
2875, -56
2876, -56
2877, -55
2878, -55
2879, -57
2880, -57
2881, -57
2882, -56
2883, -56
2884, -56
2885, -57
2886, -56
2887, -56
2888, -56
2889, -55
2890, -54
2891, -55
2892, -56
2893, -56
2894, -56
2895, -57
2896, -56
2897, -55
2898, -54
2899, -56
2900, -57
2901, -55
2902, -56
2903, -56
2904, -56
2905, -57
2906, -56
2907, -56
2908, -56
2909, -54
2910, -55
2911, -55
2912, -55
2913, -55
2914, -54
2915, -55
2916, -55
2917, -56
2918, -57
2919, -50
2920, -48
2921, -48
2922, -48
2923, -48
2924, -49
2925, -49
2926, -49
2927, 0
2928, -49
2929, -50
2930, -56
2931, -55
2932, -56
2933, -56
2934, -49
2935, -47
2936, -49
2937, 0
2938, -50
2939, 0
2940, -48
2941, -48
2942, -48
2943, 0
2944, -40
2945, -40
2946, 0
2947, -40
2948, -41
2949, -39
2950, -39
2951, -39
2952, -38
2953, -38
2954, -38
2955, -40
2956, -39
2957, -41
2958, -40
2959, -39
2960, -39
2961, -38
2962, -40
2963, -40
2964, -39
2965, -40
2966, -41
2967, 0
2968, 0
2969, -55
2970, -56
2971, -56
2972, -57
2973, -55
2974, -51
2975, 0
2976, -50
2977, -49
2978, -49
2979, -47
2980, -46
2981, -48
2982, -49
2983, -42
2984, -39
2985, -39
2986, -40
2987, -40
2988, -40
2989, -40
2990, -39
2991, 0
2992, -42
2993, -40
2994, 0
2995, -38
2996, -39
2997, 0
2998, -41
2999, 0
3000, 0
3001, -47
3002, -47
3003, -46
3004, -49
3005, -49
3006, -48
3007, -48
3008, -49
3009, -48
3010, 0
3011, -49
3012, 0
3013, -52
3014, 0
3015, -44
3016, -44
3017, -42
3018, -40
3019, -40
3020, -41
3021, -38
3022, -39
3023, -40
3024, -40
3025, -40
3026, 0
3027, -41
3028, 0
3029, -41
3030, -40
3031, -38
3032, -39
3033, -41
3034, -42
3035, -39
3036, -39
3037, -38
3038, 0
3039, -39
3040, 0
3041, -40
3042, 0
3043, -38
3044, -41
3045, -40
3046, -39
3047, 0
3048, 0
3049, -42
3050, -42
3051, -43
3052, 0
3053, -39
3054, -39
3055, -40
3056, -39
3057, -39
3058, -40
3059, -40
3060, -41
3061, 0
3062, 0
3063, 0
3064, 0
3065, -48
3066, -47
3067, -47
3068, -48
3069, -47
3070, -48
3071, -47
3072, -49
3073, -49
3074, -48
3075, -49
3076, -48
3077, 0
3078, -50
3079, 0
3080, 0
3081, -44
3082, 0
3083, -40
3084, -40
3085, -40
3086, -40
3087, -39
3088, -39
3089, -40
3090, -41
3091, 0
3092, -41
3093, -41
3094, -41
3095, -35
3096, -33
3097, -32
3098, -33
3099, -31
3100, -31
3101, -32
3102, -32
3103, -32
3104, -32
3105, -32
3106, -32
3107, -33
3108, -32
3109, -32
3110, -32
3111, -32
3112, -31
3113, -30
3114, -32
3115, -32
3116, -32
3117, -32
3118, -32
3119, 0
3120, 0
3121, -46
3122, -46
3123, -47
3124, -46
3125, -46
3126, -47
3127, 0
3128, -43
3129, 0
3130, -39
3131, -40
3132, -42
3133, -41
3134, 0
3135, -40
3136, -39
3137, -40
3138, -39
3139, -39
3140, -40
3141, -38
3142, -39
3143, -40
3144, -33
3145, -33
3146, -34
3147, -31
3148, -31
3149, -33
3150, -32
3151, -30
3152, -30
3153, -30
3154, -33
3155, -31
3156, -32
3157, -32
3158, -30
3159, 0
3160, 0
3161, -39
3162, 0
3163, -42
3164, -40
3165, -40
3166, -40
3167, 0
3168, 0
3169, -48
3170, -48
3171, -47
3172, -47
3173, -47
3174, -40
3175, -38
3176, -41
3177, 0
3178, 0
3179, 0
3180, -40
3181, -41
3182, -40
3183, 0
3184, -36
3185, 0
3186, -32
3187, -31
3188, -31
3189, -31
3190, -31
3191, -31
3192, -31
3193, -31
3194, -30
3195, -31
3196, -33
3197, -32
3198, -32
3199, -32
3200, -31
3201, -33
3202, -32
3203, 0
3204, -34
3205, 0
3206, 0
3207, 0
3208, 0
3209, -49
3210, -47
3211, -49
3212, -49
3213, -48
3214, -48
3215, 0
3216, -42
3217, -43
3218, 0
3219, -39
3220, -42
3221, -41
3222, -39
3223, -37
3224, -34
3225, -32
3226, -32
3227, -33
3228, -33
3229, -32
3230, -32
3231, -32
3232, -32
3233, -32
3234, -33
3235, -32
3236, -32
3237, -33
3238, -31
3239, 0
3240, 0
3241, -39
3242, -38
3243, -38
3244, -40
3245, -40
3246, -40
3247, 0
3248, 0
3249, -40
3250, -39
3251, -42
3252, -39
3253, -39
3254, -41
3255, -34
3256, -33
3257, -32
3258, -32
3259, -30
3260, -33
3261, -33
3262, -33
3263, -32
3264, -32
3265, -32
3266, -31
3267, -29
3268, -31
3269, -32
3270, -31
3271, -30
3272, -30
3273, 0
3274, -34
3275, -33
3276, -33
3277, -33
3278, 0
3279, 0
3280, 0
3281, -40
3282, -40
3283, -40
3284, -41
3285, -35
3286, -33
3287, -33
3288, -33
3289, -33
3290, -33
3291, -33
3292, -30
3293, -31
3294, -32
3295, 0
3296, -33
3297, 0
3298, -31
3299, -31
3300, -33
3301, -32
3302, -32
3303, -34
3304, -32
3305, -31
3306, -31
3307, -31
3308, 0
3309, -33
3310, 0
3311, 0
3312, 0
3313, -32
3314, -31
3315, -32
3316, -32
3317, -31
3318, -33
3319, -33
3320, -33
3321, -34
3322, -32
3323, -31
3324, -32
3325, -31
3326, -31
3327, -31
3328, -32
3329, -33
3330, -32
3331, -33
3332, -31
3333, -32
3334, -30
3335, 0
3336, 0
3337, -32
3338, -32
3339, -31
3340, -30
3341, -30
3342, -29
3343, 0
3344, 0
3345, -31
3346, -31
3347, -31
3348, -31
3349, -31
3350, -35
3351, 0
3352, -32
3353, 0
3354, 0
3355, 0
3356, -34
3357, 0
3358, -31
3359, -25
3360, -23
3361, -24
3362, -24
3363, -24
3364, -24
3365, -24
3366, -23
3367, 0
3368, 0
3369, -30
3370, -31
3371, -32
3372, -30
3373, -29
3374, -30
3375, -32
3376, -33
3377, -32
3378, -31
3379, -30
3380, -33
3381, -35
3382, 0
3383, -20
3384, -18
3385, -17
3386, -16
3387, 0
3388, -16
3389, -17
3390, -16
3391, 0
3392, 0
3393, -24
3394, -23
3395, -22
3396, -22
3397, -25
3398, -25
3399, 0
3400, 0
3401, -31
3402, -33
3403, -32
3404, 0
3405, -34
3406, 0
3407, -25
3408, -25
3409, -25
3410, -25
3411, -26
3412, -27
3413, 0
3414, -23
3415, 0
3416, 0
3417, -32
3418, -32
3419, -31
3420, -32
3421, -34
3422, -32
3423, -19
3424, -18
3425, -16
3426, -15
3427, -16
3428, -16
3429, -17
3430, -18
3431, -9
3432, -6
3433, -6
3434, -8
3435, -7
3436, -8
3437, -8
3438, 0
3439, 0
3440, 0
3441, -22
3442, -23
3443, -23
3444, -23
3445, -25
3446, -16
3447, 0
3448, 0
3449, 0
3450, -15
3451, -16
3452, -16
3453, -17
3454, -16
3455, -10
3456, -9
3457, -9
3458, -8
3459, -9
3460, -7
3461, 0
3462, 0
3463, 0
3464, 0
3465, -14
3466, -14
3467, -14
3468, -15
3469, -14
3470, -17
3471, -17
3472, -15
3473, -15
3474, 0
3475, -15
3476, 0
3477, -16
3478, -18
3479, 0
3480, 0
3481, -16
3482, -14
3483, 0
3484, -17
3485, -15
3486, -15
3487, 0
3488, 0
3489, -16
3490, -16
3491, -16
3492, -16
3493, -16
3494, -17
3495, -15
3496, -16
3497, -16
3498, -14
3499, -13
3500, -15
3501, -16
3502, -16
3503, 0
3504, 0
3505, -16
3506, -16
3507, -17
3508, -16
3509, -15
3510, -13
3511, 0
3512, 0
3513, -15
3514, -16
3515, -16
3516, -15
3517, -14
3518, -15
3519, 0
3520, -12
3521, 0
3522, -6
3523, -5
3524, -8
3525, -9
3526, 3
3527, 0
3528, 0
3529, -16
3530, -16
3531, -16
3532, -16
3533, -16
3534, -16
3535, 0
3536, -11
3537, 0
3538, -8
3539, -8
3540, -7
3541, -6
3542, -7
3543, -7
3544, -6
3545, -7
3546, -9
3547, -7
3548, -7
3549, -9
3550, -9
3551, 0
3552, 0
3553, -15
3554, -15
3555, -16
3556, -16
3557, -17
3558, -15
3559, -11
3560, -9
3561, -9
3562, -9
3563, -9
3564, -8
3565, -8
3566, -8
3567, -5
3568, 0
3569, -8
3570, 0
3571, -9
3572, -8
3573, -7
3574, 1
3575, 0
3576, 0
3577, -6
3578, 0
3579, -7
3580, -8
3581, -7
3582, -8
3583, -8
3584, 0
3585, 0
3586, 0
3587, -1
3588, 0
3589, 0
3590, 0
3591, 0
3592, 0
3593, -8
3594, -7
3595, -6
3596, -8
3597, -9
3598, -7
3599, -8
3600, -9
3601, -8
3602, -8
3603, -8
3604, -9
3605, -8
3606, -6
3607, 0
3608, 0
3609, -16
3610, -15
3611, -14
3612, 0
3613, -19
3614, -18
3615, 0
3616, -10
3617, -9
3618, -9
3619, -7
3620, -7
3621, -9
3622, 0
3623, 0
3624, -8
3625, -8
3626, -7
3627, -5
3628, -7
3629, -7
3630, -9
3631, 0
3632, 0
3633, 0
3634, 0
3635, -8
3636, 1
3637, -4
3638, -8
3639, 0
3640, 0
3641, -8
3642, -8
3643, -9
3644, -8
3645, -8
3646, -9
3647, -3
3648, 0
3649, 0
3650, -9
3651, 0
3652, -8
3653, -9
3654, -9
3655, -4
3656, 1
3657, -3
3658, -1
3659, -1
3660, 2
3661, 0
3662, 0
3663, 0
3664, 0
3665, -9
3666, -8
3667, -9
3668, -9
3669, -8
3670, -7
3671, -7
3672, 0
3673, 0
3674, 0
3675, 0
3676, 0
3677, 3
3678, 0
3679, 0
3680, 0
3681, -6
3682, 0
3683, -10
3684, 0
3685, -8
3686, -7
3687, 0
3688, 0
3689, -2
3690, 0
3691, 1
3692, -1
3693, 0
3694, 0
3695, 0
3696, 0
3697, -7
3698, -10
3699, -8
3700, -8
3701, -8
3702, 0
3703, -4
3704, -6
3705, 0
3706, 1
3707, 0
3708, 1
3709, 0
3710, 0
3711, 0
3712, 0
3713, -1
3714, -1
3715, 0
3716, 0
3717, 0
3718, -1
3719, 0
3720, 2
3721, 1
3722, 0
3723, 1
3724, 0
3725, -1
3726, 0
3727, 0
3728, 0
3729, 0
3730, 0
3731, 0
3732, 0
3733, 1
3734, 5
3735, 6
3736, 0
3737, 8
3738, 7
3739, 8
3740, 8
3741, 7
3742, 7
3743, 0
3744, 0
3745, 0
3746, 0
3747, 1
3748, -1
3749, -1
3750, 1
3751, 0
3752, 4
3753, 8
3754, 0
3755, 6
3756, 7
3757, 8
3758, 8
3759, 0
3760, 0
3761, 0
3762, 0
3763, 0
3764, -2
3765, 0
3766, 1
3767, 0
3768, 0
3769, 7
3770, 9
3771, 8
3772, 7
3773, 9
3774, 9
3775, 0
3776, 0
3777, 0
3778, 1
3779, 2
3780, 2
3781, 0
3782, 0
3783, 0
3784, 0
3785, 0
3786, 0
3787, 0
3788, 0
3789, 0
3790, 0
3791, 7
3792, 0
3793, 7
3794, 0
3795, 5
3796, 8
3797, 8
3798, 7
3799, 0
3800, 0
3801, 1
3802, 0
3803, -2
3804, -1
3805, 0
3806, 0
3807, 0
3808, 0
3809, 4
3810, 0
3811, 9
3812, 8
3813, 9
3814, 7
3815, 1
3816, 0
3817, 0
3818, 8
3819, 7
3820, 8
3821, 8
3822, 0
3823, 0
3824, 0
3825, 2
3826, 0
3827, 0
3828, 0
3829, 1
3830, 0
3831, 4
3832, 0
3833, 16
3834, 16
3835, 16
3836, 17
3837, 0
3838, 0
3839, 0
3840, 0
3841, 6
3842, 7
3843, 8
3844, 9
3845, 0
3846, 8
3847, 9
3848, 9
3849, 14
3850, 0
3851, 16
3852, 16
3853, 0
3854, 0
3855, 0
3856, 0
3857, 8
3858, 9
3859, 10
3860, 10
3861, 10
3862, 7
3863, 0
3864, 0
3865, 1
3866, 0
3867, -1
3868, -1
3869, -2
3870, 0
3871, 0
3872, 0
3873, 0
3874, 16
3875, 16
3876, 15
3877, 16
3878, 0
3879, 0
3880, 0
3881, 16
3882, 16
3883, 16
3884, 17
3885, 16
3886, 16
3887, 0
3888, 0
3889, 7
3890, 8
3891, 11
3892, 0
3893, 6
3894, 0
3895, 0
3896, 0
3897, 16
3898, 15
3899, 16
3900, 16
3901, 16
3902, 17
3903, 0
3904, 0
3905, 16
3906, 17
3907, 17
3908, 0
3909, 13
3910, 0
3911, 0
3912, 0
3913, 17
3914, 15
3915, 14
3916, 17
3917, 0
3918, 0
3919, 0
3920, 0
3921, 17
3922, 17
3923, 15
3924, 16
3925, 16
3926, 0
3927, 0
3928, 0
3929, 17
3930, 0
3931, 13
3932, 0
3933, 18
3934, 14
3935, 0
3936, 0
3937, 19
3938, 17
3939, 0
3940, 16
3941, 15
3942, 16
3943, 0
3944, 0
3945, 24
3946, 26
3947, 22
3948, 24
3949, 26
3950, 24
3951, 0
3952, 0
3953, 18
3954, 15
3955, 0
3956, 15
3957, 0
3958, 16
3959, 0
3960, 0
3961, 15
3962, 15
3963, 16
3964, 16
3965, 17
3966, 15
3967, 16
3968, 17
3969, 23
3970, 26
3971, 24
3972, 25
3973, 0
3974, 0
3975, 0
3976, 0
3977, 22
3978, 21
3979, 24
3980, 27
3981, 26
3982, 0
3983, 0
3984, 0
3985, 14
3986, 16
3987, 17
3988, 17
3989, 16
3990, 16
3991, 15
3992, 0
3993, 16
3994, 16
3995, 16
3996, 14
3997, 14
3998, 14
3999, 14
4000, 15
4001, 32
4002, 32
4003, 31
4004, 31
4005, 32
4006, 33
4007, 0
4008, 0
4009, 24
4010, 24
4011, 25
4012, 24
4013, 24
4014, 24
4015, 0
4016, 0
4017, 25
4018, 24
4019, 24
4020, 23
4021, 23
4022, 24
4023, 0
4024, 0
4025, 25
4026, 24
4027, 24
4028, 24
4029, 25
4030, 23
4031, 0
4032, 21
4033, 29
4034, 0
4035, 35
4036, 34
4037, 33
4038, 30
4039, 0
4040, 0
4041, 32
4042, 32
4043, 32
4044, 34
4045, 32
4046, 32
4047, 0
4048, 0
4049, 31
4050, 31
4051, 32
4052, 33
4053, 31
4054, 0
4055, 0
4056, 0
4057, 24
4058, 0
4059, 22
4060, 0
4061, 26
4062, 23
4063, 0
4064, 0
4065, 24
4066, 24
4067, 26
4068, 24
4069, 25
4070, 24
4071, 0
4072, 0
4073, 23
4074, 24
4075, 23
4076, 24
4077, 24
4078, 23
4079, 0
4080, 0
4081, 31
4082, 31
4083, 32
4084, 31
4085, 32
4086, 33
4087, 0
4088, 0
4089, 23
4090, 23
4091, 25
4092, 24
4093, 0
4094, 25
4095, 0
4096, 0
4097, 23
4098, 0
4099, 24
4100, 0
4101, 0
4102, 22
4103, 0
4104, 0
4105, 24
4106, 23
4107, 23
4108, 23
4109, 24
4110, 0
4111, 0
4112, 0
4113, 23
4114, 25
4115, 0
4116, 24
4117, 24
4118, 23
4119, 0
4120, 0
4121, 27
4122, 0
4123, 22
4124, 0
4125, 25
4126, 24
4127, 0
4128, 0
4129, 25
4130, 24
4131, 25
4132, 24
4133, 25
4134, 24
4135, 0
4136, 0
4137, 32
4138, 30
4139, 29
4140, 31
4141, 0
4142, 0
4143, 0
4144, 0
4145, 31
4146, 32
4147, 31
4148, 34
4149, 34
4150, 34
4151, 0
4152, 0
4153, 24
4154, 25
4155, 26
4156, 25
4157, 26
4158, 24
4159, 0
4160, 0
4161, 29
4162, 0
4163, 34
4164, 33
4165, 32
4166, 33
4167, 0
4168, 0
4169, 31
4170, 0
4171, 33
4172, 31
4173, 31
4174, 33
4175, 0
4176, 0
4177, 31
4178, 33
4179, 31
4180, 32
4181, 32
4182, 31
4183, 0
4184, 0
4185, 33
4186, 34
4187, 34
4188, 33
4189, 32
4190, 32
4191, 0
4192, 0
4193, 0
4194, 0
4195, 39
4196, 39
4197, 41
4198, 40
4199, 0
4200, 0
4201, 40
4202, 0
4203, 38
4204, 39
4205, 39
4206, 0
4207, 0
4208, 0
4209, 32
4210, 30
4211, 32
4212, 32
4213, 32
4214, 0
4215, 0
4216, 0
4217, 43
4218, 0
4219, 38
4220, 40
4221, 41
4222, 0
4223, 0
4224, 0
4225, 41
4226, 0
4227, 38
4228, 40
4229, 40
4230, 0
4231, 0
4232, 0
4233, 43
4234, 0
4235, 38
4236, 41
4237, 40
4238, 39
4239, 0
4240, 0
4241, 43
4242, 38
4243, 37
4244, 39
4245, 0
4246, 40
4247, 0
4248, 0
4249, 46
4250, 49
4251, 48
4252, 46
4253, 0
4254, 48
4255, 0
4256, 0
4257, 39
4258, 0
4259, 42
4260, 40
4261, 0
4262, 38
4263, 0
4264, 0
4265, 45
4266, 0
4267, 50
4268, 51
4269, 48
4270, 0
4271, 0
4272, 0
4273, 47
4274, 48
4275, 50
4276, 50
4277, 0
4278, 0
4279, 0
4280, 0
4281, 0
4282, 0
4283, 55
4284, 56
4285, 58
4286, 0
4287, 0
4288, 0
4289, 55
4290, 0
4291, 54
4292, 56
4293, 56
4294, 56
4295, 0
4296, 0
4297, 32
4298, 33
4299, 34
4300, 31
4301, 30
4302, 31
4303, 32
4304, 0
4305, 0
4306, 0
4307, 55
4308, 58
4309, 56
4310, 0
4311, 0
4312, 0
4313, 55
4314, 0
4315, 55
4316, 56
4317, 56
4318, 56
4319, 0
4320, 0
4321, 43
4322, 40
4323, 40
4324, 41
4325, 0
4326, 0
4327, 0
4328, 0
4329, 52
4330, 0
4331, 47
4332, 48
4333, 48
4334, 0
4335, 0
4336, 0
4337, 40
4338, 41
4339, 42
4340, 40
4341, 40
4342, 40
4343, 0
4344, 0
4345, 40
4346, 39
4347, 42
4348, 38
4349, 40
4350, 41
4351, 0
4352, 0
4353, 0
4354, 0
4355, 46
4356, 47
4357, 0
4358, 0
4359, 0
4360, 0
4361, 40
4362, 0
4363, 39
4364, 39
4365, 40
4366, 40
4367, 0
4368, 0
4369, 39
4370, 0
4371, 38
4372, 39
4373, 40
4374, 41
4375, 0
4376, 0
4377, 40
4378, 40
4379, 42
4380, 41
4381, 0
4382, 0
4383, 0
4384, 0
4385, 38
4386, 0
4387, 38
4388, 40
4389, 40
4390, 40
4391, 0
4392, 0
4393, 30
4394, 31
4395, 0
4396, 33
4397, 0
4398, 31
4399, 0
4400, 0
4401, 32
4402, 34
4403, 34
4404, 32
4405, 32
4406, 33
4407, 32
4408, 0
4409, 38
4410, 0
4411, 39
4412, 39
4413, 40
4414, 40
4415, 0
4416, 0
4417, 40
4418, 39
4419, 41
4420, 39
4421, 0
4422, 40
4423, 0
4424, 0
4425, 32
4426, 30
4427, 31
4428, 31
4429, 0
4430, 32
4431, 0
4432, 0
4433, 47
4434, 0
4435, 50
4436, 49
4437, 48
4438, 46
4439, 0
4440, 0
4441, 56
4442, 56
4443, 56
4444, 55
4445, 56
4446, 55
4447, 0
4448, 0
4449, 50
4450, 49
4451, 49
4452, 49
4453, 48
4454, 0
4455, 0
4456, 0
4457, 49
4458, 48
4459, 49
4460, 49
4461, 47
4462, 48
4463, 0
4464, 0
4465, 39
4466, 38
4467, 37
4468, 0
4469, 39
4470, 40
4471, 0
4472, 0
4473, 40
4474, 41
4475, 41
4476, 39
4477, 40
4478, 41
4479, 0
4480, 0
4481, 40
4482, 39
4483, 38
4484, 40
4485, 0
4486, 40
4487, 0
4488, 0
4489, 39
4490, 0
4491, 38
4492, 0
4493, 39
4494, 39
4495, 0
4496, 0
4497, 32
4498, 33
4499, 32
4500, 31
4501, 32
4502, 33
4503, 32
4504, 33
4505, 40
4506, 40
4507, 40
4508, 40
4509, 41
4510, 42
4511, 0
4512, 0
4513, 41
4514, 0
4515, 39
4516, 0
4517, 39
4518, 0
4519, 39
4520, 39
4521, 48
4522, 0
4523, 45
4524, 46
4525, 49
4526, 49
4527, 0
4528, 0
4529, 40
4530, 40
4531, 40
4532, 39
4533, 40
4534, 41
4535, 0
4536, 0
4537, 48
4538, 48
4539, 49
4540, 49
4541, 47
4542, 47
4543, 47
4544, 49
4545, 49
4546, 0
4547, 45
4548, 47
4549, 48
4550, 49
4551, 0
4552, 0
4553, 49
4554, 48
4555, 47
4556, 50
4557, 50
4558, 0
4559, 45
4560, 0
4561, 32
4562, 0
4563, 30
4564, 0
4565, 33
4566, 32
4567, 31
4568, 0
4569, 31
4570, 33
4571, 32
4572, 32
4573, 32
4574, 32
4575, 0
4576, 0
4577, 33
4578, 33
4579, 32
4580, 32
4581, 33
4582, 32
4583, 0
4584, 0
4585, 33
4586, 31
4587, 32
4588, 31
4589, 31
4590, 32
4591, 0
4592, 0
4593, 0
4594, 41
4595, 40
4596, 39
4597, 39
4598, 39
4599, 0
4600, 0
4601, 31
4602, 35
4603, 32
4604, 31
4605, 32
4606, 31
4607, 0
4608, 0
4609, 0
4610, 33
4611, 33
4612, 31
4613, 31
4614, 32
4615, 0
4616, 0
4617, 42
4618, 41
4619, 40
4620, 40
4621, 40
4622, 39
4623, 42
4624, 42
4625, 40
4626, 0
4627, 38
4628, 39
4629, 40
4630, 41
4631, 0
4632, 0
4633, 33
4634, 32
4635, 0
4636, 29
4637, 0
4638, 32
4639, 32
4640, 33
4641, 43
4642, 0
4643, 40
4644, 41
4645, 38
4646, 0
4647, 0
4648, 0
4649, 32
4650, 32
4651, 34
4652, 32
4653, 32
4654, 32
4655, 32
4656, 33
4657, 42
4658, 0
4659, 39
4660, 40
4661, 40
4662, 38
4663, 0
4664, 40
4665, 48
4666, 0
4667, 46
4668, 49
4669, 48
4670, 47
4671, 0
4672, 0
4673, 39
4674, 40
4675, 41
4676, 39
4677, 38
4678, 41
4679, 40
4680, 40
4681, 47
4682, 47
4683, 46
4684, 47
4685, 47
4686, 49
4687, 0
4688, 0
4689, 34
4690, 31
4691, 33
4692, 0
4693, 32
4694, 0
4695, 32
4696, 15
4697, 15
4698, 0
4699, 0
4700, 0
4701, 13
4702, 0
4703, 0
4704, 0
4705, 15
4706, 16
4707, 16
4708, 14
4709, 16
4710, 15
4711, 16
4712, 17
4713, 17
4714, 16
4715, 14
4716, 0
4717, 15
4718, 16
4719, 15
4720, 18
4721, 26
4722, 22
4723, 23
4724, 25
4725, 24
4726, 23
4727, 0
4728, 0
4729, 17
4730, 17
4731, 16
4732, 16
4733, 16
4734, 16
4735, 16
4736, 15
4737, 14
4738, 13
4739, 0
4740, 17
4741, 0
4742, 0
4743, 0
4744, 0
4745, 0
4746, 8
4747, 9
4748, 8
4749, 8
4750, 0
4751, 0
4752, 0
4753, 7
4754, 10
4755, 9
4756, 8
4757, 9
4758, 8
4759, 7
4760, 8
4761, 15
4762, 16
4763, 15
4764, 14
4765, 16
4766, 0
4767, 0
4768, 0
4769, 0
4770, 0
4771, 0
4772, 0
4773, 17
4774, 16
4775, 0
4776, 0
4777, 16
4778, 15
4779, 14
4780, 0
4781, 15
4782, 15
4783, 18
4784, 14
4785, 0
4786, 0
4787, 13
4788, 15
4789, 16
4790, 16
4791, 0
4792, 0
4793, 16
4794, 17
4795, 15
4796, 16
4797, 16
4798, 16
4799, 0
4800, 0
4801, 10
4802, 10
4803, 10
4804, 10
4805, 8
4806, 7
4807, 10
4808, 9
4809, 8
4810, 9
4811, 0
4812, 7
4813, 7
4814, 0
4815, 8
4816, 0
4817, 16
4818, 15
4819, 17
4820, 16
4821, 16
4822, 17
4823, 0
4824, 0
4825, 8
4826, 0
4827, 0
4828, 8
4829, 9
4830, 8
4831, 0
4832, 0
4833, 0
4834, 0
4835, 6
4836, 0
4837, 7
4838, 7
4839, 8
4840, 10
4841, 10
4842, 8
4843, 8
4844, 0
4845, 6
4846, 0
4847, 0
4848, 6
4849, 6
4850, 0
4851, 7
4852, 6
4853, 8
4854, 8
4855, 0
4856, 0
4857, 1
4858, -1
4859, 0
4860, 0
4861, 1
4862, 1
4863, 3
4864, 0
4865, 14
4866, 15
4867, 16
4868, 14
4869, 15
4870, 16
4871, 17
4872, 18
4873, 15
4874, 15
4875, 0
4876, 16
4877, 16
4878, 18
4879, 18
4880, 17
4881, 16
4882, 0
4883, 0
4884, 17
4885, 15
4886, 15
4887, 0
4888, 0
4889, 8
4890, 8
4891, 8
4892, 7
4893, 8
4894, 8
4895, 8
4896, 10
4897, 7
4898, 7
4899, 9
4900, 9
4901, 10
4902, 9
4903, 0
4904, 0
4905, 0
4906, 4
4907, 3
4908, 3
4909, 3
4910, 0
4911, 0
4912, 0
4913, 0
4914, 10
4915, 0
4916, 7
4917, 6
4918, 8
4919, 10
4920, 9
4921, 15
4922, 16
4923, 15
4924, 16
4925, 16
4926, 16
4927, 17
4928, 15
4929, 16
4930, 0
4931, 13
4932, 15
4933, 17
4934, 15
4935, 0
4936, 0
4937, 10
4938, 7
4939, 7
4940, 7
4941, 7
4942, 6
4943, 7
4944, 7
4945, 9
4946, 9
4947, 8
4948, 8
4949, 8
4950, 9
4951, 9
4952, 9
4953, 0
4954, 0
4955, 0
4956, 17
4957, 15
4958, 16
4959, 17
4960, 17
4961, 17
4962, 17
4963, 17
4964, 16
4965, 19
4966, 18
4967, 14
4968, 16
4969, 15
4970, 16
4971, 0
4972, 16
4973, 0
4974, 0
4975, 14
4976, 15
4977, 0
4978, 16
4979, 18
4980, 15
4981, 14
4982, 17
4983, 15
4984, 15
4985, 16
4986, 18
4987, 16
4988, 15
4989, 17
4990, 0
4991, 0
4992, 0
4993, 9
4994, 10
4995, 8
4996, 10
4997, 10
4998, 9
4999, 0
5000, 0
5001, 0
5002, 0
5003, 0
5004, 0
5005, 1
5006, 1
5007, 1
5008, 0
5009, 0
5010, 0
5011, 0
5012, 0
5013, 0
5014, 0
5015, 0
5016, 0
5017, 0
5018, 0
5019, 0
5020, 0
5021, 0
5022, 0
5023, 0
5024, 0
5025, 0
5026, 0
5027, -7
5028, -8
5029, -7
5030, -6
5031, -7
5032, -8
5033, 0
5034, 0
5035, 0
5036, 0
5037, 0
5038, 0
5039, 0
5040, 0
5041, 0
5042, 0
5043, 0
5044, 0
5045, 0
5046, 0
5047, 0
5048, 0
5049, 0
5050, 0
5051, 0
5052, -8
5053, -7
5054, -7
5055, -8
5056, -6
5057, -6
5058, -7
5059, -8
5060, -6
5061, -6
5062, 0
5063, -8
5064, 0
5065, -7
5066, -8
5067, -7
5068, -8
5069, -9
5070, -7
5071, -3
5072, -1
5073, 1
5074, 1
5075, 0
5076, -1
5077, -1
5078, 1
5079, 0
5080, 0
5081, 0
5082, -2
5083, -2
5084, 0
5085, 1
5086, 1
5087, 0
5088, 0
5089, 0
5090, 0
5091, 0
5092, 0
5093, 0
5094, 0
5095, 0
5096, 0
5097, 1
5098, 1
5099, 0
5100, -1
5101, -1
5102, 1
5103, 0
5104, 0
5105, 0
5106, -1
5107, -1
5108, -1
5109, -1
5110, -1
5111, -1
5112, 0
5113, 1
5114, 1
5115, 0
5116, 1
5117, 0
5118, 0
5119, 2
5120, 2
5121, 0
5122, 0
5123, 1
5124, -1
5125, 0
5126, 1
5127, 2
5128, 2
5129, 0
5130, 0
5131, 1
5132, 0
5133, 0
5134, 0
5135, -1
5136, 0
5137, 1
5138, 2
5139, 1
5140, 2
5141, 0
5142, 0
5143, 2
5144, 0
5145, 0
5146, 8
5147, 7
5148, 7
5149, 8
5150, 9
5151, 10
5152, 11
5153, 0
5154, 8
5155, 0
5156, 0
5157, 0
5158, 7
5159, 6
5160, 8
5161, 0
5162, 12
5163, 0
5164, 16
5165, 17
5166, 16
5167, 0
5168, 0
5169, 16
5170, 16
5171, 17
5172, 16
5173, 16
5174, 16
5175, 17
5176, 17
5177, 17
5178, 18
5179, 0
5180, 15
5181, 0
5182, 18
5183, 16
5184, 0
5185, 0
5186, 7
5187, 7
5188, 9
5189, 0
5190, 8
5191, 8
5192, 10
5193, 9
5194, 9
5195, 8
5196, 8
5197, 8
5198, 8
5199, 9
5200, 11
5201, 7
5202, 8
5203, 0
5204, 7
5205, 0
5206, 9
5207, 0
5208, 0
5209, 2
5210, -1
5211, -1
5212, 1
5213, 1
5214, -1
5215, 0
5216, 0
5217, -1
5218, 1
5219, 1
5220, 0
5221, 0
5222, 1
5223, 0
5224, 5
5225, 17
5226, 16
5227, 15
5228, 17
5229, 16
5230, 16
5231, 16
5232, 0
5233, 8
5234, 8
5235, 7
5236, 10
5237, 0
5238, 8
5239, 8
5240, 7
5241, 8
5242, 9
5243, 7
5244, 8
5245, 9
5246, 8
5247, 8
5248, 0
5249, 0
5250, 24
5251, 0
5252, 21
5253, 23
5254, 24
5255, 0
5256, 24
5257, 32
5258, 34
5259, 0
5260, 29
5261, 0
5262, 30
5263, 0
5264, 0
5265, 48
5266, 49
5267, 51
5268, 50
5269, 51
5270, 47
5271, 47
5272, 0
5273, 1
5274, 0
5275, 344
5276, -224
5277, -824
5278, -823
5279, 0
5280, 0
5281, -1219
5282, -1216
5283, -1380
5284, -1409
5285, -1689
5286, -1888
5287, 0
5288, 0
5289, 0
5290, 0
5291, 0
5292, 0
5293, 0
5294, 0
5295, 0
5296, 0
5297, 0
5298, 0
5299, 0
5300, 0
5301, 0
5302, 0
5303, 0
5304, 0
5305, 0
5306, 0
5307, 0
5308, 0
5309, 0
5310, 0
5311, 0
5312, 0
5313, 0
5314, 0
5315, 0
5316, 0
5317, 0
5318, 0
5319, 0
5320, 0
5321, 0
5322, 0
5323, 0
5324, 0
5325, 0
5326, 0
5327, 0
5328, 0
5329, 0
5330, 0
5331, 0
5332, 0
5333, 0
5334, 0
5335, 0
5336, 0
5337, 0
5338, 0
5339, 0
5340, 0
5341, 0
5342, 0
5343, 0
5344, 0
5345, 0
5346, 0
5347, 0
5348, 0
5349, 0
5350, 0
5351, 0
5352, 0
5353, 0
5354, 0
5355, 0
5356, 0
5357, 0
5358, 0
5359, 0
5360, 0
5361, 0
5362, 0
5363, 0
5364, 0
5365, 0
5366, 0
5367, 0
5368, 0
5369, 0
5370, 0
5371, 0
5372, 0
5373, 0
5374, 0
5375, 0
5376, 0
5377, 0
5378, 0
5379, 0
5380, 0
5381, 0
5382, 0
5383, 0
5384, 0
5385, 0
5386, 0
5387, 0
5388, 0
5389, 0
5390, 0
5391, 0
5392, 0
5393, 0
5394, 0
5395, 0
5396, 0
5397, 0
5398, 0
5399, 0
5400, 0
5401, 0
5402, 0
5403, 0
5404, 0
5405, 0
5406, 0
5407, 0
5408, 0
5409, 0
5410, 0
5411, 0
5412, 0
5413, 0
5414, 0
5415, 0
5416, 0
5417, 0
5418, 0
5419, 0
5420, 0
5421, 0
5422, 0
5423, 0
5424, 0
5425, 0
5426, 0
5427, 0
5428, 0
5429, 0
5430, 0
5431, 0
5432, 0
5433, 0
5434, 0
5435, 0
5436, 0
5437, 0
5438, 0
5439, 0
5440, 0
5441, 0
5442, 0
5443, 0
5444, 0
5445, 0
5446, 0
5447, 0
5448, 0
5449, 0
5450, 0
5451, 1
5452, 0
5453, 0
5454, 0
5455, 0
5456, 0
5457, 0
5458, 0
5459, 0
5460, 0
5461, 0
5462, 0
5463, 0
5464, 0
5465, 0
5466, 0
5467, 0
5468, 0
5469, 0
5470, 0
5471, 0
5472, 0
5473, 0
5474, 0
