0, 0
1, 0
2, 0
3, 0
4, 0
5, 0
6, 0
7, 0
8, 0
9, 0
10, 0
11, 0
12, 0
13, 0
14, 0
15, 0
16, 0
17, 0
18, 0
19, 0
20, 0
21, 0
22, 0
23, 0
24, 0
25, 0
26, 0
27, 0
28, 0
29, 0
30, 0
31, 0
32, 0
33, 0
34, 0
35, 0
36, 0
37, 0
38, 0
39, 0
40, 0
41, 0
42, 0
43, 0
44, 0
45, 0
46, 0
47, 0
48, 0
49, 0
50, 0
51, 0
52, 0
53, 0
54, 0
55, 0
56, 0
57, 0
58, 0
59, 0
60, 0
61, 0
62, 0
63, 0
64, 0
65, 0
66, 0
67, 0
68, 0
69, 0
70, 0
71, 0
72, 0
73, 0
74, 0
75, 0
76, 0
77, 0
78, 0
79, 0
80, 0
81, 0
82, 0
83, 0
84, 0
85, 0
86, 0
87, 0
88, 0
89, 0
90, 0
91, 0
92, 0
93, 0
94, 0
95, 0
96, 0
97, 0
98, 0
99, 0
100, 0
101, 0
102, 0
103, 0
104, 0
105, 0
106, 0
107, 0
108, 0
109, 0
110, 0
111, 0
112, 0
113, 0
114, 0
115, 0
116, 0
117, 0
118, 0
119, 0
120, 0
121, 0
122, 0
123, 0
124, 0
125, 0
126, 0
127, 0
128, 0
129, 0
130, 0
131, 0
132, 0
133, 0
134, 0
135, 0
136, 0
137, 0
138, 0
139, 0
140, 0
141, 0
142, 0
143, 0
144, 0
145, 0
146, 0
147, 0
148, 0
149, 0
150, 0
151, 0
152, 0
153, 0
154, 0
155, 0
156, 0
157, 0
158, 0
159, 0
160, 0
161, 0
162, 0
163, 0
164, 0
165, 0
166, 0
167, 0
168, 0
169, 0
170, 0
171, 0
172, 0
173, 0
174, 0
175, 0
176, 0
177, 0
178, 0
179, 0
180, 0
181, 0
182, 0
183, 0
184, 0
185, 0
186, 0
187, 0
188, 0
189, 0
190, 0
191, 0
192, 0
193, 0
194, 0
195, 0
196, 0
197, 0
198, 0
199, 0
200, 0
201, 0
202, 0
203, 0
204, 0
205, 0
206, 0
207, 0
208, 0
209, 0
210, 0
211, 0
212, 0
213, 0
214, 0
215, 0
216, 0
217, 0
218, 0
219, 0
220, 0
221, 0
222, 0
223, 0
224, 0
225, 0
226, 0
227, 0
228, 0
229, 0
230, 0
231, 0
232, 0
233, 0
234, 0
235, 0
236, 0
237, 0
238, 0
239, 0
240, 0
241, 0
242, 0
243, 0
244, 0
245, 0
246, 0
247, 0
248, 0
249, 0
250, 0
251, 0
252, 0
253, 0
254, 0
255, 0
256, 0
257, 0
258, 0
259, 0
260, 0
261, 0
262, 0
263, 0
264, 0
265, 0
266, 0
267, 0
268, 0
269, 0
270, 0
271, 0
272, 0
273, 0
274, 0
275, 0
276, 0
277, 0
278, 0
279, 0
280, 0
281, 0
282, 0
283, 0
284, 0
285, 0
286, 0
287, 0
288, 0
289, 0
290, 0
291, 0
292, 0
293, 0
294, 0
295, 0
296, 0
297, 0
298, 0
299, 0
300, 0
301, 0
302, 0
303, 0
304, 0
305, 0
306, 0
307, 0
308, 0
309, 0
310, 0
311, 0
312, 0
313, 0
314, 0
315, 0
316, 0
317, 0
318, 0
319, 0
320, 0
321, 0
322, 0
323, 0
324, 0
325, 0
326, 0
327, 0
328, 0
329, 0
330, 0
331, 0
332, 0
333, 0
334, 0
335, 0
336, 0
337, 0
338, 0
339, 0
340, 0
341, 0
342, 0
343, 0
344, 0
345, 0
346, 0
347, 0
348, 0
349, 0
350, 0
351, 0
352, 0
353, 0
354, 0
355, 0
356, 0
357, 0
358, 0
359, 0
360, 0
361, 0
362, 0
363, 0
364, 0
365, 0
366, 0
367, 0
368, 0
369, 0
370, 0
371, 0
372, 0
373, 0
374, 0
375, 0
376, 0
377, 0
378, 0
379, 0
380, 0
381, 0
382, 0
383, 0
384, 0
385, 0
386, 0
387, 0
388, 0
389, 0
390, 0
391, 0
392, 0
393, 0
394, 0
395, 0
396, 0
397, 0
398, 0
399, 0
400, 0
401, 0
402, 0
403, 0
404, 0
405, 0
406, 0
407, 0
408, 0
409, 0
410, 0
411, 0
412, 0
413, 0
414, 0
415, 0
416, 0
417, 0
418, 0
419, 0
420, 0
421, 0
422, 0
423, 0
424, 0
425, 0
426, 0
427, 0
428, 0
429, 0
430, 0
431, 0
432, 0
433, 0
434, 0
435, 0
436, 0
437, 0
438, 0
439, 0
440, 0
441, 0
442, 0
443, 0
444, 0
445, 0
446, 0
447, 0
448, 0
449, 0
450, 0
451, 0
452, 0
453, 0
454, 0
455, 0
456, 0
457, 0
458, 0
459, 0
460, 0
461, 0
462, 0
463, 0
464, 0
465, 0
466, 0
467, 0
468, 0
469, 0
470, 0
471, 0
472, 0
473, 0
474, 0
475, 0
476, 0
477, 0
478, 0
479, 0
480, 0
481, 0
482, 0
483, 0
484, 0
485, 0
486, 0
487, 0
488, 0
489, 0
490, 0
491, 0
492, 0
493, 0
494, 0
495, 0
496, 0
497, 0
498, 0
499, 0
500, 0
501, 0
502, 0
503, 0
504, 0
505, 0
506, 0
507, 0
508, 0
509, 0
510, 0
511, 0
512, 0
513, 0
514, 0
515, 0
516, 0
517, 0
518, 0
519, 0
520, 0
521, 0
522, 0
523, 0
524, 0
525, 0
526, 0
527, 0
528, 0
529, 0
530, 0
531, 0
532, 0
533, 0
534, 0
535, 0
536, 0
537, 0
538, 0
539, 0
540, 0
541, 0
542, 0
543, 0
544, 0
545, 0
546, 0
547, 0
548, 0
549, 0
550, 0
551, 0
552, 0
553, 0
554, 0
555, 0
556, 0
557, 0
558, 0
559, 0
560, 0
561, 0
562, 0
563, 0
564, 0
565, 0
566, 0
567, 0
568, 0
569, 0
570, 0
571, 0
572, 0
573, 0
574, 0
575, 0
576, 0
577, 0
578, 0
579, 0
580, 0
581, 0
582, 0
583, 0
584, 0
585, 0
586, 0
587, 0
588, 0
589, 0
590, 0
591, 0
592, 0
593, 0
594, 0
595, 0
596, 0
597, 0
598, 0
599, 0
600, 0
601, 0
602, 0
603, 0
604, 0
605, 0
606, 0
607, 0
608, 0
609, 0
610, 0
611, 0
612, 0
613, 0
614, 0
615, 0
616, 0
617, 0
618, 0
619, 0
620, 0
621, 0
622, 0
623, 0
624, 0
625, 0
626, 0
627, 0
628, 0
629, 0
630, 0
631, 0
632, 0
633, 0
634, 0
635, 0
636, 0
637, 0
638, 0
639, 0
640, 0
641, 0
642, 0
643, 0
644, 0
645, 0
646, 0
647, 0
648, 0
649, 0
650, 0
651, 0
652, 0
653, 0
654, 0
655, 0
656, 0
657, 0
658, 0
659, 0
660, 0
661, 0
662, 0
663, 0
664, 0
665, 0
666, 0
667, 0
668, 0
669, 0
670, 0
671, 0
672, 0
673, 0
674, 0
675, 0
676, 0
677, 0
678, 0
679, 0
680, 0
681, 0
682, 0
683, 0
684, 0
685, 0
686, 0
687, 0
688, 0
689, 0
690, 0
691, 0
692, 0
693, 0
694, 0
695, 0
696, 0
697, 0
698, 0
699, 0
700, 0
701, 0
702, 0
703, 0
704, 0
705, 0
706, 0
707, 0
708, 0
709, 0
710, 0
711, 0
712, 0
713, 0
714, 0
715, 0
716, 0
717, 0
718, 0
719, 0
720, 0
721, 0
722, 0
723, 0
724, 0
725, 0
726, 0
727, 0
728, 0
729, 0
730, 0
731, 0
732, 0
733, 0
734, 0
735, 0
736, 0
737, 0
738, 0
739, 0
740, 0
741, 0
742, 0
743, 0
744, 0
745, 0
746, 0
747, 0
748, 0
749, 0
750, 0
751, 0
752, 0
753, 0
754, 0
755, 0
756, 0
757, 0
758, 0
759, 0
760, 0
761, 0
762, 0
763, 0
764, 0
765, 0
766, 0
767, 0
768, 0
769, 0
770, 0
771, 0
772, 0
773, 0
774, 0
775, 0
776, 0
777, 0
778, 0
779, 0
780, 0
781, 0
782, 0
783, 0
784, 0
785, 0
786, 0
787, 0
788, 0
789, 0
790, 0
791, 0
792, 0
793, 0
794, 0
795, 0
796, 0
797, 0
798, 0
799, 0
800, 0
801, 0
802, 0
803, 0
804, 0
805, 0
806, 0
807, 0
808, 0
809, 0
810, 0
811, 0
812, 0
813, 0
814, 0
815, 0
816, 0
817, 0
818, 0
819, 0
820, 0
821, 0
822, 0
823, 0
824, 0
825, 0
826, 0
827, 0
828, 0
829, 0
830, 0
831, 0
832, 0
833, 0
834, 0
835, 0
836, 0
837, 0
838, 0
839, 0
840, 0
841, 0
842, 0
843, 0
844, 0
845, 0
846, 0
847, 0
848, 0
849, 0
850, 0
851, 0
852, 0
853, 0
854, 0
855, 0
856, 0
857, 0
858, 0
859, 0
860, 0
861, 0
862, 0
863, 0
864, 0
865, 0
866, 0
867, 0
868, 0
869, 0
870, 0
871, 0
872, 0
873, 0
874, 0
875, 0
876, 0
877, 0
878, 0
879, 0
880, 0
881, 0
882, 0
883, 0
884, 0
885, 0
886, 0
887, 0
888, 0
889, 0
890, 0
891, 0
892, 0
893, 0
894, 0
895, 0
896, 0
897, 0
898, 0
899, 0
900, 0
901, 0
902, 0
903, 0
904, 0
905, 0
906, 0
907, 0
908, 0
909, 0
910, 0
911, 0
912, 0
913, 0
914, 0
915, 0
916, 0
917, 0
918, 0
919, 0
920, 0
921, 0
922, 0
923, 0
924, 0
925, 0
926, 0
927, 0
928, 0
929, 0
930, 0
931, 0
932, 0
933, 0
934, 0
935, 0
936, 0
937, 0
938, 0
939, 0
940, 0
941, 0
942, 0
943, 0
944, 0
945, 0
946, 0
947, 0
948, 0
949, 0
950, 0
951, 0
952, 0
953, 0
954, 0
955, 0
956, 0
957, 0
958, 0
959, 0
960, 0
961, 0
962, 0
963, 0
964, 0
965, 0
966, 0
967, 0
968, 0
969, 0
970, 0
971, 0
972, 0
973, 0
974, 0
975, 0
976, 0
977, 0
978, 0
979, 0
980, 0
981, 0
982, 0
983, 0
984, 0
985, 0
986, 0
987, 0
988, 0
989, 0
990, 0
991, 0
992, 0
993, 0
994, 0
995, 0
996, 0
997, 0
998, 0
999, 0
1000, 0
1001, 0
1002, 0
1003, 0
1004, 0
1005, 0
1006, 0
1007, 0
1008, 0
1009, 0
1010, 0
1011, 0
1012, 0
1013, 0
1014, 0
1015, 0
1016, 0
1017, 0
1018, 0
1019, 0
1020, 0
1021, 0
1022, 0
1023, 0
1024, 0
1025, 0
1026, 0
1027, 0
1028, 0
1029, 0
1030, 0
1031, 0
1032, 0
1033, 0
1034, 0
1035, 0
1036, 0
1037, 0
1038, 0
1039, 0
1040, 0
1041, 0
1042, 0
1043, 0
1044, 0
1045, 0
1046, 0
1047, 0
1048, 0
1049, 0
1050, 0
1051, 0
1052, 0
1053, 0
1054, 0
1055, 0
1056, 0
1057, 0
1058, 0
1059, 0
1060, 0
1061, 0
1062, 0
1063, 0
1064, 0
1065, 0
1066, 0
1067, 0
1068, 0
1069, 0
1070, 0
1071, 0
1072, 0
1073, 0
1074, 0
1075, 0
1076, 0
1077, 0
1078, 0
1079, 0
1080, 0
1081, 0
1082, 0
1083, 0
1084, 0
1085, 0
1086, 0
1087, 0
1088, 0
1089, 0
1090, 0
1091, 0
1092, 0
1093, 0
1094, 0
1095, 0
1096, 0
1097, 0
1098, 0
1099, 0
1100, 0
1101, 0
1102, 0
1103, 0
1104, 0
1105, 0
1106, 0
1107, 0
1108, 0
1109, 0
1110, 0
1111, 0
1112, 0
1113, 0
1114, 0
1115, 0
1116, 0
1117, 0
1118, 0
1119, 0
1120, 0
1121, 0
1122, 0
1123, 224
1124, 224
1125, 0
1126, 0
1127, 0
1128, 0
1129, 0
1130, 0
1131, 0
1132, 0
1133, 0
1134, 0
1135, 0
1136, 0
1137, 0
1138, 0
1139, 0
1140, 0
1141, 0
1142, 0
1143, 0
1144, 0
1145, 0
1146, 189
1147, 0
1148, 0
1149, 0
1150, 0
1151, 0
1152, 0
1153, 0
1154, 0
1155, 0
1156, 0
1157, 0
1158, 0
1159, 164
1160, 0
1161, 0
1162, 0
1163, 0
1164, 0
1165, 0
1166, 0
1167, 0
1168, 0
1169, 0
1170, 0
1171, 0
1172, 0
1173, 0
1174, 0
1175, 0
1176, 0
1177, 0
1178, 0
1179, 0
1180, 0
1181, 0
1182, 0
1183, 0
1184, 0
1185, 0
1186, 0
1187, 0
1188, 0
1189, 148
1190, 0
1191, 0
1192, 0
1193, 0
1194, 0
1195, 0
1196, 0
1197, 0
1198, 0
1199, 0
1200, 0
1201, 142
1202, 0
1203, 0
1204, 0
1205, 0
1206, 174
1207, 0
1208, 0
1209, 0
1210, 0
1211, 0
1212, 0
1213, 166
1214, 0
1215, 0
1216, 0
1217, 0
1218, 0
1219, 0
1220, 0
1221, 0
1222, 0
1223, 0
1224, 0
1225, 127
1226, 0
1227, 0
1228, 0
1229, 0
1230, 0
1231, 0
1232, 0
1233, 0
1234, 0
1235, 0
1236, 0
1237, 133
1238, 0
1239, 0
1240, 0
1241, 109
1242, 0
1243, 0
1244, 0
1245, 0
1246, 0
1247, 0
1248, 0
1249, 0
1250, 110
1251, 0
1252, 117
1253, 0
1254, 125
1255, 0
1256, 0
1257, 95
1258, 0
1259, 103
1260, 0
1261, 0
1262, 0
1263, 0
1264, 0
1265, 0
1266, 0
1267, 113
1268, 0
1269, 122
1270, 0
1271, 0
1272, 0
1273, 0
1274, 98
1275, 0
1276, 0
1277, 0
1278, 0
1279, 0
1280, 0
1281, 0
1282, 101
1283, 0
1284, 106
1285, 0
1286, 0
1287, 0
1288, 0
1289, 0
1290, 0
1291, 104
1292, 105
1293, 0
1294, 0
1295, 0
1296, 99
1297, 0
1298, 0
1299, 0
1300, 0
1301, 0
1302, 0
1303, 0
1304, 0
1305, 0
1306, 0
1307, 0
1308, 0
1309, 0
1310, 0
1311, 0
1312, 0
1313, 0
1314, 110
1315, 110
1316, 0
1317, 0
1318, 0
1319, 89
1320, 0
1321, 0
1322, 92
1323, 0
1324, 0
1325, 0
1326, 93
1327, 78
1328, 0
1329, 0
1330, 0
1331, 0
1332, 0
1333, 85
1334, 0
1335, 0
1336, 0
1337, 0
1338, 0
1339, 0
1340, 0
1341, 98
1342, 0
1343, 0
1344, 0
1345, 86
1346, 86
1347, 0
1348, 0
1349, 0
1350, 100
1351, 76
1352, 0
1353, 73
1354, 0
1355, 0
1356, 82
1357, 82
1358, 0
1359, 0
1360, 80
1361, 0
1362, 0
1363, 0
1364, 0
1365, 0
1366, 0
1367, 81
1368, 0
1369, 0
1370, 81
1371, 0
1372, 86
1373, 0
1374, 0
1375, 83
1376, 0
1377, 75
1378, 0
1379, 84
1380, 0
1381, 0
1382, 0
1383, 0
1384, 0
1385, 0
1386, 78
1387, 0
1388, 0
1389, 0
1390, 75
1391, 0
1392, 0
1393, 72
1394, 0
1395, 0
1396, 0
1397, 86
1398, 75
1399, 0
1400, 0
1401, 0
1402, 0
1403, 0
1404, 0
1405, 0
1406, 0
1407, 79
1408, 0
1409, 0
1410, 81
1411, 80
1412, 0
1413, 0
1414, 0
1415, 0
1416, 68
1417, 68
1418, 0
1419, 75
1420, 0
1421, 83
1422, 78
1423, 77
1424, 0
1425, 0
1426, 0
1427, 0
1428, 0
1429, 86
1430, 0
1431, 0
1432, 0
1433, 0
1434, 69
1435, 0
1436, 0
1437, 74
1438, 0
1439, 0
1440, 67
1441, 0
1442, 0
1443, 0
1444, 77
1445, 0
1446, 0
1447, 0
1448, 0
1449, 64
1450, 0
1451, 0
1452, 75
1453, 74
1454, 0
1455, 0
1456, 59
1457, 0
1458, 0
1459, 64
1460, 66
1461, 0
1462, 0
1463, 60
1464, 60
1465, 0
1466, 0
1467, 0
1468, 0
1469, 75
1470, 0
1471, 0
1472, 58
1473, 58
1474, 0
1475, 0
1476, 67
1477, 68
1478, 0
1479, 0
1480, 55
1481, 0
1482, 0
1483, 0
1484, 0
1485, 0
1486, 66
1487, 54
1488, 0
1489, 54
1490, 57
1491, 0
1492, 62
1493, 0
1494, 59
1495, 57
1496, 0
1497, 0
1498, 0
1499, 63
1500, 0
1501, 0
1502, 59
1503, 0
1504, 0
1505, 0
1506, 52
1507, 56
1508, 0
1509, 0
1510, 55
1511, 0
1512, 0
1513, 46
1514, 0
1515, 50
1516, 0
1517, 56
1518, 58
1519, 0
1520, 0
1521, 46
1522, 47
1523, 0
1524, 0
1525, 53
1526, 49
1527, 0
1528, 0
1529, 0
1530, 52
1531, 53
1532, 0
1533, 0
1534, 59
1535, 45
1536, 0
1537, 44
1538, 0
1539, 0
1540, 0
1541, 51
1542, 50
1543, 47
1544, 0
1545, 47
1546, 0
1547, 0
1548, 56
1549, 57
1550, 59
1551, 0
1552, 0
1553, 0
1554, 0
1555, 53
1556, 0
1557, 0
1558, 61
1559, 0
1560, 39
1561, 39
1562, 0
1563, 0
1564, 0
1565, 53
1566, 54
1567, 0
1568, 42
1569, 43
1570, 0
1571, 0
1572, 50
1573, 51
1574, 0
1575, 0
1576, 42
1577, 0
1578, 45
1579, 44
1580, 0
1581, 50
1582, 0
1583, 0
1584, 35
1585, 34
1586, 0
1587, 37
1588, 0
1589, 0
1590, 41
1591, 0
1592, 32
1593, 33
1594, 0
1595, 37
1596, 38
1597, 0
1598, 41
1599, 0
1600, 35
1601, 0
1602, 36
1603, 0
1604, 0
1605, 43
1606, 38
1607, 0
1608, 34
1609, 34
1610, 0
1611, 0
1612, 39
1613, 41
1614, 0
1615, 33
1616, 0
1617, 33
1618, 33
1619, 0
1620, 39
1621, 39
1622, 0
1623, 30
1624, 0
1625, 32
1626, 0
1627, 36
1628, 37
1629, 38
1630, 0
1631, 41
1632, 30
1633, 0
1634, 0
1635, 35
1636, 37
1637, 0
1638, 0
1639, 26
1640, 26
1641, 30
1642, 0
1643, 0
1644, 36
1645, 35
1646, 36
1647, 0
1648, 27
1649, 27
1650, 29
1651, 29
1652, 0
1653, 35
1654, 0
1655, 0
1656, 26
1657, 26
1658, 27
1659, 0
1660, 32
1661, 0
1662, 27
1663, 27
1664, 0
1665, 0
1666, 26
1667, 27
1668, 27
1669, 29
1670, 0
1671, 31
1672, 28
1673, 28
1674, 0
1675, 33
1676, 32
1677, 34
1678, 0
1679, 30
1680, 23
1681, 23
1682, 0
1683, 0
1684, 32
1685, 0
1686, 25
1687, 22
1688, 0
1689, 22
1690, 0
1691, 25
1692, 0
1693, 31
1694, 0
1695, 27
1696, 21
1697, 0
1698, 24
1699, 0
1700, 26
1701, 27
1702, 23
1703, 0
1704, 19
1705, 18
1706, 0
1707, 22
1708, 0
1709, 27
1710, 0
1711, 21
1712, 17
1713, 16
1714, 0
1715, 20
1716, 0
1717, 24
1718, 19
1719, 0
1720, 0
1721, 15
1722, 16
1723, 15
1724, 0
1725, 0
1726, 21
1727, 11
1728, 10
1729, 0
1730, 12
1731, 0
1732, 0
1733, 15
1734, 0
1735, 0
1736, 0
1737, 5
1738, 7
1739, 8
1740, 11
1741, 13
1742, 13
1743, 14
1744, 16
1745, 0
1746, 21
1747, 22
1748, 0
1749, 26
1750, 0
1751, 15
1752, 15
1753, 14
1754, 16
1755, 17
1756, 0
1757, 0
1758, 19
1759, 0
1760, 8
1761, 0
1762, 0
1763, 0
1764, 0
1765, 0
1766, 18
1767, 13
1768, 1
1769, 8
1770, 9
1771, 10
1772, 11
1773, 10
1774, 12
1775, 0
1776, 0
1777, 13
1778, 13
1779, 0
1780, 16
1781, 17
1782, 0
1783, 12
1784, 7
1785, 0
1786, 8
1787, 10
1788, 0
1789, 12
1790, 0
1791, 9
1792, 11
1793, 0
1794, 13
1795, 0
1796, 17
1797, 18
1798, 18
1799, 0
1800, 0
1801, 7
1802, 6
1803, 10
1804, 0
1805, 0
1806, 0
1807, 5
1808, 0
1809, 0
1810, 8
1811, 8
1812, 10
1813, 6
1814, 5
1815, 0
1816, 1
1817, 2
1818, 0
1819, 5
1820, 0
1821, 6
1822, 9
1823, 10
1824, 0
1825, 13
1826, 12
1827, 0
1828, 16
1829, 18
1830, 20
1831, 0
1832, 0
1833, 8
1834, 7
1835, 9
1836, 13
1837, 11
1838, 0
1839, 11
1840, 0
1841, 4
1842, 3
1843, 0
1844, 0
1845, 8
1846, 9
1847, 7
1848, 0
1849, 1
1850, 0
1851, 0
1852, 7
1853, 10
1854, 11
1855, 0
1856, 0
1857, -1
1858, 0
1859, 0
1860, 4
1861, 3
1862, 4
1863, 0
1864, 0
1865, 0
1866, 4
1867, 4
1868, 5
1869, 7
1870, 0
1871, 5
1872, 2
1873, 0
1874, 5
1875, 0
1876, 8
1877, 9
1878, 11
1879, 0
1880, 0
1881, -2
1882, 0
1883, 0
1884, 2
1885, 0
1886, 4
1887, 1
1888, 0
1889, 0
1890, 2
1891, 3
1892, 0
1893, 5
1894, 6
1895, 0
1896, 0
1897, 1
1898, 1
1899, -1
1900, 2
1901, 1
1902, 0
1903, 0
1904, 0
1905, -6
1906, -3
1907, 0
1908, 0
1909, 1
1910, 0
1911, 3
1912, 4
1913, -3
1914, -3
1915, -1
1916, -1
1917, 0
1918, 3
1919, -2
1920, -3
1921, -3
1922, -3
1923, -3
1924, 0
1925, 3
1926, 2
1927, 2
1928, 0
1929, -11
1930, -9
1931, -6
1932, -5
1933, -4
1934, -3
1935, -3
1936, -2
1937, 0
1938, 4
1939, 2
1940, 4
1941, 6
1942, 7
1943, 0
1944, 0
1945, -6
1946, -6
1947, -5
1948, -3
1949, -2
1950, -2
1951, -7
1952, 1
1953, -13
1954, -11
1955, -10
1956, 0
1957, 0
1958, 0
1959, 0
1960, -6
1961, -3
1962, -3
1963, -3
1964, -2
1965, 0
1966, 2
1967, 0
1968, -5
1969, -12
1970, -11
1971, -10
1972, -10
1973, -8
1974, 0
1975, -4
1976, -6
1977, -4
1978, -1
1979, -3
1980, -1
1981, 0
1982, 0
1983, 0
1984, 0
1985, -8
1986, -7
1987, -10
1988, 0
1989, -5
1990, -4
1991, 0
1992, 0
1993, -17
1994, -14
1995, 0
1996, -14
1997, -11
1998, -10
1999, -11
2000, 0
2001, 0
2002, -8
2003, -8
2004, -6
2005, -7
2006, 0
2007, -2
2008, 0
2009, -16
2010, -16
2011, -14
2012, -14
2013, 1
2014, 0
2015, -10
2016, -8
2017, -6
2018, 0
2019, -5
2020, 0
2021, 0
2022, 0
2023, 0
2024, -5
2025, -14
2026, 0
2027, -13
2028, -11
2029, -13
2030, -10
2031, -7
2032, 1
2033, -20
2034, -20
2035, -19
2036, -18
2037, 0
2038, -17
2039, -16
2040, -15
2041, -14
2042, 0
2043, -13
2044, -11
2045, 0
2046, -10
2047, 0
2048, 0
2049, 0
2050, -19
2051, -21
2052, -20
2053, 0
2054, -17
2055, -17
2056, -16
2057, 0
2058, -12
2059, -11
2060, -10
2061, 0
2062, 0
2063, 0
2064, 0
2065, -23
2066, -22
2067, 0
2068, -20
2069, -18
2070, 0
2071, 0
2072, -14
2073, -14
2074, -12
2075, -11
2076, -12
2077, -10
2078, -10
2079, -7
2080, 0
2081, -21
2082, -20
2083, -20
2084, -21
2085, 0
2086, 0
2087, -13
2088, -13
2089, -13
2090, -13
2091, -12
2092, -11
2093, -10
2094, 0
2095, -8
2096, -11
2097, -24
2098, -21
2099, -20
2100, -19
2101, -20
2102, -20
2103, 0
2104, -16
2105, 0
2106, -12
2107, -12
2108, -12
2109, -12
2110, -11
2111, -10
2112, -9
2113, -25
2114, -24
2115, 0
2116, -22
2117, 0
2118, -21
2119, -21
2120, -20
2121, -21
2122, 0
2123, -16
2124, -15
2125, 0
2126, -13
2127, -14
2128, -14
2129, -28
2130, -27
2131, -27
2132, -28
2133, -26
2134, 0
2135, -23
2136, -25
2137, -22
2138, -22
2139, 0
2140, -20
2141, -20
2142, 0
2143, 0
2144, -13
2145, -19
2146, -19
2147, -20
2148, -19
2149, -18
2150, -19
2151, -20
2152, -20
2153, 0
2154, -24
2155, -27
2156, 0
2157, -20
2158, -22
2159, 0
2160, -17
2161, -16
2162, -17
2163, -16
2164, -15
2165, 0
2166, -14
2167, -13
2168, -13
2169, 0
2170, -25
2171, -23
2172, -25
2173, 0
2174, -23
2175, 0
2176, -21
2177, -18
2178, -18
2179, -19
2180, 0
2181, -16
2182, -17
2183, -16
2184, 0
2185, -22
2186, -22
2187, 0
2188, -17
2189, -18
2190, -18
2191, -18
2192, -17
2193, -24
2194, -25
2195, -25
2196, 0
2197, -21
2198, -20
2199, 0
2200, -24
2201, -25
2202, -24
2203, -23
2204, -23
2205, -22
2206, -21
2207, -22
2208, 0
2209, -27
2210, -26
2211, -26
2212, -24
2213, -23
2214, -23
2215, -23
2216, -22
2217, 0
2218, -28
2219, -27
2220, -27
2221, -29
2222, 0
2223, -24
2224, -25
2225, -23
2226, -23
2227, -23
2228, -24
2229, -22
2230, -22
2231, -23
2232, 0
2233, -26
2234, -26
2235, -25
2236, -23
2237, -24
2238, -22
2239, -23
2240, -25
2241, 0
2242, -29
2243, -28
2244, -27
2245, -28
2246, 0
2247, -26
2248, -24
2249, -25
2250, -26
2251, -25
2252, -24
2253, -23
2254, -21
2255, 0
2256, -19
2257, -27
2258, -28
2259, -25
2260, -24
2261, -24
2262, -24
2263, -24
2264, -26
2265, -30
2266, -29
2267, -27
2268, -27
2269, -27
2270, -29
2271, -26
2272, 0
2273, -24
2274, -23
2275, -24
2276, -23
2277, -21
2278, -20
2279, 0
2280, 0
2281, -32
2282, -31
2283, -32
2284, -31
2285, -31
2286, -31
2287, -32
2288, -33
2289, 0
2290, -28
2291, -26
2292, -26
2293, -26
2294, -28
2295, -25
2296, -25
2297, -25
2298, -26
2299, -25
2300, 0
2301, -23
2302, -22
2303, -22
2304, -22
2305, -29
2306, -30
2307, -28
2308, -27
2309, -25
2310, -25
2311, -24
2312, -24
2313, -33
2314, 0
2315, -31
2316, -30
2317, -29
2318, -27
2319, -27
2320, -27
2321, 0
2322, -24
2323, 0
2324, 0
2325, -22
2326, -24
2327, -21
2328, -23
2329, -37
2330, 0
2331, -35
2332, -36
2333, -36
2334, -35
2335, -34
2336, -34
2337, -33
2338, 0
2339, -30
2340, -31
2341, -30
2342, -30
2343, -28
2344, -28
2345, -27
2346, -27
2347, -26
2348, -27
2349, -25
2350, -26
2351, -25
2352, -24
2353, -32
2354, -32
2355, -31
2356, -29
2357, -29
2358, -29
2359, -27
2360, -28
2361, -35
2362, -34
2363, -34
2364, -34
2365, -34
2366, -33
2367, -32
2368, -31
2369, -30
2370, -31
2371, -30
2372, -32
2373, -29
2374, -28
2375, -27
2376, -26
2377, -26
2378, -28
2379, -26
2380, -25
2381, -25
2382, -24
2383, -23
2384, -26
2385, -31
2386, 0
2387, -27
2388, -27
2389, -29
2390, -27
2391, -28
2392, -28
2393, -35
2394, -34
2395, -35
2396, -34
2397, -34
2398, 0
2399, -31
2400, -31
2401, -31
2402, 0
2403, -27
2404, -29
2405, -27
2406, -25
2407, -26
2408, -29
2409, -33
2410, -33
2411, -33
2412, -34
2413, -32
2414, -32
2415, -33
2416, -33
2417, -31
2418, 0
2419, 0
2420, -28
2421, -27
2422, -26
2423, -26
2424, -28
2425, -34
2426, -34
2427, -34
2428, -34
2429, -33
2430, -33
2431, -32
2432, -32
2433, 0
2434, -31
2435, 0
2436, -29
2437, -29
2438, -27
2439, -27
2440, 0
2441, 0
2442, -26
2443, -28
2444, -27
2445, -24
2446, -25
2447, -24
2448, -23
2449, -31
2450, -33
2451, -31
2452, -31
2453, 0
2454, -29
2455, -30
2456, 0
2457, -35
2458, -36
2459, -36
2460, -38
2461, -37
2462, -33
2463, -33
2464, -36
2465, -34
2466, -33
2467, -34
2468, -32
2469, -33
2470, 0
2471, -32
2472, -29
2473, -29
2474, -29
2475, -28
2476, -27
2477, -28
2478, -26
2479, -27
2480, -29
2481, -34
2482, -34
2483, -34
2484, -34
2485, -35
2486, -35
2487, -35
2488, -33
2489, -32
2490, -32
2491, -32
2492, -32
2493, -33
2494, 0
2495, 0
2496, -29
2497, -36
2498, -36
2499, -35
2500, -35
2501, -34
2502, -35
2503, -37
2504, -35
2505, -35
2506, -35
2507, -34
2508, -34
2509, -34
2510, -34
2511, -35
2512, -33
2513, -31
2514, -31
2515, -32
2516, -32
2517, 0
2518, -29
2519, -28
2520, 0
2521, -34
2522, -35
2523, -36
2524, -36
2525, -35
2526, -34
2527, -35
2528, -35
2529, -36
2530, -36
2531, -35
2532, -35
2533, -35
2534, -34
2535, 0
2536, -34
2537, -30
2538, 0
2539, 0
2540, -30
2541, -29
2542, -31
2543, -29
2544, -29
2545, -37
2546, 0
2547, -36
2548, -36
2549, -34
2550, -34
2551, -33
2552, -34
2553, -35
2554, -36
2555, -35
2556, -33
2557, 0
2558, -31
2559, -31
2560, 0
2561, -37
2562, 0
2563, -36
2564, -35
2565, -37
2566, -39
2567, -41
2568, -37
2569, -38
2570, -41
2571, -39
2572, -39
2573, 0
2574, -40
2575, -43
2576, -43
2577, -41
2578, -41
2579, -45
2580, -43
2581, -42
2582, 0
2583, 0
2584, 0
2585, 0
2586, 0
2587, 0
2588, 0
2589, -34
2590, -35
2591, -35
2592, -34
2593, -34
2594, -33
2595, -33
2596, 0
2597, -30
2598, -31
2599, -30
2600, -31
2601, -38
2602, -38
2603, -38
2604, -38
2605, -38
2606, -37
2607, -37
2608, -37
2609, 0
2610, -34
2611, 0
2612, -37
2613, -37
2614, -36
2615, 0
2616, -36
2617, -43
2618, -42
2619, -41
2620, -41
2621, -40
2622, -40
2623, -40
2624, -41
2625, -40
2626, -39
2627, -38
2628, -38
2629, -40
2630, -41
2631, -40
2632, -40
2633, -38
2634, -38
2635, -40
2636, -40
2637, 0
2638, -36
2639, -35
2640, -35
2641, -37
2642, -38
2643, -37
2644, -35
2645, -37
2646, -35
2647, -33
2648, -36
2649, -34
2650, -34
2651, -37
2652, -34
2653, -34
2654, -33
2655, -32
2656, 0
2657, -36
2658, -35
2659, -35
2660, -35
2661, -33
2662, -32
2663, -32
2664, -31
2665, -32
2666, -33
2667, -32
2668, -31
2669, -32
2670, -30
2671, -31
2672, -34
2673, -31
2674, -31
2675, -32
2676, -30
2677, -30
2678, -29
2679, -29
2680, -31
2681, -37
2682, -37
2683, -39
2684, -37
2685, -36
2686, -37
2687, -36
2688, -36
2689, -44
2690, -44
2691, -45
2692, -44
2693, -44
2694, 0
2695, -42
2696, -42
2697, -43
2698, -41
2699, -41
2700, -42
2701, -43
2702, -42
2703, -43
2704, -43
2705, -43
2706, -43
2707, -42
2708, -43
2709, -41
2710, -42
2711, -43
2712, -42
2713, -40
2714, -41
2715, -41
2716, -41
2717, -42
2718, -42
2719, -42
2720, -42
2721, -42
2722, -42
2723, -42
2724, -40
2725, -40
2726, -41
2727, -41
2728, 0
2729, -39
2730, -39
2731, -40
2732, -40
2733, -38
2734, -39
2735, 0
2736, -40
2737, -40
2738, -39
2739, -39
2740, -39
2741, -40
2742, -40
2743, -40
2744, -40
2745, -40
2746, -40
2747, -40
2748, -40
2749, -40
2750, -40
2751, -39
2752, -39
2753, -39
2754, -38
2755, -39
2756, -40
2757, -41
2758, -39
2759, -38
2760, -40
2761, -40
2762, -40
2763, -38
2764, -38
2765, -39
2766, -40
2767, -36
2768, -37
2769, -37
2770, -38
2771, -39
2772, -38
2773, -36
2774, -37
2775, -39
2776, -39
2777, -39
2778, -39
2779, -39
2780, -41
2781, -39
2782, -37
2783, -38
2784, -40
2785, -40
2786, -40
2787, -38
2788, -38
2789, -40
2790, -40
2791, -39
2792, -38
2793, -38
2794, -39
2795, -40
2796, -41
2797, -38
2798, -39
2799, -41
2800, -39
2801, -38
2802, -40
2803, -39
2804, -39
2805, -39
2806, -38
2807, -38
2808, -39
2809, -38
2810, -38
2811, -38
2812, -38
2813, 0
2814, -37
2815, -37
2816, -37
2817, -37
2818, -39
2819, -39
2820, -39
2821, -39
2822, -39
2823, -38
2824, -37
2825, -36
2826, -36
2827, -35
2828, -38
2829, -38
2830, -37
2831, -37
2832, 0
2833, -35
2834, 0
2835, -39
2836, -39
2837, -39
2838, -39
2839, -37
2840, -37
2841, -37
2842, -40
2843, -39
2844, -38
2845, -37
2846, -37
2847, -37
2848, -37
2849, -36
2850, 0
2851, -35
2852, -36
2853, -35
2854, -34
2855, -34
2856, -35
2857, 0
2858, -38
2859, -38
2860, -38
2861, -39
2862, -41
2863, -38
2864, -38
2865, -37
2866, -37
2867, -38
2868, -38
2869, -37
2870, -38
2871, -39
2872, -38
2873, -40
2874, -39
2875, -40
2876, -41
2877, -39
2878, -40
2879, -40
2880, -38
2881, -36
2882, -37
2883, -39
2884, -39
2885, -40
2886, -39
2887, -38
2888, -39
2889, -40
2890, -40
2891, -39
2892, -37
2893, -38
2894, -39
2895, -40
2896, -41
2897, -40
2898, -40
2899, -40
2900, -39
2901, -39
2902, -40
2903, -40
2904, 0
2905, -34
2906, -33
2907, 0
2908, -35
2909, -35
2910, -37
2911, -36
2912, -36
2913, -36
2914, -36
2915, -37
2916, -36
2917, -36
2918, 0
2919, -35
2920, -36
2921, -35
2922, 0
2923, 0
2924, -35
2925, 0
2926, -37
2927, -38
2928, -40
2929, -38
2930, -37
2931, -37
2932, -39
2933, -37
2934, -37
2935, -39
2936, -39
2937, -37
2938, -37
2939, -38
2940, -38
2941, -39
2942, -39
2943, -39
2944, -34
2945, -33
2946, -34
2947, -32
2948, -32
2949, -33
2950, -36
2951, -34
2952, -33
2953, -33
2954, -35
2955, -33
2956, -35
2957, -33
2958, -32
2959, -38
2960, -37
2961, -37
2962, -34
2963, -33
2964, -33
2965, -35
2966, -36
2967, -35
2968, -35
2969, -35
2970, -34
2971, -33
2972, -34
2973, 0
2974, -37
2975, -38
2976, -38
2977, -38
2978, -39
2979, -37
2980, -37
2981, -39
2982, -38
2983, -38
2984, -40
2985, -39
2986, -39
2987, -39
2988, -38
2989, -38
2990, -38
2991, -38
2992, -39
2993, -39
2994, -39
2995, -40
2996, -38
2997, 0
2998, -41
2999, -40
3000, -39
3001, -39
3002, -39
3003, -39
3004, -41
3005, -41
3006, -40
3007, -41
3008, -41
3009, -40
3010, 0
3011, 0
3012, -40
3013, -41
3014, -41
3015, -40
3016, -41
3017, -41
3018, 0
3019, -42
3020, -41
3021, -41
3022, -43
3023, -42
3024, -32
3025, -27
3026, -27
3027, -26
3028, -25
3029, -25
3030, -25
3031, -27
3032, -28
3033, -30
3034, -28
3035, -28
3036, -28
3037, -28
3038, -28
3039, -29
3040, -28
3041, -28
3042, -29
3043, -28
3044, -31
3045, -30
3046, -30
3047, -30
3048, 0
3049, -33
3050, -33
3051, -33
3052, -33
3053, -35
3054, -35
3055, -33
3056, -35
3057, -35
3058, -36
3059, -36
3060, -35
3061, -35
3062, -36
3063, -34
3064, -36
3065, -37
3066, -37
3067, -38
3068, -38
3069, -36
3070, -37
3071, -37
3072, -32
3073, -30
3074, -30
3075, -31
3076, -31
3077, -31
3078, -31
3079, 0
3080, -26
3081, 0
3082, -28
3083, 0
3084, -29
3085, 0
3086, 0
3087, -31
3088, -34
3089, -34
3090, -33
3091, -32
3092, -33
3093, -32
3094, -34
3095, -34
3096, -35
3097, -35
3098, -37
3099, -35
3100, 0
3101, 0
3102, -33
3103, 0
3104, -34
3105, -36
3106, -35
3107, -35
3108, -36
3109, 0
3110, -39
3111, -36
3112, -28
3113, -28
3114, -29
3115, -31
3116, -30
3117, -30
3118, 0
3119, -32
3120, -28
3121, -28
3122, -26
3123, -26
3124, -28
3125, -26
3126, -26
3127, -27
3128, -25
3129, 0
3130, -28
3131, -28
3132, -30
3133, -30
3134, -30
3135, -30
3136, -31
3137, -31
3138, -31
3139, -32
3140, -31
3141, -32
3142, -33
3143, -32
3144, 0
3145, 0
3146, -36
3147, -36
3148, -36
3149, -37
3150, -38
3151, -38
3152, -38
3153, -37
3154, -39
3155, -39
3156, -38
3157, -39
3158, -38
3159, -39
3160, -29
3161, -24
3162, -24
3163, 0
3164, 0
3165, 0
3166, -27
3167, -29
3168, -31
3169, -28
3170, 0
3171, -32
3172, -30
3173, -31
3174, -34
3175, -32
3176, -32
3177, -32
3178, -36
3179, 0
3180, -35
3181, -36
3182, -34
3183, 0
3184, -37
3185, -36
3186, -37
3187, -36
3188, -37
3189, -38
3190, -39
3191, -37
3192, -24
3193, -23
3194, -23
3195, -24
3196, -24
3197, -25
3198, -25
3199, -23
3200, 0
3201, -25
3202, 0
3203, 0
3204, 0
3205, 0
3206, 0
3207, 0
3208, 0
3209, 0
3210, 0
3211, 0
3212, 0
3213, 0
3214, -59
3215, -59
3216, 0
3217, 0
3218, 0
3219, 0
3220, 0
3221, 0
3222, 0
3223, 0
3224, 0
3225, 0
3226, 0
3227, 0
3228, 0
3229, 0
3230, 0
3231, 0
3232, 0
3233, 0
3234, 0
3235, 0
3236, 0
3237, 0
3238, 0
3239, 0
3240, 0
3241, 0
3242, 0
3243, 0
3244, 0
3245, 0
3246, 0
3247, 0
3248, 0
3249, 0
3250, 0
3251, 0
3252, 0
3253, 0
3254, 0
3255, 0
3256, 0
3257, 0
3258, 0
3259, 0
3260, 0
3261, 0
3262, 0
3263, 0
3264, 0
3265, 0
3266, 0
3267, 0
3268, 0
3269, 0
3270, 0
3271, 0
3272, 0
3273, 0
3274, 0
3275, 0
3276, 0
3277, 0
3278, 0
3279, 0
3280, 0
3281, 0
3282, 0
3283, 0
3284, 0
3285, 0
3286, 0
3287, 0
3288, 0
3289, 0
3290, -29
3291, 0
3292, -31
3293, -32
3294, -31
3295, -31
3296, -24
3297, -24
3298, -25
3299, -25
3300, -25
3301, -26
3302, -26
3303, 0
3304, -23
3305, 0
3306, -19
3307, 0
3308, -23
3309, -23
3310, -24
3311, -24
3312, -28
3313, -25
3314, -26
3315, -27
3316, -29
3317, -29
3318, -29
3319, -29
3320, -22
3321, -21
3322, -24
3323, -24
3324, -25
3325, 0
3326, -27
3327, -26
3328, -18
3329, -19
3330, -20
3331, -20
3332, 0
3333, -24
3334, -22
3335, -22
3336, -22
3337, -25
3338, -24
3339, -23
3340, -23
3341, -25
3342, 0
3343, -27
3344, 0
3345, -20
3346, -22
3347, -23
3348, -22
3349, -23
3350, -23
3351, -24
3352, -18
3353, -17
3354, -16
3355, 0
3356, 0
3357, -22
3358, -23
3359, -23
3360, -15
3361, -16
3362, -16
3363, 0
3364, -19
3365, -19
3366, -17
3367, 0
3368, -22
3369, -23
3370, -24
3371, -24
3372, -24
3373, -25
3374, -23
3375, -24
3376, -18
3377, -18
3378, -18
3379, 0
3380, -22
3381, -21
3382, -21
3383, -22
3384, -16
3385, -15
3386, -16
3387, -16
3388, -17
3389, -19
3390, -17
3391, -17
3392, -19
3393, -18
3394, 0
3395, -22
3396, -21
3397, -22
3398, -22
3399, -23
3400, -16
3401, -16
3402, -17
3403, -18
3404, -18
3405, 0
3406, 0
3407, -21
3408, -17
3409, -16
3410, -16
3411, -15
3412, -16
3413, -16
3414, -17
3415, -19
3416, -19
3417, -18
3418, 0
3419, -22
3420, -21
3421, -21
3422, -23
3423, -24
3424, -17
3425, -17
3426, -16
3427, -17
3428, 0
3429, 0
3430, -21
3431, -22
3432, -17
3433, -16
3434, -17
3435, -18
3436, -17
3437, -17
3438, -18
3439, 0
3440, -12
3441, 0
3442, -13
3443, -14
3444, -16
3445, -16
3446, -16
3447, -17
3448, -10
3449, -11
3450, 0
3451, -11
3452, 0
3453, -14
3454, -15
3455, -16
3456, -9
3457, -10
3458, 0
3459, -11
3460, -12
3461, 0
3462, -14
3463, -16
3464, -7
3465, -8
3466, -9
3467, -10
3468, -10
3469, 0
3470, 0
3471, -13
3472, -7
3473, -8
3474, -8
3475, -7
3476, -9
3477, 0
3478, 0
3479, -13
3480, -8
3481, -6
3482, -6
3483, 0
3484, -8
3485, -10
3486, -9
3487, -9
3488, 0
3489, 0
3490, -7
3491, -7
3492, -7
3493, -10
3494, -10
3495, 0
3496, 0
3497, -8
3498, -6
3499, -6
3500, -7
3501, -7
3502, -9
3503, -8
3504, -3
3505, 1
3506, -6
3507, -6
3508, -8
3509, -8
3510, -11
3511, 0
3512, -5
3513, 0
3514, -7
3515, -7
3516, -7
3517, -11
3518, -9
3519, 0
3520, 0
3521, 0
3522, 0
3523, 0
3524, -5
3525, -8
3526, 0
3527, -11
3528, 0
3529, 0
3530, -5
3531, 0
3532, -6
3533, -6
3534, 0
3535, -9
3536, 0
3537, -4
3538, -6
3539, 0
3540, -7
3541, -7
3542, 0
3543, 0
3544, 0
3545, -4
3546, -4
3547, 0
3548, 0
3549, 1
3550, -9
3551, -11
3552, 0
3553, 0
3554, 2
3555, 2
3556, 0
3557, -2
3558, -2
3559, 0
3560, -4
3561, 0
3562, -12
3563, -11
3564, -10
3565, -11
3566, 0
3567, 0
3568, 0
3569, -1
3570, -1
3571, 0
3572, 0
3573, -3
3574, 0
3575, -6
3576, 0
3577, -5
3578, 0
3579, 0
3580, 0
3581, 0
3582, 0
3583, 0
3584, 0
3585, -3
3586, 1
3587, -2
3588, 0
3589, -6
3590, -9
3591, -7
3592, -3
3593, 0
3594, -2
3595, -6
3596, -5
3597, -5
3598, 0
3599, -8
3600, 0
3601, 0
3602, 0
3603, 3
3604, 0
3605, 0
3606, 0
3607, 0
3608, 0
3609, 0
3610, 0
3611, 0
3612, -1
3613, -3
3614, -2
3615, -5
3616, 0
3617, -6
3618, 0
3619, 0
3620, -9
3621, -10
3622, -10
3623, -10
3624, -2
3625, -2
3626, 2
3627, 2
3628, 1
3629, 0
3630, -2
3631, -3
3632, 0
3633, -4
3634, 1
3635, 2
3636, 2
3637, 0
3638, -1
3639, 0
3640, 0
3641, 0
3642, 0
3643, -3
3644, -2
3645, 1
3646, 0
3647, -9
3648, -8
3649, -6
3650, -6
3651, 0
3652, -10
3653, -9
3654, -9
3655, 0
3656, 0
3657, 0
3658, 0
3659, 0
3660, 0
3661, 0
3662, 0
3663, 0
3664, 0
3665, 3
3666, 0
3667, 2
3668, 0
3669, 1
3670, 3
3671, 0
3672, 0
3673, 0
3674, 0
3675, 0
3676, -4
3677, -4
3678, -3
3679, 0
3680, 0
3681, 0
3682, 6
3683, 6
3684, 5
3685, 0
3686, 0
3687, 0
3688, 0
3689, 0
3690, 0
3691, -35
3692, -33
3693, 0
3694, 0
3695, 0
3696, 0
3697, 0
3698, 0
3699, 0
3700, 1
3701, 0
3702, 1
3703, 2
3704, 0
3705, 4
3706, 0
3707, 0
3708, 5
3709, 0
3710, 0
3711, 4
3712, 0
3713, 2
3714, 3
3715, 0
3716, 0
3717, 0
3718, -3
3719, 0
3720, 0
3721, 5
3722, 10
3723, 9
3724, 7
3725, 9
3726, 9
3727, 6
3728, 7
3729, 1
3730, 0
3731, 11
3732, 13
3733, 0
3734, 0
3735, 6
3736, 5
3737, 5
3738, 5
3739, 5
3740, 6
3741, 5
3742, 0
3743, 0
3744, 2
3745, 8
3746, 12
3747, 12
3748, 0
3749, 11
3750, 0
3751, 6
3752, 6
3753, 0
3754, 19
3755, 18
3756, 18
3757, 17
3758, 15
3759, 0
3760, 0
3761, 13
3762, 18
3763, 17
3764, 0
3765, 10
3766, 11
3767, 10
3768, 1
3769, 8
3770, 11
3771, 12
3772, 12
3773, 0
3774, 0
3775, 8
3776, 7
3777, 7
3778, 9
3779, 0
3780, 0
3781, 14
3782, 13
3783, 13
3784, 0
3785, 11
3786, 18
3787, 0
3788, 16
3789, 15
3790, 14
3791, 13
3792, 14
3793, 0
3794, 17
3795, 15
3796, 0
3797, 0
3798, 10
3799, 9
3800, 0
3801, 14
3802, 16
3803, 18
3804, 17
3805, 15
3806, 14
3807, 0
3808, 0
3809, 14
3810, 26
3811, 25
3812, 25
3813, 25
3814, 0
3815, 0
3816, 19
3817, 0
3818, 0
3819, 13
3820, 10
3821, 0
3822, 10
3823, 9
3824, 0
3825, 13
3826, 0
3827, 0
3828, 11
3829, 9
3830, 0
3831, 8
3832, 0
3833, 18
3834, 0
3835, 0
3836, 23
3837, 20
3838, 19
3839, 0
3840, 0
3841, 17
3842, 0
3843, 0
3844, 23
3845, 23
3846, 21
3847, 0
3848, 0
3849, 20
3850, 21
3851, 21
3852, 21
3853, 0
3854, 18
3855, 0
3856, 14
3857, 17
3858, 0
3859, 0
3860, 14
3861, 14
3862, 14
3863, 13
3864, 0
3865, 0
3866, 22
3867, 23
3868, 20
3869, 0
3870, 0
3871, 16
3872, 12
3873, 14
3874, 22
3875, 0
3876, 0
3877, 21
3878, 20
3879, 20
3880, 0
3881, 26
3882, 28
3883, 0
3884, 0
3885, 24
3886, 26
3887, 25
3888, 0
3889, 26
3890, 0
3891, 34
3892, 0
3893, 28
3894, 29
3895, 0
3896, 23
3897, 0
3898, 27
3899, 28
3900, 27
3901, 27
3902, 26
3903, 24
3904, 0
3905, 35
3906, 41
3907, 0
3908, 0
3909, 32
3910, 0
3911, 32
3912, 33
3913, 0
3914, 34
3915, 34
3916, 33
3917, 0
3918, 0
3919, 0
3920, 26
3921, 25
3922, 0
3923, 24
3924, 25
3925, 25
3926, 0
3927, 0
3928, 0
3929, 0
3930, 0
3931, 28
3932, 26
3933, 23
3934, 0
3935, 0
3936, 24
3937, 31
3938, 31
3939, 32
3940, 0
3941, 29
3942, 29
3943, 27
3944, 0
3945, 0
3946, 28
3947, 35
3948, 33
3949, 31
3950, 0
3951, 27
3952, 27
3953, 0
3954, 27
3955, 0
3956, 37
3957, 35
3958, 0
3959, 29
3960, 30
3961, 34
3962, 0
3963, 0
3964, 34
3965, 35
3966, 0
3967, 0
3968, 28
3969, 0
3970, 0
3971, 37
3972, 38
3973, 35
3974, 0
3975, 0
3976, 26
3977, 0
3978, 47
3979, 0
3980, 0
3981, 0
3982, 35
3983, 34
3984, 0
3985, 35
3986, 43
3987, 0
3988, 41
3989, 42
3990, 41
3991, 39
3992, 0
3993, 41
3994, 46
3995, 0
3996, 44
3997, 0
3998, 0
3999, 0
4000, 35
4001, 44
4002, 0
4003, 45
4004, 0
4005, 38
4006, 36
4007, 35
4008, 0
4009, 0
4010, 0
4011, 0
4012, 0
4013, 40
4014, 0
4015, 37
4016, 0
4017, 0
4018, 0
4019, 52
4020, 0
4021, 0
4022, 0
4023, 44
4024, 0
4025, 44
4026, 49
4027, 52
4028, 0
4029, 0
4030, 46
4031, 44
4032, 0
4033, 0
4034, 53
4035, 0
4036, 0
4037, 47
4038, 44
4039, 0
4040, 39
4041, 0
4042, 0
4043, 46
4044, 44
4045, 0
4046, 0
4047, 45
4048, 44
4049, 46
4050, 57
4051, 0
4052, 49
4053, 48
4054, 48
4055, 0
4056, 0
4057, 51
4058, 56
4059, 0
4060, 58
4061, 55
4062, 56
4063, 0
4064, 53
4065, 56
4066, 0
4067, 63
4068, 0
4069, 59
4070, 0
4071, 0
4072, 0
4073, 58
4074, 64
4075, 0
4076, 58
4077, 0
4078, 0
4079, 48
4080, 48
4081, 51
4082, 0
4083, 0
4084, 56
4085, 55
4086, 54
4087, 0
4088, 0
4089, 0
4090, 0
4091, 54
4092, 55
4093, 0
4094, 0
4095, 46
4096, 0
4097, 43
4098, 0
4099, 51
4100, 56
4101, 0
4102, 0
4103, 48
4104, 48
4105, 0
4106, 0
4107, 0
4108, 61
4109, 61
4110, 58
4111, 0
4112, 0
4113, 0
4114, 73
4115, 72
4116, 0
4117, 0
4118, 62
4119, 63
4120, 0
4121, 61
4122, 72
4123, 0
4124, 0
4125, 64
4126, 0
4127, 57
4128, 0
4129, 0
4130, 61
4131, 0
4132, 65
4133, 64
4134, 0
4135, 0
4136, 0
4137, 0
4138, 73
4139, 71
4140, 0
4141, 0
4142, 64
4143, 62
4144, 0
4145, 63
4146, 0
4147, 0
4148, 69
4149, 0
4150, 63
4151, 64
4152, 0
4153, 0
4154, 0
4155, 0
4156, 0
4157, 64
4158, 62
4159, 0
4160, 0
4161, 0
4162, 0
4163, 0
4164, 0
4165, 62
4166, 61
4167, 0
4168, 0
4169, 0
4170, 75
4171, 0
4172, 0
4173, 66
4174, 0
4175, 64
4176, 64
4177, 0
4178, 73
4179, 77
4180, 0
4181, 0
4182, 72
4183, 70
4184, 0
4185, 65
4186, 0
4187, 76
4188, 76
4189, 0
4190, 0
4191, 0
4192, 0
4193, 0
4194, 0
4195, 0
4196, 0
4197, 0
4198, 0
4199, 0
4200, 0
4201, 0
4202, 0
4203, 0
4204, 0
4205, 0
4206, 0
4207, 0
4208, 0
4209, 0
4210, 0
4211, 0
4212, 0
4213, 0
4214, 0
4215, 0
4216, 0
4217, 0
4218, 0
4219, 0
4220, 0
4221, 0
4222, 0
4223, 0
4224, 0
4225, 0
4226, 0
4227, 0
4228, 0
4229, 0
4230, 0
4231, 0
4232, 0
4233, 0
4234, 0
4235, 0
4236, 0
4237, 0
4238, 0
4239, 0
4240, 0
4241, 0
4242, 0
4243, 0
4244, 0
4245, 0
4246, 0
4247, 0
4248, 0
4249, 0
4250, 0
4251, 0
4252, 0
4253, 0
4254, 0
4255, 0
4256, 0
4257, 0
4258, 0
4259, 0
4260, 0
4261, 0
4262, 0
4263, 0
4264, 0
4265, 0
4266, 0
4267, 0
4268, 0
4269, 0
4270, 0
4271, 0
4272, 0
4273, 0
4274, 0
4275, 0
4276, 0
4277, 0
4278, 0
4279, 0
4280, 0
4281, 0
4282, 0
4283, 0
4284, 0
4285, 0
4286, 0
4287, 0
4288, 0
4289, 0
4290, 0
4291, 0
4292, 0
4293, 0
4294, 0
4295, 0
4296, 0
4297, 0
4298, 0
4299, 0
4300, 0
4301, 0
4302, 0
4303, 0
4304, 0
4305, 0
4306, 0
4307, 0
4308, 0
4309, 0
4310, 0
4311, 0
4312, 0
4313, 0
4314, 0
4315, 0
4316, 0
4317, 0
4318, 0
4319, 0
4320, 0
4321, 0
4322, 0
4323, 0
4324, 0
4325, 0
4326, 0
4327, 0
4328, 0
4329, 0
4330, 0
4331, 0
4332, 0
4333, 0
4334, 0
4335, 0
4336, 0
4337, 0
4338, 115
4339, 0
4340, 0
4341, 0
4342, 0
4343, 0
4344, 0
4345, 0
4346, 0
4347, 0
4348, 0
4349, 124
4350, 0
4351, 0
4352, 0
4353, 0
4354, 0
4355, 0
4356, 0
4357, 119
4358, 0
4359, 0
4360, 0
4361, 0
4362, 0
4363, 0
4364, 0
4365, 0
4366, 0
4367, 0
4368, 0
4369, 0
4370, 0
4371, 0
4372, 0
4373, 127
4374, 128
4375, 0
4376, 0
4377, 0
4378, 0
4379, 128
4380, 127
4381, 124
4382, 0
4383, 0
4384, 0
4385, 0
4386, 0
4387, 0
4388, 138
4389, 0
4390, 0
4391, 0
4392, 0
4393, 0
4394, 142
4395, 0
4396, 0
4397, 0
4398, 139
4399, 0
4400, 0
4401, 0
4402, 0
4403, 0
4404, 0
4405, 0
4406, 0
4407, 0
4408, 0
4409, 0
4410, 0
4411, 0
4412, 0
4413, 0
4414, 0
4415, 0
4416, 0
4417, 0
4418, 0
4419, 0
4420, 0
4421, 0
4422, 0
4423, 0
4424, 0
4425, 0
4426, 0
4427, 0
4428, 0
4429, 0
4430, 0
4431, 0
4432, 0
4433, 0
4434, 0
4435, 0
4436, 0
4437, 0
4438, 0
4439, 0
4440, 0
4441, 0
4442, 0
4443, 0
4444, 0
4445, 0
4446, 0
4447, 0
4448, 0
4449, 0
4450, 0
4451, 0
4452, 0
4453, 0
4454, 0
4455, 0
4456, 0
4457, 0
4458, 0
4459, 0
4460, 0
4461, 0
4462, 0
4463, 0
4464, 0
4465, 0
4466, 0
4467, 0
4468, 0
4469, 0
4470, 0
4471, 0
4472, 0
4473, 0
4474, 0
4475, 0
4476, 0
4477, 0
4478, 0
4479, 0
4480, 0
4481, 0
4482, 0
4483, 0
4484, 0
4485, 0
4486, 0
4487, 0
4488, 0
4489, 0
4490, 0
4491, 0
4492, 0
4493, 0
4494, 0
4495, 0
4496, 0
4497, 0
4498, 0
4499, 0
4500, 0
4501, 0
4502, 0
4503, 0
4504, 0
4505, 0
4506, 255
4507, 0
4508, 0
4509, 0
4510, 0
4511, 0
4512, 0
4513, 0
4514, 0
4515, 0
4516, 0
4517, 0
4518, 0
4519, 0
4520, 0
4521, 0
4522, 0
4523, 0
4524, 0
4525, 0
4526, 0
4527, 0
4528, 0
4529, 0
4530, 0
4531, 0
