0, 0
1, 0
2, 0
3, 0
4, 0
5, 0
6, 0
7, 0
8, 0
9, 0
10, 0
11, 0
12, 0
13, 0
14, 0
15, 0
16, 0
17, 0
18, 0
19, 0
20, 0
21, 0
22, 0
23, 0
24, 0
25, 0
26, 0
27, 0
28, 0
29, 0
30, 0
31, 0
32, 0
33, 0
34, 0
35, 0
36, 0
37, 0
38, 0
39, 0
40, 0
41, 0
42, 0
43, 0
44, 0
45, 0
46, 0
47, 0
48, 0
49, 0
50, 0
51, 0
52, 0
53, 0
54, 0
55, 0
56, 0
57, 0
58, 0
59, 0
60, 0
61, 0
62, 0
63, 0
64, 0
65, 0
66, 0
67, 0
68, 0
69, 0
70, 0
71, 0
72, 0
73, 0
74, 0
75, 0
76, 0
77, 0
78, 0
79, 0
80, 0
81, 0
82, 0
83, 0
84, 0
85, 0
86, 0
87, 0
88, 0
89, 0
90, 0
91, 0
92, 0
93, 0
94, 0
95, 0
96, 0
97, 0
98, 0
99, 0
100, 0
101, 0
102, 0
103, 0
104, 0
105, 0
106, 0
107, 0
108, 0
109, 0
110, 0
111, 0
112, 0
113, 0
114, 0
115, 0
116, 0
117, 0
118, 0
119, 0
120, 0
121, 0
122, 0
123, 0
124, 0
125, 0
126, 0
127, 0
128, 0
129, 0
130, 0
131, 0
132, 0
133, 0
134, 0
135, 0
136, 0
137, 0
138, 0
139, 0
140, 0
141, 0
142, 0
143, 0
144, 0
145, 0
146, 0
147, 0
148, 0
149, 0
150, 0
151, 0
152, 0
153, 0
154, 0
155, 0
156, 0
157, 0
158, 0
159, 0
160, 0
161, 0
162, 0
163, 0
164, 0
165, 0
166, 0
167, 0
168, 0
169, 0
170, 0
171, 0
172, 0
173, 0
174, 0
175, 0
176, 0
177, 0
178, 0
179, 0
180, 0
181, 0
182, 0
183, 0
184, 0
185, 0
186, 0
187, 0
188, 0
189, 0
190, 0
191, 0
192, 0
193, 0
194, 0
195, 0
196, 0
197, 0
198, 0
199, 0
200, 0
201, 0
202, 0
203, 0
204, 0
205, 0
206, 0
207, 0
208, 0
209, 0
210, 0
211, 0
212, 0
213, 0
214, 0
215, 0
216, 0
217, 0
218, 0
219, 0
220, 0
221, 0
222, 0
223, 0
224, 0
225, 0
226, 0
227, 0
228, 0
229, 0
230, 0
231, 0
232, 0
233, 0
234, 0
235, 0
236, 0
237, 0
238, 0
239, 0
240, 0
241, 0
242, 0
243, 0
244, 0
245, 0
246, 0
247, 0
248, 0
249, 0
250, 0
251, 0
252, 0
253, 0
254, 0
255, 0
256, 0
257, 0
258, 0
259, 0
260, 0
261, 0
262, 0
263, 0
264, 0
265, 0
266, 0
267, 0
268, 0
269, 0
270, 0
271, 0
272, 0
273, 0
274, 0
275, 0
276, 0
277, 0
278, 0
279, 0
280, 0
281, 0
282, 0
283, 0
284, 0
285, 0
286, 0
287, 0
288, 0
289, 0
290, 0
291, 0
292, 0
293, 0
294, 0
295, 0
296, 0
297, 0
298, 0
299, 0
300, 0
301, 0
302, 0
303, 0
304, 0
305, 0
306, 0
307, 0
308, 0
309, 0
310, 0
311, 0
312, 0
313, 0
314, 0
315, 0
316, 0
317, 0
318, 0
319, 0
320, 0
321, 0
322, 0
323, 0
324, 0
325, 0
326, 0
327, 0
328, 0
329, 0
330, 0
331, 0
332, 0
333, 0
334, 0
335, 0
336, 0
337, 0
338, 0
339, 0
340, 0
341, 0
342, 0
343, 0
344, 0
345, 0
346, 0
347, 0
348, 0
349, 0
350, 0
351, 0
352, 0
353, 0
354, 0
355, 0
356, 0
357, 0
358, 0
359, 0
360, 0
361, 0
362, 0
363, 0
364, 0
365, 0
366, 0
367, 0
368, 0
369, 0
370, 0
371, 0
372, 0
373, 0
374, 0
375, 0
376, 0
377, 0
378, 0
379, 0
380, 0
381, 0
382, 0
383, 0
384, 0
385, 0
386, 0
387, 0
388, 0
389, 0
390, 0
391, 0
392, 0
393, 0
394, 0
395, 0
396, 0
397, 0
398, 0
399, 0
400, 0
401, 0
402, 0
403, 0
404, 0
405, 0
406, 0
407, 0
408, 0
409, 0
410, 0
411, 0
412, 0
413, 0
414, 0
415, 0
416, 0
417, 0
418, 0
419, 0
420, 0
421, 0
422, 0
423, 0
424, 0
425, 0
426, 0
427, 0
428, 0
429, 0
430, 0
431, 0
432, 0
433, 0
434, 0
435, 0
436, 0
437, 0
438, 0
439, 0
440, 0
441, 0
442, 0
443, 0
444, 0
445, 0
446, 0
447, 0
448, 0
449, 0
450, 0
451, 0
452, 0
453, 0
454, 0
455, 0
456, 0
457, 0
458, 0
459, 0
460, 0
461, 0
462, 0
463, 0
464, 0
465, 0
466, 0
467, 0
468, 0
469, 0
470, 0
471, 0
472, 0
473, 0
474, 0
475, 0
476, 0
477, 0
478, 0
479, 0
480, 0
481, 0
482, 0
483, 0
484, 0
485, 0
486, 0
487, 0
488, 0
489, 0
490, 0
491, 0
492, 0
493, 0
494, 0
495, 0
496, 0
497, 0
498, 0
499, 0
500, 0
501, 0
502, 0
503, 0
504, 0
505, 0
506, 0
507, 0
508, 0
509, 0
510, 0
511, 0
512, 0
513, 0
514, 0
515, 0
516, 0
517, 0
518, 0
519, 0
520, 0
521, 0
522, 0
523, 0
524, 0
525, 0
526, 0
527, 0
528, 0
529, 0
530, 0
531, 0
532, 0
533, 0
534, 0
535, 0
536, 0
537, 0
538, 0
539, 0
540, 0
541, 0
542, 0
543, 0
544, 0
545, 0
546, 0
547, 0
548, 0
549, 0
550, 0
551, 0
552, 0
553, 0
554, 0
555, 0
556, 0
557, 0
558, 0
559, 0
560, 0
561, 0
562, 0
563, 0
564, 0
565, 0
566, 0
567, 0
568, 0
569, 0
570, 0
571, 0
572, 0
573, 0
574, 0
575, 0
576, 0
577, 0
578, 0
579, 0
580, 0
581, 0
582, 0
583, 0
584, 0
585, 0
586, 0
587, 0
588, 0
589, 0
590, 0
591, 0
592, 0
593, 0
594, 0
595, 0
596, 0
597, 0
598, 0
599, 0
600, 0
601, 0
602, 0
603, 0
604, 0
605, 0
606, 0
607, 0
608, 0
609, 0
610, 0
611, 0
612, 0
613, 0
614, 0
615, 0
616, 0
617, 0
618, 0
619, 0
620, 0
621, 0
622, 0
623, 0
624, 0
625, 0
626, 0
627, 0
628, 0
629, 0
630, 0
631, 0
632, 0
633, 0
634, 0
635, 0
636, 0
637, 0
638, 0
639, 0
640, 0
641, 0
642, 0
643, 0
644, 0
645, 0
646, 0
647, 0
648, 0
649, 0
650, 0
651, 0
652, 0
653, 0
654, 0
655, 0
656, 0
657, 0
658, 0
659, 0
660, 0
661, 0
662, 0
663, 0
664, 0
665, 0
666, 0
667, 0
668, 0
669, 0
670, 0
671, 0
672, 0
673, 0
674, 0
675, 0
676, 0
677, 0
678, 0
679, 0
680, 0
681, 0
682, 0
683, 0
684, 0
685, 0
686, 0
687, 0
688, 0
689, 0
690, 0
691, 0
692, 0
693, 0
694, 0
695, 0
696, 0
697, 0
698, 0
699, 0
700, 0
701, 0
702, 0
703, 0
704, 0
705, 0
706, 0
707, 0
708, 0
709, 0
710, 0
711, 0
712, 0
713, 0
714, 0
715, 0
716, 0
717, 0
718, 0
719, 0
720, 0
721, 0
722, 0
723, 0
724, 0
725, 0
726, 0
727, 0
728, 0
729, 0
730, 0
731, 0
732, 0
733, 0
734, 0
735, 0
736, 0
737, 0
738, 0
739, 0
740, 0
741, 0
742, 0
743, 0
744, 0
745, 0
746, 0
747, 0
748, 0
749, 0
750, 0
751, 0
752, 0
753, 0
754, 0
755, 0
756, 0
757, 0
758, 0
759, 0
760, 0
761, 0
762, 0
763, 0
764, 0
765, 0
766, 0
767, 0
768, 0
769, 0
770, 0
771, 0
772, 0
773, 0
774, 0
775, 0
776, 0
777, 0
778, 0
779, 0
780, 0
781, 0
782, 0
783, 0
784, 0
785, 0
786, 0
787, 0
788, 0
789, 0
790, 0
791, 0
792, 0
793, 0
794, 0
795, 0
796, 0
797, 0
798, 0
799, 0
800, 0
801, 0
802, 0
803, 0
804, 0
805, 0
806, 0
807, 0
808, 0
809, 0
810, 0
811, 0
812, 0
813, 0
814, 0
815, 0
816, 0
817, 0
818, 0
819, 0
820, 0
821, 0
822, 0
823, 0
824, 0
825, 0
826, 0
827, 0
828, 0
829, 0
830, 0
831, 0
832, 0
833, 0
834, 0
835, 0
836, 0
837, 0
838, 0
839, 0
840, 0
841, 0
842, 0
843, 0
844, 0
845, 0
846, 0
847, 0
848, 0
849, 0
850, 0
851, 0
852, 0
853, 0
854, 0
855, 0
856, 0
857, 0
858, 0
859, 0
860, 0
861, 0
862, 0
863, 0
864, 0
865, 0
866, 0
867, 0
868, 0
869, 0
870, 0
871, 0
872, 0
873, 0
874, 0
875, 0
876, 0
877, 0
878, 0
879, 0
880, 0
881, 0
882, 0
883, 0
884, 0
885, 0
886, 0
887, 0
888, 0
889, 0
890, 0
891, 0
892, 0
893, 0
894, 0
895, 0
896, 0
897, 0
898, 0
899, 0
900, 0
901, 0
902, 0
903, 0
904, 0
905, 0
906, 0
907, 0
908, 0
909, 0
910, 0
911, 0
912, 0
913, 0
914, 0
915, 0
916, 0
917, 0
918, 0
919, 0
920, 0
921, 0
922, 0
923, 0
924, 0
925, 0
926, 0
927, 0
928, 0
929, 0
930, 0
931, 0
932, 0
933, 0
934, 0
935, 0
936, 0
937, 0
938, 0
939, 0
940, 0
941, 0
942, 0
943, 0
944, 0
945, 0
946, 0
947, 0
948, 0
949, 0
950, 0
951, 0
952, 0
953, 0
954, 0
955, 0
956, 0
957, 0
958, 0
959, 0
960, 0
961, 0
962, 0
963, 0
964, 0
965, 0
966, 0
967, 0
968, 0
969, 0
970, 0
971, 0
972, 0
973, 0
974, 0
975, 0
976, 0
977, 0
978, 0
979, 0
980, 0
981, 0
982, 0
983, 0
984, 0
985, 0
986, 0
987, 0
988, 0
989, 0
990, 0
991, 0
992, 0
993, 0
994, 0
995, 0
996, 0
997, 0
998, 0
999, 0
1000, 0
1001, 0
1002, 0
1003, 0
1004, 0
1005, 0
1006, 0
1007, 0
1008, 0
1009, 0
1010, 0
1011, 0
1012, 0
1013, 0
1014, 0
1015, 0
1016, 0
1017, 0
1018, 0
1019, 0
1020, 0
1021, 0
1022, 0
1023, 0
1024, 0
1025, 0
1026, 0
1027, 0
1028, 0
1029, 0
1030, 0
1031, 0
1032, 0
1033, 0
1034, 0
1035, 0
1036, 0
1037, 0
1038, 0
1039, 0
1040, 0
1041, 0
1042, 0
1043, 0
1044, 0
1045, 0
1046, 0
1047, 0
1048, 0
1049, 0
1050, 0
1051, 0
1052, 0
1053, 0
1054, 0
1055, 0
1056, 0
1057, 0
1058, 0
1059, 0
1060, 0
1061, 0
1062, 0
1063, 0
1064, 0
1065, 0
1066, 0
1067, 0
1068, 0
1069, 0
1070, 0
1071, 0
1072, 0
1073, 0
1074, 0
1075, 0
1076, 0
1077, 0
1078, 0
1079, 0
1080, 0
1081, 0
1082, 0
1083, 0
1084, 0
1085, 0
1086, 0
1087, 0
1088, 0
1089, 0
1090, 0
1091, 0
1092, 0
1093, 0
1094, 0
1095, 0
1096, 0
1097, 0
1098, 0
1099, 0
1100, 0
1101, 0
1102, 0
1103, 0
1104, 0
1105, 0
1106, 0
1107, 0
1108, 0
1109, 0
1110, 0
1111, 0
1112, 0
1113, 0
1114, 0
1115, 0
1116, 0
1117, 0
1118, 0
1119, 0
1120, 0
1121, 0
1122, 0
1123, 343
1124, 344
1125, 0
1126, 0
1127, 0
1128, 0
1129, 0
1130, 0
1131, 0
1132, 0
1133, 0
1134, 0
1135, 0
1136, 0
1137, 0
1138, 0
1139, 0
1140, 0
1141, 0
1142, 0
1143, 0
1144, 0
1145, 0
1146, 271
1147, 0
1148, 0
1149, 0
1150, 0
1151, 0
1152, 0
1153, 0
1154, 0
1155, 0
1156, 0
1157, 0
1158, 0
1159, 294
1160, 0
1161, 0
1162, 0
1163, 0
1164, 0
1165, 0
1166, 0
1167, 0
1168, 0
1169, 0
1170, 0
1171, 0
1172, 0
1173, 0
1174, 0
1175, 0
1176, 0
1177, 0
1178, 0
1179, 0
1180, 0
1181, 0
1182, 0
1183, 0
1184, 0
1185, 0
1186, 0
1187, 0
1188, 0
1189, 229
1190, 0
1191, 0
1192, 0
1193, 0
1194, 0
1195, 0
1196, 0
1197, 0
1198, 0
1199, 0
1200, 0
1201, 220
1202, 0
1203, 0
1204, 0
1205, 0
1206, 238
1207, 0
1208, 0
1209, 0
1210, 0
1211, 0
1212, 0
1213, 229
1214, 0
1215, 0
1216, 0
1217, 0
1218, 0
1219, 0
1220, 0
1221, 0
1222, 0
1223, 0
1224, 0
1225, 207
1226, 0
1227, 0
1228, 0
1229, 0
1230, 0
1231, 0
1232, 0
1233, 0
1234, 0
1235, 0
1236, 0
1237, 203
1238, 0
1239, 0
1240, 0
1241, 179
1242, 0
1243, 0
1244, 0
1245, 0
1246, 0
1247, 0
1248, 0
1249, 0
1250, 169
1251, 0
1252, 173
1253, 0
1254, 179
1255, 0
1256, 0
1257, 163
1258, 0
1259, 158
1260, 0
1261, 0
1262, 0
1263, 0
1264, 0
1265, 0
1266, 0
1267, 155
1268, 0
1269, 161
1270, 0
1271, 0
1272, 0
1273, 0
1274, 152
1275, 0
1276, 0
1277, 0
1278, 0
1279, 0
1280, 0
1281, 0
1282, 160
1283, 0
1284, 163
1285, 0
1286, 0
1287, 0
1288, 0
1289, 0
1290, 0
1291, 151
1292, 153
1293, 0
1294, 0
1295, 0
1296, 170
1297, 0
1298, 0
1299, 0
1300, 0
1301, 0
1302, 0
1303, 0
1304, 0
1305, 0
1306, 0
1307, 0
1308, 0
1309, 0
1310, 0
1311, 0
1312, 0
1313, 0
1314, 159
1315, 157
1316, 0
1317, 0
1318, 0
1319, 171
1320, 0
1321, 0
1322, 148
1323, 0
1324, 0
1325, 0
1326, 161
1327, 162
1328, 0
1329, 0
1330, 0
1331, 0
1332, 0
1333, 134
1334, 0
1335, 0
1336, 0
1337, 0
1338, 0
1339, 0
1340, 0
1341, 129
1342, 0
1343, 0
1344, 0
1345, 127
1346, 127
1347, 0
1348, 0
1349, 0
1350, 138
1351, 139
1352, 0
1353, 133
1354, 0
1355, 0
1356, 129
1357, 129
1358, 0
1359, 0
1360, 128
1361, 0
1362, 0
1363, 0
1364, 0
1365, 0
1366, 0
1367, 132
1368, 0
1369, 0
1370, 124
1371, 0
1372, 125
1373, 0
1374, 0
1375, 133
1376, 0
1377, 121
1378, 0
1379, 124
1380, 0
1381, 0
1382, 0
1383, 0
1384, 0
1385, 0
1386, 122
1387, 0
1388, 0
1389, 0
1390, 131
1391, 0
1392, 0
1393, 118
1394, 0
1395, 0
1396, 0
1397, 126
1398, 129
1399, 0
1400, 0
1401, 0
1402, 0
1403, 0
1404, 0
1405, 0
1406, 0
1407, 126
1408, 0
1409, 0
1410, 113
1411, 113
1412, 0
1413, 0
1414, 0
1415, 0
1416, 129
1417, 119
1418, 0
1419, 123
1420, 0
1421, 129
1422, 133
1423, 134
1424, 0
1425, 0
1426, 0
1427, 0
1428, 0
1429, 117
1430, 0
1431, 0
1432, 0
1433, 0
1434, 118
1435, 0
1436, 0
1437, 123
1438, 0
1439, 0
1440, 131
1441, 0
1442, 0
1443, 0
1444, 109
1445, 0
1446, 0
1447, 0
1448, 0
1449, 106
1450, 0
1451, 0
1452, 114
1453, 114
1454, 0
1455, 0
1456, 108
1457, 0
1458, 0
1459, 96
1460, 97
1461, 0
1462, 0
1463, 105
1464, 108
1465, 0
1466, 0
1467, 0
1468, 0
1469, 107
1470, 0
1471, 0
1472, 109
1473, 94
1474, 0
1475, 0
1476, 98
1477, 98
1478, 0
1479, 0
1480, 108
1481, 0
1482, 0
1483, 0
1484, 0
1485, 0
1486, 107
1487, 108
1488, 0
1489, 94
1490, 92
1491, 0
1492, 95
1493, 0
1494, 100
1495, 99
1496, 0
1497, 0
1498, 0
1499, 89
1500, 0
1501, 0
1502, 92
1503, 0
1504, 0
1505, 0
1506, 80
1507, 80
1508, 0
1509, 0
1510, 87
1511, 0
1512, 0
1513, 89
1514, 0
1515, 83
1516, 0
1517, 86
1518, 90
1519, 0
1520, 0
1521, 89
1522, 78
1523, 0
1524, 0
1525, 86
1526, 88
1527, 0
1528, 0
1529, 0
1530, 83
1531, 83
1532, 0
1533, 0
1534, 89
1535, 91
1536, 0
1537, 88
1538, 0
1539, 0
1540, 0
1541, 88
1542, 91
1543, 93
1544, 0
1545, 78
1546, 0
1547, 0
1548, 77
1549, 81
1550, 83
1551, 0
1552, 0
1553, 0
1554, 0
1555, 77
1556, 0
1557, 0
1558, 85
1559, 0
1560, 88
1561, 84
1562, 0
1563, 0
1564, 0
1565, 84
1566, 85
1567, 0
1568, 90
1569, 75
1570, 0
1571, 0
1572, 75
1573, 75
1574, 0
1575, 0
1576, 82
1577, 0
1578, 70
1579, 69
1580, 0
1581, 72
1582, 0
1583, 0
1584, 82
1585, 70
1586, 0
1587, 70
1588, 0
1589, 0
1590, 77
1591, 0
1592, 81
1593, 69
1594, 0
1595, 71
1596, 70
1597, 0
1598, 73
1599, 0
1600, 81
1601, 0
1602, 60
1603, 0
1604, 0
1605, 67
1606, 68
1607, 0
1608, 73
1609, 67
1610, 0
1611, 0
1612, 64
1613, 66
1614, 0
1615, 69
1616, 0
1617, 63
1618, 57
1619, 0
1620, 61
1621, 61
1622, 0
1623, 68
1624, 0
1625, 60
1626, 0
1627, 60
1628, 60
1629, 62
1630, 0
1631, 67
1632, 68
1633, 0
1634, 0
1635, 55
1636, 59
1637, 0
1638, 0
1639, 66
1640, 67
1641, 63
1642, 0
1643, 0
1644, 60
1645, 59
1646, 60
1647, 0
1648, 63
1649, 65
1650, 56
1651, 54
1652, 0
1653, 59
1654, 0
1655, 0
1656, 63
1657, 54
1658, 50
1659, 0
1660, 55
1661, 0
1662, 59
1663, 60
1664, 0
1665, 0
1666, 49
1667, 49
1668, 51
1669, 51
1670, 0
1671, 57
1672, 48
1673, 43
1674, 0
1675, 47
1676, 49
1677, 47
1678, 0
1679, 53
1680, 53
1681, 51
1682, 0
1683, 0
1684, 47
1685, 0
1686, 51
1687, 52
1688, 0
1689, 47
1690, 0
1691, 43
1692, 0
1693, 45
1694, 0
1695, 48
1696, 45
1697, 0
1698, 39
1699, 0
1700, 42
1701, 42
1702, 41
1703, 0
1704, 48
1705, 47
1706, 0
1707, 38
1708, 0
1709, 41
1710, 0
1711, 46
1712, 43
1713, 42
1714, 0
1715, 36
1716, 0
1717, 40
1718, 39
1719, 0
1720, 0
1721, 43
1722, 34
1723, 32
1724, 0
1725, 0
1726, 37
1727, 37
1728, 37
1729, 0
1730, 30
1731, 28
1732, 0
1733, 32
1734, 0
1735, 0
1736, 37
1737, 29
1738, 29
1739, 0
1740, 34
1741, 36
1742, 37
1743, 39
1744, 40
1745, 0
1746, 30
1747, 29
1748, 0
1749, 34
1750, 0
1751, 37
1752, 37
1753, 32
1754, 32
1755, 32
1756, 0
1757, 0
1758, 40
1759, 39
1760, 34
1761, 34
1762, 0
1763, 29
1764, 29
1765, 0
1766, 33
1767, 33
1768, 0
1769, 27
1770, 26
1771, 26
1772, 27
1773, 27
1774, 0
1775, 0
1776, 0
1777, 24
1778, 23
1779, 0
1780, 23
1781, 24
1782, 0
1783, 29
1784, 29
1785, 0
1786, 26
1787, 27
1788, 0
1789, 28
1790, 0
1791, 33
1792, 30
1793, 0
1794, 29
1795, 0
1796, 32
1797, 31
1798, 32
1799, 0
1800, 38
1801, 31
1802, 26
1803, 25
1804, 25
1805, 0
1806, 0
1807, 33
1808, 33
1809, 0
1810, 26
1811, 24
1812, 24
1813, 26
1814, 26
1815, 0
1816, 0
1817, 26
1818, 0
1819, 20
1820, 0
1821, 24
1822, 25
1823, 21
1824, 17
1825, 0
1826, 16
1827, 0
1828, 17
1829, 18
1830, 19
1831, 0
1832, 0
1833, 16
1834, 0
1835, 10
1836, 12
1837, 13
1838, 0
1839, 16
1840, 17
1841, 19
1842, 19
1843, 0
1844, 0
1845, 23
1846, 25
1847, 24
1848, 20
1849, 0
1850, 0
1851, 0
1852, 16
1853, 19
1854, 18
1855, 0
1856, 20
1857, 21
1858, 0
1859, 0
1860, 11
1861, 13
1862, 13
1863, 14
1864, 15
1865, 1
1866, 10
1867, 12
1868, 13
1869, 14
1870, 0
1871, 15
1872, 16
1873, 0
1874, 0
1875, 14
1876, 17
1877, 0
1878, 0
1879, 0
1880, 21
1881, 14
1882, 0
1883, 8
1884, 9
1885, 0
1886, 13
1887, 12
1888, 0
1889, 0
1890, 0
1891, 10
1892, 0
1893, 10
1894, 12
1895, 0
1896, 17
1897, 17
1898, 0
1899, 9
1900, 10
1901, 0
1902, 13
1903, 15
1904, 0
1905, 1
1906, 10
1907, 0
1908, 8
1909, 8
1910, 0
1911, 12
1912, 12
1913, 4
1914, 2
1915, 7
1916, 7
1917, 0
1918, 0
1919, 11
1920, 12
1921, 13
1922, 0
1923, -1
1924, 0
1925, 3
1926, 3
1927, 2
1928, 6
1929, 6
1930, 0
1931, 2
1932, 3
1933, 4
1934, 5
1935, 3
1936, 3
1937, 0
1938, 4
1939, 4
1940, 4
1941, 6
1942, 5
1943, 4
1944, 0
1945, 0
1946, 0
1947, 5
1948, 5
1949, 5
1950, 7
1951, 7
1952, 0
1953, 6
1954, 6
1955, 6
1956, 8
1957, 7
1958, 7
1959, 0
1960, 0
1961, 3
1962, 2
1963, -4
1964, -3
1965, 0
1966, -1
1967, 0
1968, 5
1969, 5
1970, 4
1971, -2
1972, -2
1973, 0
1974, 0
1975, 4
1976, 4
1977, -1
1978, -1
1979, -2
1980, -1
1981, 0
1982, 0
1983, 5
1984, 6
1985, 0
1986, 0
1987, -7
1988, 0
1989, -4
1990, -3
1991, -3
1992, -2
1993, 0
1994, 0
1995, 0
1996, 2
1997, 4
1998, 5
1999, 6
2000, 6
2001, 3
2002, 1
2003, -7
2004, -6
2005, -6
2006, 0
2007, -3
2008, -3
2009, -5
2010, 0
2011, -6
2012, 0
2013, 0
2014, -3
2015, -1
2016, 1
2017, -1
2018, 0
2019, -3
2020, 0
2021, -1
2022, 0
2023, 0
2024, 0
2025, 2
2026, 1
2027, 0
2028, 0
2029, 0
2030, -9
2031, 0
2032, 0
2033, -6
2034, -7
2035, -4
2036, -2
2037, 0
2038, -1
2039, 0
2040, 1
2041, -4
2042, 1
2043, -12
2044, 0
2045, -12
2046, -9
2047, -8
2048, -9
2049, 0
2050, -4
2051, -11
2052, -12
2053, 0
2054, -8
2055, -9
2056, -7
2057, 0
2058, 0
2059, -13
2060, -12
2061, 0
2062, -9
2063, 0
2064, 0
2065, -8
2066, -7
2067, 0
2068, -13
2069, -12
2070, 0
2071, 0
2072, -5
2073, 0
2074, 0
2075, -11
2076, 0
2077, 0
2078, -11
2079, -10
2080, -10
2081, -9
2082, -8
2083, -20
2084, -20
2085, 0
2086, 0
2087, -15
2088, -13
2089, -13
2090, -13
2091, -12
2092, -12
2093, -10
2094, 1
2095, -8
2096, 0
2097, 0
2098, 0
2099, -20
2100, -19
2101, -20
2102, -20
2103, 0
2104, -15
2105, 0
2106, -13
2107, -12
2108, -13
2109, -12
2110, 0
2111, 0
2112, 0
2113, 0
2114, -11
2115, 0
2116, -24
2117, 0
2118, -20
2119, -21
2120, -21
2121, -19
2122, 0
2123, -17
2124, -15
2125, 0
2126, -15
2127, -13
2128, -12
2129, -16
2130, -16
2131, -27
2132, -27
2133, -26
2134, 0
2135, -23
2136, -23
2137, -22
2138, -22
2139, 0
2140, -21
2141, -19
2142, 0
2143, 0
2144, 0
2145, 0
2146, -14
2147, 0
2148, 0
2149, -13
2150, -13
2151, 0
2152, 0
2153, -8
2154, 0
2155, -25
2156, 0
2157, -20
2158, -22
2159, 0
2160, -18
2161, -18
2162, -18
2163, -16
2164, -15
2165, 0
2166, -12
2167, -11
2168, -11
2169, -11
2170, -14
2171, -24
2172, -25
2173, 0
2174, -24
2175, 0
2176, -20
2177, -19
2178, -19
2179, -19
2180, 0
2181, -16
2182, -16
2183, -16
2184, 0
2185, -12
2186, -14
2187, 0
2188, -17
2189, -18
2190, -17
2191, -17
2192, -16
2193, -16
2194, -16
2195, -24
2196, 0
2197, -20
2198, -20
2199, 0
2200, -18
2201, -17
2202, -18
2203, -23
2204, -23
2205, -22
2206, -21
2207, -22
2208, 0
2209, -20
2210, -19
2211, -17
2212, -16
2213, -17
2214, -17
2215, -15
2216, -14
2217, 0
2218, -14
2219, -28
2220, -27
2221, -27
2222, 0
2223, -25
2224, -25
2225, -23
2226, -23
2227, -23
2228, -23
2229, -23
2230, -23
2231, -23
2232, 0
2233, -18
2234, -19
2235, -26
2236, -24
2237, -23
2238, -21
2239, -23
2240, -23
2241, 0
2242, -24
2243, -29
2244, -27
2245, -27
2246, 0
2247, -26
2248, -24
2249, -24
2250, -25
2251, -23
2252, -25
2253, -23
2254, -22
2255, 0
2256, -19
2257, -19
2258, -21
2259, -25
2260, -25
2261, -25
2262, -24
2263, -22
2264, -22
2265, -23
2266, -21
2267, -29
2268, -28
2269, -28
2270, -28
2271, -26
2272, 0
2273, -24
2274, -23
2275, -24
2276, -22
2277, -22
2278, -21
2279, 0
2280, 0
2281, -17
2282, -20
2283, -32
2284, -31
2285, -32
2286, -31
2287, -31
2288, -32
2289, 0
2290, -30
2291, -29
2292, -28
2293, -26
2294, -26
2295, -26
2296, -27
2297, -26
2298, -26
2299, -26
2300, 0
2301, -22
2302, -23
2303, -22
2304, -22
2305, -21
2306, -21
2307, -28
2308, -28
2309, -26
2310, -26
2311, -25
2312, -24
2313, -25
2314, 0
2315, -32
2316, -29
2317, -28
2318, -27
2319, -29
2320, -25
2321, 0
2322, -27
2323, 0
2324, 0
2325, -29
2326, -30
2327, -29
2328, -29
2329, -29
2330, 0
2331, -35
2332, -36
2333, -35
2334, -34
2335, -35
2336, -34
2337, -32
2338, 0
2339, -30
2340, -30
2341, -28
2342, -28
2343, -29
2344, -28
2345, -27
2346, -29
2347, -34
2348, -34
2349, -33
2350, -34
2351, -34
2352, -31
2353, -33
2354, -33
2355, -31
2356, -29
2357, -28
2358, -28
2359, -28
2360, -28
2361, -28
2362, -31
2363, -35
2364, -38
2365, -37
2366, -36
2367, -36
2368, -34
2369, -32
2370, -33
2371, -30
2372, -29
2373, -29
2374, -29
2375, -27
2376, -26
2377, -26
2378, -28
2379, -33
2380, -34
2381, -33
2382, -33
2383, -33
2384, -32
2385, -31
2386, 0
2387, -35
2388, -35
2389, -35
2390, -35
2391, -36
2392, -34
2393, -34
2394, -35
2395, -35
2396, -34
2397, -34
2398, 0
2399, -33
2400, -31
2401, -30
2402, 0
2403, -35
2404, -35
2405, -35
2406, -34
2407, -33
2408, -33
2409, -35
2410, -34
2411, -33
2412, -34
2413, -34
2414, -33
2415, -32
2416, -31
2417, -31
2418, 0
2419, 0
2420, -36
2421, -35
2422, -35
2423, -34
2424, -35
2425, -35
2426, -34
2427, -33
2428, -33
2429, -32
2430, -31
2431, -33
2432, -32
2433, 0
2434, -31
2435, 0
2436, -37
2437, -36
2438, -35
2439, -37
2440, 0
2441, 0
2442, -36
2443, -42
2444, -43
2445, -42
2446, -41
2447, -40
2448, -39
2449, -39
2450, -40
2451, -40
2452, -39
2453, 0
2454, -39
2455, -38
2456, 0
2457, -36
2458, -36
2459, -35
2460, -33
2461, -34
2462, -33
2463, -33
2464, -34
2465, -33
2466, -34
2467, -41
2468, -40
2469, -40
2470, 0
2471, -38
2472, -37
2473, -38
2474, -37
2475, -37
2476, -35
2477, -34
2478, -33
2479, -34
2480, -35
2481, -35
2482, -35
2483, -42
2484, -41
2485, -42
2486, -42
2487, -41
2488, -40
2489, -41
2490, -39
2491, -39
2492, -40
2493, -40
2494, 0
2495, 0
2496, -35
2497, -38
2498, -39
2499, -35
2500, -35
2501, -35
2502, -36
2503, -37
2504, -36
2505, -35
2506, -35
2507, -43
2508, -43
2509, -43
2510, -42
2511, -42
2512, -38
2513, -39
2514, -41
2515, -39
2516, -39
2517, 0
2518, -37
2519, -36
2520, 0
2521, -34
2522, -34
2523, -36
2524, -37
2525, -35
2526, -34
2527, -36
2528, -37
2529, -36
2530, -36
2531, -44
2532, -43
2533, -42
2534, -42
2535, 0
2536, -40
2537, -39
2538, 0
2539, 0
2540, -38
2541, -39
2542, -39
2543, -37
2544, -37
2545, -38
2546, 0
2547, -44
2548, -44
2549, -42
2550, -41
2551, -43
2552, -43
2553, -42
2554, -43
2555, -45
2556, -41
2557, 0
2558, -41
2559, -39
2560, 0
2561, -37
2562, 0
2563, -35
2564, -35
2565, -37
2566, -38
2567, -39
2568, -36
2569, -37
2570, -39
2571, -38
2572, -38
2573, 0
2574, -39
2575, -40
2576, -42
2577, -42
2578, -42
2579, -43
2580, -42
2581, -43
2582, 0
2583, 0
2584, 0
2585, 0
2586, 0
2587, 0
2588, 0
2589, -42
2590, -42
2591, -42
2592, -43
2593, -42
2594, -41
2595, -49
2596, 0
2597, -47
2598, -47
2599, -48
2600, -47
2601, -46
2602, -46
2603, -47
2604, -45
2605, -45
2606, -44
2607, -44
2608, -44
2609, 0
2610, -45
2611, 0
2612, -44
2613, -45
2614, -44
2615, 0
2616, -43
2617, -43
2618, -42
2619, -42
2620, -40
2621, -40
2622, -41
2623, -41
2624, -40
2625, -40
2626, -41
2627, -40
2628, -40
2629, -39
2630, -41
2631, -39
2632, -39
2633, -41
2634, -40
2635, -39
2636, -38
2637, 0
2638, -37
2639, -37
2640, -37
2641, -37
2642, -40
2643, -38
2644, -35
2645, -35
2646, -35
2647, -33
2648, -34
2649, -36
2650, -36
2651, -42
2652, -43
2653, -42
2654, -41
2655, -40
2656, 0
2657, -44
2658, -45
2659, -51
2660, -50
2661, -50
2662, -48
2663, -47
2664, -47
2665, -47
2666, -49
2667, -48
2668, -47
2669, -47
2670, -46
2671, -46
2672, -48
2673, -48
2674, -49
2675, -47
2676, -46
2677, -46
2678, -45
2679, -46
2680, -44
2681, -44
2682, -44
2683, -44
2684, -44
2685, -44
2686, -45
2687, -45
2688, -46
2689, -45
2690, -46
2691, -45
2692, -44
2693, -45
2694, 0
2695, -43
2696, -44
2697, -42
2698, -41
2699, -42
2700, -42
2701, -43
2702, -43
2703, -44
2704, -43
2705, -41
2706, -42
2707, -40
2708, -41
2709, -43
2710, -41
2711, -41
2712, -42
2713, -41
2714, -42
2715, -42
2716, -41
2717, -41
2718, -42
2719, -41
2720, -41
2721, -42
2722, -41
2723, -42
2724, -42
2725, -41
2726, -41
2727, -42
2728, 0
2729, -38
2730, -39
2731, -39
2732, -39
2733, -39
2734, -39
2735, -38
2736, -37
2737, -38
2738, -39
2739, -40
2740, -39
2741, -39
2742, -39
2743, -40
2744, -40
2745, -39
2746, -38
2747, -38
2748, -40
2749, -40
2750, -42
2751, -41
2752, -38
2753, -39
2754, -40
2755, -39
2756, -39
2757, -41
2758, -40
2759, -39
2760, -38
2761, -38
2762, -39
2763, -45
2764, -45
2765, -45
2766, -45
2767, -44
2768, -45
2769, -46
2770, -47
2771, -47
2772, -45
2773, -44
2774, -47
2775, -46
2776, -46
2777, -48
2778, -48
2779, -46
2780, -46
2781, -47
2782, -46
2783, -46
2784, -45
2785, -45
2786, -45
2787, -45
2788, -45
2789, -45
2790, -45
2791, -45
2792, -45
2793, -46
2794, -47
2795, -47
2796, -45
2797, -45
2798, -48
2799, -46
2800, -46
2801, -47
2802, -47
2803, -45
2804, -46
2805, -47
2806, -47
2807, -47
2808, -46
2809, -45
2810, -45
2811, -45
2812, -45
2813, 0
2814, -43
2815, -44
2816, -45
2817, -46
2818, -45
2819, -45
2820, -46
2821, -45
2822, -45
2823, -46
2824, -45
2825, -44
2826, -46
2827, -43
2828, -44
2829, -44
2830, -44
2831, -45
2832, 0
2833, -42
2834, 0
2835, -38
2836, -37
2837, -37
2838, -39
2839, -38
2840, -37
2841, -39
2842, -37
2843, -37
2844, -38
2845, -37
2846, -38
2847, -37
2848, -36
2849, -37
2850, 0
2851, -35
2852, -37
2853, -34
2854, -34
2855, -34
2856, -34
2857, 0
2858, -38
2859, -45
2860, -45
2861, -45
2862, -46
2863, -46
2864, -46
2865, -46
2866, -46
2867, -46
2868, -45
2869, -45
2870, -48
2871, -46
2872, -45
2873, -48
2874, -40
2875, -40
2876, -40
2877, -39
2878, -39
2879, -41
2880, -37
2881, -36
2882, -38
2883, -39
2884, -38
2885, -38
2886, -37
2887, -38
2888, -40
2889, -39
2890, -38
2891, -37
2892, -37
2893, -39
2894, -41
2895, -40
2896, -39
2897, -40
2898, -40
2899, -39
2900, -40
2901, -40
2902, -39
2903, -40
2904, 0
2905, -41
2906, -41
2907, 0
2908, -43
2909, -43
2910, -44
2911, -44
2912, -45
2913, -45
2914, -44
2915, -45
2916, -46
2917, -44
2918, 0
2919, -43
2920, -43
2921, -43
2922, 0
2923, 0
2924, -36
2925, 0
2926, -36
2927, -38
2928, -37
2929, -38
2930, -38
2931, -38
2932, -37
2933, -37
2934, -38
2935, -38
2936, -37
2937, -39
2938, -39
2939, -37
2940, -38
2941, -40
2942, -39
2943, -39
2944, -42
2945, -42
2946, -41
2947, -40
2948, -40
2949, -42
2950, -42
2951, -42
2952, -41
2953, -43
2954, -42
2955, -41
2956, -42
2957, -42
2958, -41
2959, -42
2960, -43
2961, -41
2962, -40
2963, -40
2964, -41
2965, -42
2966, -42
2967, -42
2968, -42
2969, -42
2970, -43
2971, -41
2972, -42
2973, 0
2974, -46
2975, -46
2976, -47
2977, -45
2978, -45
2979, -45
2980, -45
2981, -45
2982, -46
2983, -45
2984, -46
2985, -47
2986, -40
2987, -38
2988, -38
2989, -41
2990, -41
2991, -37
2992, -39
2993, -39
2994, -39
2995, -40
2996, -39
2997, 0
2998, -41
2999, -41
3000, -39
3001, -39
3002, -43
3003, -40
3004, -40
3005, -40
3006, -41
3007, -40
3008, -41
3009, -41
3010, 0
3011, 0
3012, -40
3013, -43
3014, -44
3015, -41
3016, -42
3017, -41
3018, 0
3019, -41
3020, -43
3021, -42
3022, -42
3023, -44
3024, -43
3025, -43
3026, -42
3027, -41
3028, -42
3029, -42
3030, -41
3031, -42
3032, -42
3033, -43
3034, -38
3035, -37
3036, -35
3037, -35
3038, -35
3039, -36
3040, -36
3041, -36
3042, -37
3043, -38
3044, -40
3045, -39
3046, -38
3047, -38
3048, 0
3049, -40
3050, -33
3051, -32
3052, -32
3053, -35
3054, -34
3055, -33
3056, -36
3057, -34
3058, -34
3059, -35
3060, -37
3061, -35
3062, -34
3063, -34
3064, -36
3065, -37
3066, -37
3067, -36
3068, -36
3069, -37
3070, -37
3071, -37
3072, -38
3073, -39
3074, -33
3075, -33
3076, -32
3077, -32
3078, -32
3079, 0
3080, -34
3081, 0
3082, -36
3083, 0
3084, -35
3085, 0
3086, 0
3087, -41
3088, -40
3089, -42
3090, -43
3091, -40
3092, -40
3093, -40
3094, -43
3095, -45
3096, -42
3097, -42
3098, -35
3099, -37
3100, 0
3101, 0
3102, -33
3103, 0
3104, -36
3105, -37
3106, -39
3107, -37
3108, -35
3109, 0
3110, -39
3111, -37
3112, -36
3113, -36
3114, -28
3115, -29
3116, -32
3117, -31
3118, 0
3119, -32
3120, -34
3121, -36
3122, -36
3123, -35
3124, -37
3125, -35
3126, -34
3127, -33
3128, -33
3129, 0
3130, -37
3131, -36
3132, -36
3133, -36
3134, -38
3135, -37
3136, -38
3137, -40
3138, -35
3139, -33
3140, -32
3141, -33
3142, -33
3143, -34
3144, 0
3145, 0
3146, -38
3147, -36
3148, -36
3149, -37
3150, -38
3151, -36
3152, -38
3153, -38
3154, -38
3155, -38
3156, -39
3157, -39
3158, -38
3159, -39
3160, -39
3161, -40
3162, -32
3163, 0
3164, 0
3165, 0
3166, -35
3167, -36
3168, -36
3169, -37
3170, 0
3171, -31
3172, -29
3173, -30
3174, -31
3175, -31
3176, -33
3177, -32
3178, -32
3179, 0
3180, -36
3181, -36
3182, -37
3183, 0
3184, -36
3185, -36
3186, -37
3187, -36
3188, -39
3189, -39
3190, -39
3191, -38
3192, -37
3193, -38
3194, -33
3195, -33
3196, -35
3197, -32
3198, -31
3199, -31
3200, 0
3201, -34
3202, 0
3203, 0
3204, 0
3205, 0
3206, 0
3207, 0
3208, 0
3209, 0
3210, 0
3211, 0
3212, 0
3213, 0
3214, -61
3215, -60
3216, 0
3217, 0
3218, 0
3219, 0
3220, 0
3221, 0
3222, 0
3223, 0
3224, 0
3225, 0
3226, 0
3227, 0
3228, 0
3229, 0
3230, 0
3231, 0
3232, 0
3233, 0
3234, 0
3235, 0
3236, 0
3237, 0
3238, 0
3239, 0
3240, 0
3241, 0
3242, 0
3243, 0
3244, 0
3245, 0
3246, 0
3247, 0
3248, 0
3249, 0
3250, 0
3251, 0
3252, 0
3253, 0
3254, 0
3255, 0
3256, 0
3257, 0
3258, 0
3259, 0
3260, 0
3261, 0
3262, 0
3263, 0
3264, 0
3265, 0
3266, 0
3267, 0
3268, 0
3269, 0
3270, 0
3271, 0
3272, 0
3273, 0
3274, 0
3275, 0
3276, 0
3277, 0
3278, 0
3279, 0
3280, 0
3281, 0
3282, 0
3283, 0
3284, 0
3285, 0
3286, 0
3287, 0
3288, 0
3289, 0
3290, -19
3291, 0
3292, -23
3293, -23
3294, -25
3295, -25
3296, -24
3297, -24
3298, -27
3299, -26
3300, -26
3301, -25
3302, -26
3303, 0
3304, -30
3305, 0
3306, -23
3307, 0
3308, -23
3309, -24
3310, -24
3311, -25
3312, -25
3313, -26
3314, -27
3315, -26
3316, -27
3317, -28
3318, -30
3319, -29
3320, -30
3321, -29
3322, -26
3323, -24
3324, -24
3325, 0
3326, -28
3327, -27
3328, -25
3329, -26
3330, -18
3331, -19
3332, 0
3333, -21
3334, -22
3335, -24
3336, -22
3337, -23
3338, -19
3339, -16
3340, -15
3341, -17
3342, 0
3343, -18
3344, 0
3345, -22
3346, -23
3347, -23
3348, -23
3349, -23
3350, -25
3351, -26
3352, -26
3353, -26
3354, -16
3355, 0
3356, 0
3357, -22
3358, -23
3359, -24
3360, -23
3361, -24
3362, -16
3363, 0
3364, -19
3365, -21
3366, -18
3367, 0
3368, -21
3369, -21
3370, -22
3371, -23
3372, -24
3373, -25
3374, -24
3375, -24
3376, -26
3377, -29
3378, -19
3379, 0
3380, -22
3381, -22
3382, -22
3383, -21
3384, -23
3385, -24
3386, -19
3387, -18
3388, -17
3389, -18
3390, -19
3391, -18
3392, -17
3393, -18
3394, 0
3395, -23
3396, -22
3397, -21
3398, -24
3399, -23
3400, -24
3401, -24
3402, -18
3403, -18
3404, -18
3405, 0
3406, 0
3407, -22
3408, -22
3409, -23
3410, -18
3411, -17
3412, -15
3413, -17
3414, -18
3415, -17
3416, -17
3417, -18
3418, 0
3419, -23
3420, -21
3421, -21
3422, -24
3423, -24
3424, -24
3425, -24
3426, -9
3427, -9
3428, 0
3429, 0
3430, -14
3431, -15
3432, -17
3433, -16
3434, -16
3435, -17
3436, -18
3437, -17
3438, -17
3439, 0
3440, -21
3441, 0
3442, -9
3443, -7
3444, -8
3445, -7
3446, -8
3447, -10
3448, -9
3449, -9
3450, 0
3451, -11
3452, 0
3453, -14
3454, -15
3455, -17
3456, -18
3457, -18
3458, 1
3459, 0
3460, -5
3461, 0
3462, -7
3463, -6
3464, -6
3465, -7
3466, -11
3467, -11
3468, -11
3469, 0
3470, 0
3471, -14
3472, -16
3473, -15
3474, 0
3475, 0
3476, 0
3477, 0
3478, 0
3479, -8
3480, -5
3481, -4
3482, -6
3483, 0
3484, -8
3485, -9
3486, -9
3487, -9
3488, 0
3489, -14
3490, 0
3491, 0
3492, 0
3493, -8
3494, -11
3495, 0
3496, 0
3497, -16
3498, -7
3499, -7
3500, -8
3501, -7
3502, -8
3503, -10
3504, -9
3505, 0
3506, 0
3507, 0
3508, 0
3509, 0
3510, 0
3511, 1
3512, -4
3513, -5
3514, 0
3515, -4
3516, 1
3517, 0
3518, -2
3519, 0
3520, -4
3521, -6
3522, 0
3523, 0
3524, 0
3525, 2
3526, -2
3527, -2
3528, 0
3529, -8
3530, 0
3531, 0
3532, 0
3533, 0
3534, 0
3535, 0
3536, -3
3537, -4
3538, 0
3539, -3
3540, 2
3541, 0
3542, 1
3543, -5
3544, -5
3545, -6
3546, 0
3547, 1
3548, 1
3549, 0
3550, 7
3551, 7
3552, 7
3553, 0
3554, -1
3555, 1
3556, 0
3557, -2
3558, -2
3559, -4
3560, -6
3561, 0
3562, 0
3563, 0
3564, 6
3565, 3
3566, 1
3567, 0
3568, 0
3569, 0
3570, -1
3571, 0
3572, 0
3573, 5
3574, 0
3575, 3
3576, 0
3577, 0
3578, 1
3579, 0
3580, 0
3581, 3
3582, 1
3583, 0
3584, 0
3585, -2
3586, 0
3587, 0
3588, 0
3589, 2
3590, 0
3591, 1
3592, 1
3593, 0
3594, 0
3595, 4
3596, 8
3597, 9
3598, 0
3599, 7
3600, 7
3601, 8
3602, 0
3603, 0
3604, 0
3605, -1
3606, 0
3607, 0
3608, 0
3609, -3
3610, 0
3611, 0
3612, 8
3613, 7
3614, 7
3615, 6
3616, 0
3617, 3
3618, 4
3619, 2
3620, 0
3621, 4
3622, 5
3623, 5
3624, 0
3625, 2
3626, 0
3627, 3
3628, 7
3629, 1
3630, 5
3631, 5
3632, 0
3633, 0
3634, 0
3635, 5
3636, 10
3637, 0
3638, 7
3639, 5
3640, 2
3641, 2
3642, 1
3643, 1
3644, -1
3645, 0
3646, 3
3647, 3
3648, 2
3649, 2
3650, 0
3651, 0
3652, 6
3653, 7
3654, 6
3655, 2
3656, 0
3657, 0
3658, 3
3659, 0
3660, 0
3661, 9
3662, 0
3663, 0
3664, -1
3665, -3
3666, 0
3667, -1
3668, 2
3669, 4
3670, 5
3671, 0
3672, 1
3673, 2
3674, 1
3675, 7
3676, 13
3677, 13
3678, 13
3679, 0
3680, 0
3681, 0
3682, 0
3683, 6
3684, 6
3685, 0
3686, 0
3687, 0
3688, 0
3689, -32
3690, 0
3691, -22
3692, -18
3693, 0
3694, 0
3695, 0
3696, 0
3697, 0
3698, 0
3699, 0
3700, 0
3701, 0
3702, 0
3703, 0
3704, 0
3705, 0
3706, 0
3707, 0
3708, 7
3709, 13
3710, 13
3711, 12
3712, 0
3713, 11
3714, 12
3715, 13
3716, 16
3717, 0
3718, 0
3719, 11
3720, 11
3721, 11
3722, 11
3723, 18
3724, 25
3725, 25
3726, 24
3727, 0
3728, 0
3729, 0
3730, 0
3731, 19
3732, 19
3733, 0
3734, 0
3735, 13
3736, 13
3737, 12
3738, 13
3739, 14
3740, 15
3741, 0
3742, 0
3743, 18
3744, 0
3745, 14
3746, 15
3747, 18
3748, 0
3749, 27
3750, 0
3751, 21
3752, 22
3753, 0
3754, 21
3755, 25
3756, 32
3757, 34
3758, 30
3759, 0
3760, 0
3761, 26
3762, 25
3763, 24
3764, 0
3765, 21
3766, 20
3767, 0
3768, 0
3769, 16
3770, 13
3771, 14
3772, 25
3773, 0
3774, 0
3775, 21
3776, 21
3777, 21
3778, 22
3779, 0
3780, 0
3781, 32
3782, 29
3783, 27
3784, 0
3785, 26
3786, 24
3787, 0
3788, 21
3789, 27
3790, 26
3791, 28
3792, 29
3793, 0
3794, 25
3795, 25
3796, 0
3797, 0
3798, 26
3799, 24
3800, 0
3801, 20
3802, 20
3803, 22
3804, 29
3805, 32
3806, 31
3807, 0
3808, 0
3809, 26
3810, 25
3811, 31
3812, 32
3813, 33
3814, 0
3815, 0
3816, 27
3817, 0
3818, 0
3819, 25
3820, 24
3821, 0
3822, 25
3823, 24
3824, 0
3825, 20
3826, 0
3827, 0
3828, 27
3829, 26
3830, 25
3831, 25
3832, 0
3833, 27
3834, 0
3835, 0
3836, 33
3837, 37
3838, 34
3839, 0
3840, 0
3841, 29
3842, 0
3843, 0
3844, 32
3845, 39
3846, 38
3847, 0
3848, 0
3849, 30
3850, 30
3851, 36
3852, 43
3853, 0
3854, 41
3855, 0
3856, 37
3857, 37
3858, 0
3859, 0
3860, 32
3861, 29
3862, 28
3863, 28
3864, 0
3865, 0
3866, 25
3867, 36
3868, 35
3869, 0
3870, 0
3871, 31
3872, 29
3873, 30
3874, 30
3875, 0
3876, 0
3877, 32
3878, 38
3879, 36
3880, 0
3881, 33
3882, 33
3883, 0
3884, 0
3885, 42
3886, 42
3887, 41
3888, 0
3889, 38
3890, 0
3891, 37
3892, 0
3893, 45
3894, 46
3895, 0
3896, 42
3897, 0
3898, 35
3899, 37
3900, 51
3901, 50
3902, 50
3903, 49
3904, 0
3905, 44
3906, 44
3907, 0
3908, 0
3909, 49
3910, 0
3911, 48
3912, 48
3913, 0
3914, 46
3915, 53
3916, 56
3917, 0
3918, 0
3919, 0
3920, 49
3921, 48
3922, 0
3923, 44
3924, 45
3925, 50
3926, 0
3927, 0
3928, 0
3929, 0
3930, 0
3931, 42
3932, 52
3933, 48
3934, 0
3935, 0
3936, 45
3937, 43
3938, 44
3939, 55
3940, 0
3941, 52
3942, 53
3943, 52
3944, 0
3945, 0
3946, 46
3947, 57
3948, 56
3949, 55
3950, 0
3951, 50
3952, 50
3953, 0
3954, 50
3955, 0
3956, 60
3957, 58
3958, 0
3959, 53
3960, 52
3961, 51
3962, 0
3963, 0
3964, 54
3965, 59
3966, 0
3967, 0
3968, 50
3969, 0
3970, 0
3971, 55
3972, 62
3973, 60
3974, 0
3975, 0
3976, 53
3977, 0
3978, 58
3979, 0
3980, 0
3981, 0
3982, 60
3983, 60
3984, 0
3985, 56
3986, 55
3987, 0
3988, 71
3989, 74
3990, 72
3991, 70
3992, 0
3993, 60
3994, 58
3995, 0
3996, 68
3997, 0
3998, 0
3999, 0
4000, 64
4001, 62
4002, 0
4003, 63
4004, 0
4005, 71
4006, 68
4007, 68
4008, 0
4009, 0
4010, 0
4011, 0
4012, 0
4013, 72
4014, 0
4015, 69
4016, 0
4017, 0
4018, 0
4019, 72
4020, 0
4021, 0
4022, 0
4023, 66
4024, 0
4025, 63
4026, 62
4027, 67
4028, 0
4029, 0
4030, 69
4031, 69
4032, 0
4033, 0
4034, 61
4035, 0
4036, 0
4037, 71
4038, 68
4039, 0
4040, 64
4041, 0
4042, 0
4043, 62
4044, 69
4045, 0
4046, 0
4047, 69
4048, 66
4049, 64
4050, 64
4051, 0
4052, 73
4053, 73
4054, 73
4055, 0
4056, 0
4057, 66
4058, 66
4059, 0
4060, 81
4061, 81
4062, 80
4063, 0
4064, 75
4065, 75
4066, 0
4067, 77
4068, 0
4069, 83
4070, 0
4071, 0
4072, 0
4073, 70
4074, 71
4075, 0
4076, 91
4077, 0
4078, 0
4079, 77
4080, 78
4081, 79
4082, 0
4083, 0
4084, 82
4085, 87
4086, 86
4087, 0
4088, 0
4089, 0
4090, 0
4091, 71
4092, 88
4093, 0
4094, 0
4095, 81
4096, 0
4097, 75
4098, 0
4099, 84
4100, 87
4101, 0
4102, 0
4103, 80
4104, 79
4105, 0
4106, 0
4107, 0
4108, 83
4109, 81
4110, 80
4111, 0
4112, 0
4113, 0
4114, 75
4115, 76
4116, 0
4117, 0
4118, 95
4119, 94
4120, 0
4121, 90
4122, 89
4123, 0
4124, 0
4125, 95
4126, 0
4127, 91
4128, 0
4129, 0
4130, 87
4131, 0
4132, 97
4133, 96
4134, 0
4135, 0
4136, 0
4137, 0
4138, 84
4139, 92
4140, 0
4141, 0
4142, 88
4143, 86
4144, 0
4145, 85
4146, 0
4147, 0
4148, 102
4149, 0
4150, 96
4151, 94
4152, 0
4153, 0
4154, 0
4155, 0
4156, 0
4157, 103
4158, 103
4159, 0
4160, 0
4161, 0
4162, 0
4163, 0
4164, 0
4165, 95
4166, 101
4167, 0
4168, 0
4169, 0
4170, 93
4171, 0
4172, 0
4173, 106
4174, 0
4175, 102
4176, 102
4177, 0
4178, 98
4179, 112
4180, 0
4181, 0
4182, 111
4183, 110
4184, 0
4185, 100
4186, 0
4187, 98
4188, 119
4189, 0
4190, 0
4191, 0
4192, 0
4193, 0
4194, 0
4195, 0
4196, 0
4197, 0
4198, 0
4199, 0
4200, 0
4201, 0
4202, 0
4203, 0
4204, 0
4205, 0
4206, 0
4207, 0
4208, 0
4209, 0
4210, 0
4211, 0
4212, 0
4213, 0
4214, 0
4215, 0
4216, 0
4217, 0
4218, 0
4219, 0
4220, 0
4221, 0
4222, 0
4223, 0
4224, 0
4225, 0
4226, 0
4227, 0
4228, 0
4229, 0
4230, 0
4231, 0
4232, 0
4233, 0
4234, 0
4235, 0
4236, 0
4237, 0
4238, 0
4239, 0
4240, 0
4241, 0
4242, 0
4243, 0
4244, 0
4245, 0
4246, 0
4247, 0
4248, 0
4249, 0
4250, 0
4251, 0
4252, 0
4253, 0
4254, 0
4255, 0
4256, 0
4257, 0
4258, 0
4259, 0
4260, 0
4261, 0
4262, 0
4263, 0
4264, 0
4265, 0
4266, 0
4267, 0
4268, 0
4269, 0
4270, 0
4271, 0
4272, 0
4273, 0
4274, 0
4275, 0
4276, 0
4277, 0
4278, 0
4279, 0
4280, 0
4281, 0
4282, 0
4283, 0
4284, 0
4285, 0
4286, 0
4287, 0
4288, 0
4289, 0
4290, 0
4291, 0
4292, 0
4293, 0
4294, 0
4295, 0
4296, 0
4297, 0
4298, 0
4299, 0
4300, 0
4301, 0
4302, 0
4303, 0
4304, 0
4305, 0
4306, 0
4307, 0
4308, 0
4309, 0
4310, 0
4311, 0
4312, 0
4313, 0
4314, 0
4315, 0
4316, 0
4317, 0
4318, 0
4319, 0
4320, 0
4321, 0
4322, 0
4323, 0
4324, 0
4325, 0
4326, 0
4327, 0
4328, 0
4329, 0
4330, 0
4331, 0
4332, 0
4333, 0
4334, 0
4335, 0
4336, 0
4337, 0
4338, 150
4339, 0
4340, 0
4341, 0
4342, 0
4343, 0
4344, 0
4345, 0
4346, 0
4347, 0
4348, 0
4349, 172
4350, 0
4351, 0
4352, 0
4353, 0
4354, 0
4355, 0
4356, 0
4357, 186
4358, 0
4359, 0
4360, 0
4361, 0
4362, 0
4363, 0
4364, 0
4365, 0
4366, 0
4367, 0
4368, 0
4369, 0
4370, 0
4371, 0
4372, 0
4373, 185
4374, 185
4375, 0
4376, 0
4377, 0
4378, 0
4379, 165
4380, 191
4381, 190
4382, 0
4383, 0
4384, 0
4385, 0
4386, 0
4387, 0
4388, 201
4389, 0
4390, 0
4391, 0
4392, 0
4393, 0
4394, 177
4395, 0
4396, 0
4397, 0
4398, 202
4399, 0
4400, 0
4401, 0
4402, 0
4403, 0
4404, 0
4405, 0
4406, 0
4407, 0
4408, 0
4409, 0
4410, 0
4411, 0
4412, 0
4413, 0
4414, 0
4415, 0
4416, 0
4417, 0
4418, 0
4419, 0
4420, 0
4421, 0
4422, 0
4423, 0
4424, 0
4425, 0
4426, 0
4427, 0
4428, 0
4429, 0
4430, 0
4431, 0
4432, 0
4433, 0
4434, 0
4435, 0
4436, 0
4437, 0
4438, 0
4439, 0
4440, 0
4441, 0
4442, 0
4443, 0
4444, 0
4445, 0
4446, 0
4447, 0
4448, 0
4449, 0
4450, 0
4451, 0
4452, 0
4453, 0
4454, 0
4455, 0
4456, 0
4457, 0
4458, 0
4459, 0
4460, 0
4461, 0
4462, 0
4463, 0
4464, 0
4465, 0
4466, 0
4467, 0
4468, 0
4469, 0
4470, 0
4471, 0
4472, 0
4473, 0
4474, 0
4475, 0
4476, 0
4477, 0
4478, 0
4479, 0
4480, 0
4481, 0
4482, 0
4483, 0
4484, 0
4485, 0
4486, 0
4487, 0
4488, 0
4489, 0
4490, 0
4491, 0
4492, 0
4493, 0
4494, 0
4495, 0
4496, 0
4497, 0
4498, 0
4499, 0
4500, 0
4501, 0
4502, 0
4503, 0
4504, 0
4505, 0
4506, 332
4507, 0
4508, 0
4509, 0
4510, 0
4511, 0
4512, 0
4513, 0
4514, 0
4515, 0
4516, 0
4517, 0
4518, 0
4519, 0
4520, 0
4521, 0
4522, 0
4523, 0
4524, 0
4525, 0
4526, 0
