0, 0
1, 0
2, 0
3, 0
4, 0
5, 0
6, 0
7, 0
8, 0
9, 0
10, 0
11, 0
12, 0
13, 0
14, 0
15, 0
16, 0
17, 0
18, 0
19, 0
20, 0
21, 0
22, 0
23, 0
24, 0
25, 0
26, 0
27, 0
28, 0
29, 0
30, 0
31, 0
32, 0
33, 0
34, 0
35, 0
36, 0
37, 0
38, 0
39, 0
40, 0
41, 0
42, 0
43, 0
44, 0
45, 0
46, 0
47, 0
48, 0
49, 0
50, 0
51, 0
52, 0
53, 0
54, 0
55, 0
56, 0
57, 0
58, 0
59, 0
60, 0
61, 0
62, 0
63, 0
64, 0
65, 0
66, 0
67, 0
68, 0
69, 0
70, 0
71, 0
72, 0
73, 0
74, 0
75, 0
76, 0
77, 0
78, 0
79, 0
80, 0
81, 0
82, 0
83, 0
84, 0
85, 0
86, 0
87, 0
88, 0
89, 0
90, 0
91, 0
92, 0
93, 0
94, 0
95, 0
96, 0
97, 0
98, 0
99, 0
100, 0
101, 0
102, 0
103, 0
104, 0
105, 0
106, 0
107, 0
108, 0
109, 0
110, 0
111, 0
112, 0
113, 0
114, 0
115, 0
116, 0
117, 0
118, 0
119, 0
120, 0
121, 0
122, 0
123, 0
124, 0
125, 0
126, 0
127, 0
128, 0
129, 0
130, 0
131, 0
132, 0
133, 0
134, 0
135, 0
136, 0
137, 0
138, 0
139, 0
140, 0
141, 0
142, 0
143, 0
144, 0
145, 0
146, 0
147, 0
148, 0
149, 0
150, 0
151, 0
152, 0
153, 0
154, 0
155, 0
156, 0
157, 0
158, 0
159, 0
160, 0
161, 0
162, 0
163, 0
164, 0
165, 0
166, 0
167, 0
168, 0
169, 0
170, 0
171, 0
172, 0
173, 0
174, 0
175, 0
176, 0
177, 0
178, 0
179, 0
180, 0
181, 0
182, 0
183, 0
184, 0
185, 0
186, 0
187, 0
188, 0
189, 0
190, 0
191, 0
192, 0
193, 0
194, 0
195, 0
196, 0
197, 0
198, 0
199, 0
200, 0
201, 0
202, 0
203, 0
204, 0
205, 0
206, 0
207, 0
208, 0
209, 0
210, 0
211, 0
212, 0
213, 0
214, 0
215, 0
216, 0
217, 0
218, 0
219, 0
220, 0
221, 0
222, 0
223, 0
224, 0
225, 0
226, 0
227, 0
228, 0
229, 0
230, 0
231, 0
232, 0
233, 0
234, 0
235, 0
236, 0
237, 0
238, 0
239, 0
240, 0
241, 0
242, 0
243, 0
244, 0
245, 0
246, 0
247, 0
248, 0
249, 0
250, 0
251, 0
252, 0
253, 0
254, 0
255, 0
256, 0
257, 0
258, 0
259, 0
260, 0
261, 0
262, 0
263, 0
264, 0
265, 0
266, 0
267, 0
268, 0
269, 0
270, 0
271, 0
272, 0
273, 0
274, 0
275, 0
276, 0
277, 0
278, 0
279, 0
280, 0
281, 0
282, 0
283, 0
284, 0
285, 0
286, 0
287, 0
288, 0
289, 0
290, 0
291, 0
292, 0
293, 0
294, 0
295, 0
296, 0
297, 0
298, 0
299, 0
300, 0
301, 0
302, 0
303, 0
304, 0
305, 0
306, 0
307, 0
308, 0
309, 0
310, 0
311, 0
312, 0
313, 0
314, 0
315, 0
316, 0
317, 0
318, 0
319, 0
320, 0
321, 0
322, 0
323, 0
324, 0
325, 0
326, 0
327, 0
328, 0
329, 0
330, 0
331, 0
332, 0
333, 0
334, 0
335, 0
336, 0
337, 0
338, 0
339, 0
340, 0
341, 0
342, 0
343, 0
344, 0
345, 0
346, 0
347, 0
348, 0
349, 0
350, 0
351, 0
352, 0
353, 0
354, 0
355, 0
356, 0
357, 0
358, 0
359, 0
360, 0
361, 0
362, 0
363, 0
364, 0
365, 0
366, 0
367, 0
368, 0
369, 0
370, 0
371, 0
372, 0
373, 0
374, 0
375, 0
376, 0
377, 0
378, 0
379, 0
380, 0
381, 0
382, 0
383, 0
384, 0
385, 0
386, 0
387, 0
388, 0
389, 0
390, 0
391, 0
392, 0
393, 0
394, 0
395, 0
396, 0
397, 0
398, 0
399, 0
400, 0
401, 0
402, 0
403, 0
404, 0
405, 0
406, 0
407, 0
408, 0
409, 0
410, 0
411, 0
412, 0
413, 0
414, 0
415, 0
416, 0
417, 0
418, 0
419, 0
420, 0
421, 0
422, 0
423, 0
424, 0
425, 0
426, 0
427, 0
428, 0
429, 0
430, 0
431, 0
432, 0
433, 0
434, 0
435, 0
436, 0
437, 0
438, 0
439, 0
440, 0
441, 0
442, 0
443, 0
444, 0
445, 0
446, 0
447, 0
448, 0
449, 0
450, 0
451, 0
452, 0
453, 0
454, 0
455, 0
456, 0
457, 0
458, 0
459, 0
460, 0
461, 0
462, 0
463, 0
464, 0
465, 0
466, 0
467, 0
468, 0
469, 0
470, 0
471, 0
472, 0
473, 0
474, 0
475, 0
476, 0
477, 0
478, 0
479, 0
480, 0
481, 0
482, 0
483, 0
484, 0
485, 0
486, 0
487, 0
488, 0
489, 0
490, 0
491, 0
492, 0
493, 0
494, 0
495, 0
496, 0
497, 0
498, 0
499, 0
500, 0
501, 0
502, 0
503, 0
504, 0
505, 0
506, 0
507, 0
508, 0
509, 0
510, 0
511, 0
512, 0
513, 0
514, 0
515, 0
516, 0
517, 0
518, 0
519, 0
520, 0
521, 0
522, 0
523, 0
524, 0
525, 0
526, 0
527, 0
528, 0
529, 0
530, 0
531, 0
532, 0
533, 0
534, 0
535, 0
536, 0
537, 0
538, 0
539, 0
540, 0
541, 0
542, 0
543, 0
544, 0
545, 0
546, 0
547, 0
548, 0
549, 0
550, 0
551, 0
552, 0
553, 0
554, 0
555, 0
556, 0
557, 0
558, 0
559, 0
560, 0
561, 0
562, 0
563, 0
564, 0
565, 0
566, 0
567, 0
568, 0
569, 0
570, 0
571, 0
572, 0
573, 0
574, 0
575, 0
576, 0
577, 0
578, 0
579, 0
580, 0
581, 0
582, 0
583, 0
584, 0
585, 0
586, 0
587, 0
588, 0
589, 0
590, 0
591, 0
592, 0
593, 0
594, 0
595, 0
596, 0
597, 0
598, 0
599, 0
600, 0
601, 0
602, 0
603, 0
604, 0
605, 0
606, 0
607, 0
608, 0
609, 0
610, 0
611, 0
612, 0
613, 0
614, 0
615, 0
616, 0
617, 0
618, 0
619, 0
620, 0
621, 1995
622, 1895
623, 1892
624, 1893
625, 1893
626, 1822
627, 1723
628, 1667
629, 1665
630, 1654
631, 1652
632, 1653
633, 1653
634, 0
635, 1606
636, 1575
637, 1545
638, 1529
639, 1527
640, 1526
641, 1525
642, 1526
643, 0
644, 1473
645, 1443
646, 0
647, 1407
648, 1406
649, 1406
650, 1384
651, 1380
652, 1361
653, 1341
654, 0
655, 0
656, 1336
657, 1336
658, 1336
659, 0
660, 0
661, 1267
662, 1262
663, 1260
664, 1260
665, 0
666, 1258
667, 1258
668, 1256
669, 0
670, 1190
671, 1189
672, 1188
673, 1188
674, 1188
675, 1182
676, 1182
677, 1140
678, 1135
679, 1134
680, 1133
681, 1135
682, 1135
683, 1133
684, 1121
685, 1086
686, 1072
687, 0
688, 1072
689, 1072
690, 1073
691, 1050
692, 1048
693, 0
694, 1022
695, 1020
696, 1019
697, 1018
698, 1019
699, 1012
700, 1001
701, 988
702, 984
703, 982
704, 981
705, 979
706, 981
707, 983
708, 971
709, 925
710, 920
711, 919
712, 918
713, 918
714, 918
715, 917
716, 917
717, 876
718, 872
719, 870
720, 871
721, 870
722, 871
723, 862
724, 861
725, 844
726, 834
727, 832
728, 0
729, 832
730, 832
731, 833
732, 0
733, 803
734, 799
735, 796
736, 794
737, 795
738, 796
739, 797
740, 798
741, 765
742, 759
743, 758
744, 757
745, 757
746, 758
747, 759
748, 0
749, 726
750, 716
751, 0
752, 712
753, 0
754, 715
755, 714
756, 707
757, 681
758, 678
759, 676
760, 677
761, 677
762, 677
763, 677
764, 678
765, 635
766, 630
767, 628
768, 628
769, 0
770, 632
771, 633
772, 633
773, 615
774, 601
775, 599
776, 601
777, 603
778, 604
779, 0
780, 604
781, 584
782, 575
783, 573
784, 0
785, 574
786, 575
787, 576
788, 576
789, 543
790, 538
791, 537
792, 537
793, 539
794, 539
795, 539
796, 534
797, 0
798, 527
799, 526
800, 524
801, 523
802, 525
803, 0
804, 527
805, 492
806, 489
807, 489
808, 489
809, 489
810, 488
811, 490
812, 482
813, 473
814, 469
815, 468
816, 467
817, 467
818, 466
819, 468
820, 0
821, 446
822, 441
823, 440
824, 440
825, 441
826, 441
827, 442
828, 442
829, 421
830, 417
831, 417
832, 0
833, 418
834, 420
835, 0
836, 405
837, 394
838, 387
839, 385
840, 384
841, 0
842, 386
843, 388
844, 388
845, 375
846, 367
847, 365
848, 365
849, 365
850, 365
851, 365
852, 366
853, 332
854, 331
855, 329
856, 329
857, 329
858, 330
859, 330
860, 319
861, 303
862, 0
863, 297
864, 297
865, 297
866, 0
867, 302
868, 304
869, 297
870, 290
871, 288
872, 0
873, 290
874, 291
875, 293
876, 293
877, 0
878, 273
879, 271
880, 272
881, 271
882, 272
883, 273
884, 0
885, 251
886, 247
887, 245
888, 243
889, 0
890, 248
891, 248
892, 248
893, 0
894, 237
895, 235
896, 233
897, 233
898, 235
899, 235
900, 0
901, 219
902, 215
903, 215
904, 215
905, 214
906, 216
907, 217
908, 208
909, 207
910, 0
911, 0
912, 199
913, 199
914, 200
915, 201
916, 0
917, 183
918, 177
919, 177
920, 179
921, 180
922, 181
923, 181
924, 0
925, 164
926, 159
927, 158
928, 160
929, 0
930, 163
931, 163
932, 151
933, 147
934, 0
935, 141
936, 142
937, 142
938, 0
939, 146
940, 147
941, 139
942, 133
943, 134
944, 0
945, 0
946, 138
947, 140
948, 138
949, 109
950, 108
951, 107
952, 106
953, 0
954, 112
955, 111
956, 0
957, 104
958, 97
959, 97
960, 98
961, 0
962, 100
963, 0
964, 104
965, 77
966, 74
967, 74
968, 75
969, 76
970, 0
971, 76
972, 71
973, 68
974, 64
975, 0
976, 60
977, 0
978, 64
979, 64
980, 0
981, 53
982, 1
983, 45
984, 45
985, 0
986, 49
987, 50
988, 49
989, 43
990, 36
991, 27
992, 0
993, 0
994, 31
995, 32
996, 34
997, 27
998, 26
999, 20
1000, 20
1001, 0
1002, 0
1003, 24
1004, 25
1005, 20
1006, 17
1007, 2
1008, 4
1009, 4
1010, 4
1011, 0
1012, -3
1013, -5
1014, -6
1015, -15
1016, -13
1017, 0
1018, -11
1019, 0
1020, -10
1021, -15
1022, 0
1023, -24
1024, -20
1025, -19
1026, -22
1027, -26
1028, -27
1029, 0
1030, 0
1031, -30
1032, -28
1033, -29
1034, -27
1035, 0
1036, -23
1037, -33
1038, -33
1039, -49
1040, 0
1041, -43
1042, 0
1043, -41
1044, -50
1045, -48
1046, 1
1047, -59
1048, -61
1049, -59
1050, 0
1051, -55
1052, -54
1053, 0
1054, -54
1055, -68
1056, -67
1057, -67
1058, -66
1059, 0
1060, -61
1061, -59
1062, -59
1063, -75
1064, -74
1065, 0
1066, -71
1067, -70
1068, -70
1069, 0
1070, -71
1071, -87
1072, -83
1073, 0
1074, -79
1075, -79
1076, 0
1077, -78
1078, -78
1079, 0
1080, -88
1081, -89
1082, -88
1083, -87
1084, 0
1085, -81
1086, -84
1087, -97
1088, -95
1089, -97
1090, 0
1091, -92
1092, -92
1093, -91
1094, 0
1095, -116
1096, -113
1097, -112
1098, 0
1099, -109
1100, 0
1101, -106
1102, -107
1103, -119
1104, 0
1105, -115
1106, -114
1107, -112
1108, -112
1109, -110
1110, -110
1111, -126
1112, 0
1113, 0
1114, -121
1115, 0
1116, -118
1117, -116
1118, 0
1119, -137
1120, -135
1121, -136
1122, -134
1123, 0
1124, 0
1125, 0
1126, -129
1127, 0
1128, -142
1129, -141
1130, 0
1131, -136
1132, 0
1133, -133
1134, -132
1135, 0
1136, -146
1137, 0
1138, -142
1139, -142
1140, -142
1141, -140
1142, 0
1143, -153
1144, -151
1145, 0
1146, -150
1147, 0
1148, -146
1149, -145
1150, 0
1151, -157
1152, -157
1153, 0
1154, -153
1155, 0
1156, -149
1157, -149
1158, -153
1159, 0
1160, -161
1161, -161
1162, 0
1163, -158
1164, -157
1165, 0
1166, -154
1167, -170
1168, 0
1169, -164
1170, -164
1171, 0
1172, 0
1173, -158
1174, -159
1175, -172
1176, -171
1177, 0
1178, 0
1179, -167
1180, 0
1181, 0
1182, -161
1183, -177
1184, -173
1185, -172
1186, 0
1187, -167
1188, -167
1189, -166
1190, 0
1191, 0
1192, 0
1193, -175
1194, -174
1195, 0
1196, 0
1197, -168
1198, -167
1199, -180
1200, 0
1201, -179
1202, 0
1203, -173
1204, 0
1205, 0
1206, -171
1207, -174
1208, -173
1209, -173
1210, 0
1211, -167
1212, -167
1213, 0
1214, -169
1215, 0
1216, 0
1217, -177
1218, -176
1219, -174
1220, -174
1221, 0
1222, -167
1223, -182
1224, -181
1225, 0
1226, 0
1227, 0
1228, -172
1229, -173
1230, -176
1231, 0
1232, 0
1233, -181
1234, 0
1235, 0
1236, -174
1237, 0
1238, 0
1239, -183
1240, 0
1241, -180
1242, -179
1243, -180
1244, -180
1245, -180
1246, 0
1247, 0
1248, -187
1249, -185
1250, 0
1251, 0
1252, -179
1253, -180
1254, -179
1255, 0
1256, -188
1257, -187
1258, 0
1259, -181
1260, -182
1261, -179
1262, 0
1263, -188
1264, -186
1265, -187
1266, -187
1267, 0
1268, 0
1269, -183
1270, -182
1271, -194
1272, 0
1273, 0
1274, 0
1275, 0
1276, 0
1277, -182
1278, -180
1279, -179
1280, 0
1281, -174
1282, 0
1283, 0
1284, -168
1285, -167
1286, -168
1287, 0
1288, 0
1289, -176
1290, 0
1291, -171
1292, 0
1293, -167
1294, -166
1295, 0
1296, 0
1297, -179
1298, -177
1299, 0
1300, 0
1301, -169
1302, -169
1303, -182
1304, 0
1305, -176
1306, -174
1307, 0
1308, 0
1309, -170
1310, -170
1311, 0
1312, 0
1313, -170
1314, -168
1315, -166
1316, 0
1317, 0
1318, -162
1319, -174
1320, -174
1321, -173
1322, -172
1323, 0
1324, 0
1325, 0
1326, 0
1327, -162
1328, 0
1329, -157
1330, 0
1331, 0
1332, -149
1333, -149
1334, 0
1335, -161
1336, 0
1337, -156
1338, -156
1339, 0
1340, -150
1341, -149
1342, 0
1343, -162
1344, -160
1345, 0
1346, -156
1347, 0
1348, 0
1349, -147
1350, 0
1351, 0
1352, 0
1353, 0
1354, 0
1355, -149
1356, -146
1357, -145
1358, 0
1359, -141
1360, 0
1361, -140
1362, -138
1363, -136
1364, 0
1365, 0
1366, -131
1367, 0
1368, -143
1369, 0
1370, -137
1371, 0
1372, 0
1373, -130
1374, -132
1375, 0
1376, -142
1377, 0
1378, 0
1379, -134
1380, 0
1381, -129
1382, -129
1383, 0
1384, -130
1385, -132
1386, -130
1387, 0
1388, -122
1389, -121
1390, 0
1391, 0
1392, -131
1393, -129
1394, -129
1395, 0
1396, -124
1397, -122
1398, -124
1399, 0
1400, -127
1401, 0
1402, 0
1403, -120
1404, 0
1405, 0
1406, 0
1407, 0
1408, -114
1409, -116
1410, 0
1411, -111
1412, -110
1413, 0
1414, 0
1415, 0
1416, -118
1417, -115
1418, 0
1419, -110
1420, 0
1421, -109
1422, 0
1423, -111
1424, 0
1425, -105
1426, 0
1427, 0
1428, -100
1429, 0
1430, -97
1431, -104
1432, 0
1433, -102
1434, -99
1435, 0
1436, 0
1437, -91
1438, 0
1439, -105
1440, -102
1441, 0
1442, -99
1443, 0
1444, -95
1445, -94
1446, -93
1447, 0
1448, -97
1449, -94
1450, 0
1451, -92
1452, -92
1453, 0
1454, -89
1455, 0
1456, 0
1457, -91
1458, -88
1459, -86
1460, 0
1461, 0
1462, -84
1463, 0
1464, -93
1465, 0
1466, -88
1467, -86
1468, 0
1469, -83
1470, 0
1471, -79
1472, -77
1473, 0
1474, 0
1475, -71
1476, -70
1477, 0
1478, 0
1479, -80
1480, -80
1481, 0
1482, 0
1483, -73
1484, -73
1485, -70
1486, 0
1487, -81
1488, -79
1489, 0
1490, -77
1491, 0
1492, -72
1493, -72
1494, -73
1495, -69
1496, 0
1497, -63
1498, -62
1499, 0
1500, -60
1501, 0
1502, -58
1503, -70
1504, 0
1505, -64
1506, -64
1507, -64
1508, -61
1509, 0
1510, -57
1511, -55
1512, -53
1513, -55
1514, 0
1515, -47
1516, 0
1517, 0
1518, -42
1519, -57
1520, -55
1521, -58
1522, -55
1523, 0
1524, 0
1525, -48
1526, -47
1527, 0
1528, 0
1529, -56
1530, 0
1531, -53
1532, 0
1533, 0
1534, 0
1535, -45
1536, -44
1537, -44
1538, 0
1539, -38
1540, -36
1541, 1
1542, 0
1543, -50
1544, -48
1545, -46
1546, 0
1547, -42
1548, -42
1549, -41
1550, -39
1551, 0
1552, 0
1553, -35
1554, -33
1555, -30
1556, -30
1557, 0
1558, -33
1559, -39
1560, -38
1561, 0
1562, 0
1563, 0
1564, -32
1565, 0
1566, 0
1567, 0
1568, -39
1569, -39
1570, 0
1571, -38
1572, -35
1573, -33
1574, -32
1575, -30
1576, 0
1577, -18
1578, -17
1579, 0
1580, -14
1581, -19
1582, 0
1583, 1
1584, 0
1585, -32
1586, 0
1587, 0
1588, -25
1589, -25
1590, -26
1591, -22
1592, 0
1593, 0
1594, -16
1595, -15
1596, -14
1597, 0
1598, 0
1599, -24
1600, -23
1601, -23
1602, 0
1603, -20
1604, 0
1605, -16
1606, -16
1607, 0
1608, -12
1609, 0
1610, -10
1611, -8
1612, -6
1613, 0
1614, 0
1615, -19
1616, -17
1617, -17
1618, -17
1619, 0
1620, -13
1621, 0
1622, -7
1623, -7
1624, 0
1625, -4
1626, 0
1627, 0
1628, 0
1629, 0
1630, 0
1631, -10
1632, -8
1633, -7
1634, 0
1635, -5
1636, 0
1637, -6
1638, -6
1639, -4
1640, 0
1641, 0
1642, 9
1643, 0
1644, 11
1645, 0
1646, 8
1647, 0
1648, 4
1649, 4
1650, 0
1651, 0
1652, 9
1653, 12
1654, 0
1655, 14
1656, 15
1657, 0
1658, 20
1659, 0
1660, 20
1661, 18
1662, 18
1663, 11
1664, 11
1665, 13
1666, 13
1667, 0
1668, 17
1669, 15
1670, 0
1671, 17
1672, 19
1673, 0
1674, 23
1675, 22
1676, 24
1677, 0
1678, 19
1679, 20
1680, 21
1681, 0
1682, 22
1683, 0
1684, 25
1685, 24
1686, 24
1687, 20
1688, 0
1689, 19
1690, 23
1691, 0
1692, 24
1693, 24
1694, 0
1695, 0
1696, 0
1697, 0
1698, 0
1699, 0
1700, 0
1701, 0
1702, 0
1703, 0
1704, 0
1705, 0
1706, 0
1707, 0
1708, 0
1709, 0
1710, 39
1711, 40
1712, 0
1713, 43
1714, 0
1715, 48
1716, 48
1717, 42
1718, 0
1719, 43
1720, 43
1721, 43
1722, 46
1723, 0
1724, 0
1725, 47
1726, 44
1727, 45
1728, 43
1729, 45
1730, 0
1731, 0
1732, 49
1733, 47
1734, 46
1735, 0
1736, 49
1737, 0
1738, 52
1739, 54
1740, 53
1741, 51
1742, 0
1743, 53
1744, 54
1745, 53
1746, 55
1747, 0
1748, 60
1749, 55
1750, 0
1751, 55
1752, 56
1753, 57
1754, 0
1755, 0
1756, 62
1757, 65
1758, 64
1759, 65
1760, 0
1761, 67
1762, 0
1763, 71
1764, 72
1765, 0
1766, 68
1767, 69
1768, 0
1769, 72
1770, 0
1771, 73
1772, 74
1773, 68
1774, 67
1775, 68
1776, 70
1777, 0
1778, 72
1779, 72
1780, 0
1781, 75
1782, 77
1783, 76
1784, 76
1785, 0
1786, 80
1787, 81
1788, 82
1789, 0
1790, 0
1791, 81
1792, 81
1793, 82
1794, 83
1795, 0
1796, 85
1797, 81
1798, 79
1799, 80
1800, 82
1801, 82
1802, 0
1803, 84
1804, 0
1805, 87
1806, 87
1807, 89
1808, 89
1809, 90
1810, 90
1811, 0
1812, 0
1813, 0
1814, 0
1815, 0
1816, 0
1817, 0
1818, 95
1819, 94
1820, 0
1821, 0
1822, 0
1823, 93
1824, 92
1825, 93
1826, 93
1827, 0
1828, 95
1829, 97
1830, 99
1831, 0
1832, 0
1833, 104
1834, 105
1835, 105
1836, 106
1837, 101
1838, 100
1839, 0
1840, 104
1841, 104
1842, 104
1843, 0
1844, 108
1845, 0
1846, 0
1847, 103
1848, 102
1849, 104
1850, 105
1851, 107
1852, 108
1853, 0
1854, 109
1855, 111
1856, 112
1857, 115
1858, 116
1859, 0
1860, 115
1861, 107
1862, 0
1863, 106
1864, 107
1865, 107
1866, 106
1867, 107
1868, 0
1869, 110
1870, 0
1871, 113
1872, 114
1873, 114
1874, 113
1875, 0
1876, 117
1877, 0
1878, 121
1879, 122
1880, 123
1881, 124
1882, 0
1883, 128
1884, 128
1885, 124
1886, 121
1887, 123
1888, 124
1889, 124
1890, 125
1891, 0
1892, 0
1893, 124
1894, 123
1895, 124
1896, 124
1897, 125
1898, 0
1899, 0
1900, 129
1901, 130
1902, 130
1903, 132
1904, 131
1905, 132
1906, 131
1907, 0
1908, 136
1909, 136
1910, 0
1911, 139
1912, 139
1913, 140
1914, 141
1915, 0
1916, 145
1917, 139
1918, 139
1919, 139
1920, 139
1921, 140
1922, 139
1923, 138
1924, 0
1925, 137
1926, 0
1927, 138
1928, 140
1929, 140
1930, 0
1931, 142
1932, 142
1933, 0
1934, 146
1935, 147
1936, 148
1937, 148
1938, 147
1939, 0
1940, 0
1941, 147
1942, 147
1943, 148
1944, 148
1945, 0
1946, 0
1947, 152
1948, 153
1949, 152
1950, 153
1951, 154
1952, 156
1953, 155
1954, 0
1955, 159
1956, 160
1957, 155
1958, 154
1959, 154
1960, 155
1961, 155
1962, 155
1963, 0
1964, 157
1965, 160
1966, 0
1967, 162
1968, 162
1969, 164
1970, 164
1971, 165
1972, 0
1973, 167
1974, 0
1975, 169
1976, 170
1977, 169
1978, 172
1979, 173
1980, 172
1981, 169
1982, 169
1983, 170
1984, 169
1985, 171
1986, 172
1987, 173
1988, 174
1989, 170
1990, 170
1991, 0
1992, 170
1993, 169
1994, 167
1995, 169
1996, 171
1997, 172
1998, 0
1999, 175
2000, 0
2001, 177
2002, 178
2003, 178
2004, 176
2005, 179
2006, 0
2007, 184
2008, 184
2009, 185
2010, 184
2011, 0
2012, 187
2013, 0
2014, 182
2015, 183
2016, 183
2017, 184
2018, 184
2019, 0
2020, 186
2021, 186
2022, 187
2023, 189
2024, 188
2025, 189
2026, 189
2027, 189
2028, 0
2029, 0
2030, 189
2031, 187
2032, 187
2033, 188
2034, 0
2035, 191
2036, 192
2037, 191
2038, 192
2039, 194
2040, 194
2041, 195
2042, 195
2043, 0
2044, 198
2045, 197
2046, 196
2047, 0
2048, 201
2049, 201
2050, 0
2051, 0
2052, 207
2053, 201
2054, 202
2055, 201
2056, 200
2057, 200
2058, 201
2059, 203
2060, 203
2061, 0
2062, 207
2063, 206
2064, 0
2065, 206
2066, 0
2067, 209
2068, 211
2069, 210
2070, 209
2071, 211
2072, 0
2073, 0
2074, 217
2075, 216
2076, 215
2077, 214
2078, 212
2079, 211
2080, 211
2081, 0
2082, 213
2083, 0
2084, 215
2085, 216
2086, 216
2087, 216
2088, 216
2089, 0
2090, 220
2091, 221
2092, 0
2093, 221
2094, 216
2095, 217
2096, 218
2097, 218
2098, 220
2099, 219
2100, 217
2101, 216
2102, 0
2103, 222
2104, 221
2105, 223
2106, 223
2107, 224
2108, 224
2109, 223
2110, 226
2111, 228
2112, 227
2113, 225
2114, 227
2115, 0
2116, 0
2117, 234
2118, 233
2119, 234
2120, 233
2121, 234
2122, 236
2123, 236
2124, 235
2125, 0
2126, 0
2127, 240
2128, 241
2129, 242
2130, 242
2131, 243
2132, 243
2133, 237
2134, 237
2135, 238
2136, 239
2137, 239
2138, 238
2139, 239
2140, 241
2141, 241
2142, 241
2143, 243
2144, 244
2145, 243
2146, 243
2147, 0
2148, 0
2149, 243
2150, 242
2151, 241
2152, 242
2153, 243
2154, 242
2155, 244
2156, 244
2157, 245
2158, 0
2159, 246
2160, 247
2161, 0
2162, 249
2163, 249
2164, 249
2165, 249
2166, 249
2167, 252
2168, 0
2169, 253
2170, 253
2171, 255
2172, 255
2173, 257
2174, 258
2175, 258
2176, 259
2177, 260
2178, 259
2179, 0
2180, 0
2181, 260
2182, 0
2183, 262
2184, 263
2185, 0
2186, 265
2187, 267
2188, 267
2189, 267
2190, 0
2191, 269
2192, 271
2193, 272
2194, 271
2195, 0
2196, 274
2197, 273
2198, 275
2199, 274
2200, 274
2201, 276
2202, 277
2203, 277
2204, 279
2205, 278
2206, 277
2207, 0
2208, 282
2209, 282
2210, 284
2211, 283
2212, 284
2213, 278
2214, 0
2215, 276
2216, 277
2217, 0
2218, 281
2219, 282
2220, 281
2221, 276
2222, 275
2223, 275
2224, 274
2225, 272
2226, 0
2227, 0
2228, 276
2229, 278
2230, 279
2231, 278
2232, 279
2233, 280
2234, 280
2235, 280
2236, 281
2237, 0
2238, 282
2239, 282
2240, 282
2241, 283
2242, 284
2243, 285
2244, 285
2245, 285
2246, 286
2247, 289
2248, 289
2249, 0
2250, 292
2251, 291
2252, 292
2253, 293
2254, 293
2255, 294
2256, 293
2257, 293
2258, 295
2259, 297
2260, 296
2261, 296
2262, 295
2263, 296
2264, 296
2265, 0
2266, 299
2267, 300
2268, 301
2269, 0
2270, 300
2271, 301
2272, 303
2273, 304
2274, 304
2275, 303
2276, 304
2277, 305
2278, 307
2279, 307
2280, 306
2281, 307
2282, 308
2283, 308
2284, 0
2285, 311
2286, 310
2287, 311
2288, 313
2289, 313
2290, 312
2291, 311
2292, 312
2293, 313
2294, 313
2295, 0
2296, 316
2297, 317
2298, 318
2299, 317
2300, 316
2301, 318
2302, 320
2303, 320
2304, 320
2305, 320
2306, 320
2307, 323
2308, 323
2309, 323
2310, 324
2311, 323
2312, 0
2313, 325
2314, 325
2315, 326
2316, 328
2317, 328
2318, 326
2319, 325
2320, 326
2321, 327
2322, 328
2323, 327
2324, 327
2325, 328
2326, 0
2327, 0
2328, 334
2329, 332
2330, 331
2331, 334
2332, 335
2333, 334
2334, 335
2335, 336
2336, 335
2337, 337
2338, 337
2339, 337
2340, 339
2341, 339
2342, 338
2343, 338
2344, 0
2345, 342
2346, 342
2347, 341
2348, 342
2349, 343
2350, 345
2351, 344
2352, 343
2353, 344
2354, 345
2355, 345
2356, 346
2357, 347
2358, 347
2359, 348
2360, 0
2361, 351
2362, 349
2363, 349
2364, 350
2365, 351
2366, 350
2367, 352
2368, 352
2369, 351
2370, 351
2371, 352
2372, 353
2373, 354
2374, 355
2375, 353
2376, 0
2377, 354
2378, 356
2379, 0
2380, 356
2381, 356
2382, 0
2383, 360
2384, 360
2385, 360
2386, 360
2387, 361
2388, 362
2389, 362
2390, 361
2391, 360
2392, 360
2393, 361
2394, 0
2395, 363
2396, 363
2397, 365
2398, 0
2399, 368
2400, 368
2401, 367
2402, 367
2403, 368
2404, 369
2405, 368
2406, 369
2407, 368
2408, 369
2409, 369
2410, 369
2411, 370
2412, 0
2413, 372
2414, 0
2415, 375
2416, 0
2417, 372
2418, 372
2419, 0
2420, 373
2421, 375
2422, 376
2423, 375
2424, 374
2425, 375
2426, 376
2427, 378
2428, 378
2429, 377
2430, 377
2431, 378
2432, 0
2433, 380
2434, 0
2435, 0
2436, 0
2437, 0
2438, 381
2439, 383
2440, 389
2441, 389
2442, 390
2443, 391
2444, 389
2445, 0
2446, 393
2447, 393
2448, 394
2449, 393
2450, 394
2451, 395
2452, 0
2453, 396
2454, 395
2455, 396
2456, 396
2457, 395
2458, 396
2459, 396
2460, 396
2461, 395
2462, 395
2463, 398
2464, 0
2465, 397
2466, 396
2467, 397
2468, 398
2469, 0
2470, 399
2471, 401
2472, 402
2473, 401
2474, 403
2475, 403
2476, 402
2477, 402
2478, 403
2479, 408
2480, 410
2481, 0
2482, 414
2483, 412
2484, 411
2485, 412
2486, 414
2487, 414
2488, 413
2489, 414
2490, 0
2491, 411
2492, 0
2493, 413
2494, 414
2495, 414
2496, 415
2497, 0
2498, 420
2499, 417
2500, 0
2501, 421
2502, 421
2503, 421
2504, 423
2505, 423
2506, 422
2507, 423
2508, 423
2509, 422
2510, 423
2511, 423
2512, 422
2513, 422
2514, 423
2515, 421
2516, 423
2517, 424
2518, 423
2519, 424
2520, 425
2521, 424
2522, 425
2523, 0
2524, 0
2525, 0
2526, 426
2527, 427
2528, 428
2529, 427
2530, 430
2531, 430
2532, 429
2533, 430
2534, 430
2535, 430
2536, 430
2537, 431
2538, 430
2539, 430
2540, 432
2541, 431
2542, 430
2543, 432
2544, 431
2545, 431
2546, 433
2547, 432
2548, 0
2549, 435
2550, 435
2551, 435
2552, 435
2553, 435
2554, 436
2555, 436
2556, 436
2557, 438
2558, 440
2559, 445
2560, 447
2561, 449
2562, 454
2563, 454
2564, 455
2565, 454
2566, 455
2567, 454
2568, 455
2569, 457
2570, 457
2571, 457
2572, 458
2573, 458
2574, 459
2575, 459
2576, 458
2577, 459
2578, 459
2579, 459
2580, 459
2581, 459
2582, 459
2583, 459
2584, 459
2585, 459
2586, 460
2587, 458
2588, 458
2589, 459
2590, 461
2591, 461
2592, 460
2593, 461
2594, 462
2595, 0
2596, 458
2597, 459
2598, 460
2599, 0
2600, 463
2601, 462
2602, 0
2603, 463
2604, 463
2605, 463
2606, 463
2607, 464
2608, 466
2609, 471
2610, 471
2611, 471
2612, 472
2613, 472
2614, 0
2615, 477
2616, 483
2617, 483
2618, 481
2619, 480
2620, 482
2621, 481
2622, 0
2623, 483
2624, 0
2625, 485
2626, 484
2627, 485
2628, 486
2629, 486
2630, 0
2631, 486
2632, 485
2633, 487
2634, 489
2635, 490
2636, 490
2637, 490
2638, 488
2639, 486
2640, 487
2641, 489
2642, 487
2643, 485
2644, 0
2645, 489
2646, 490
2647, 492
2648, 497
2649, 496
2650, 498
2651, 498
2652, 498
2653, 0
2654, 500
2655, 502
2656, 509
2657, 507
2658, 0
2659, 505
2660, 504
2661, 504
2662, 506
2663, 507
2664, 506
2665, 506
2666, 0
2667, 507
2668, 507
2669, 508
2670, 508
2671, 508
2672, 508
2673, 508
2674, 509
2675, 509
2676, 509
2677, 510
2678, 509
2679, 510
2680, 512
2681, 0
2682, 509
2683, 0
2684, 510
2685, 511
2686, 512
2687, 0
2688, 0
2689, 508
2690, 509
2691, 0
2692, 512
2693, 512
2694, 0
2695, 525
2696, 528
2697, 529
2698, 530
2699, 0
2700, 528
2701, 527
2702, 0
2703, 529
2704, 529
2705, 527
2706, 528
2707, 528
2708, 527
2709, 529
2710, 531
2711, 529
2712, 527
2713, 529
2714, 531
2715, 531
2716, 532
2717, 532
2718, 531
2719, 532
2720, 531
2721, 533
2722, 533
2723, 532
2724, 531
2725, 532
2726, 533
2727, 0
2728, 543
2729, 0
2730, 548
2731, 0
2732, 547
2733, 549
2734, 550
2735, 550
2736, 548
2737, 546
2738, 549
2739, 550
2740, 550
2741, 549
2742, 547
2743, 549
2744, 551
2745, 551
2746, 549
2747, 549
2748, 550
2749, 550
2750, 551
2751, 552
2752, 558
2753, 558
2754, 557
2755, 555
2756, 556
2757, 557
2758, 558
2759, 559
2760, 559
2761, 0
2762, 567
2763, 0
2764, 564
2765, 566
2766, 0
2767, 567
2768, 0
2769, 565
2770, 566
2771, 0
2772, 568
2773, 566
2774, 566
2775, 0
2776, 573
2777, 573
2778, 0
2779, 0
2780, 575
2781, 577
2782, 575
2783, 574
2784, 575
2785, 577
2786, 576
2787, 577
2788, 577
2789, 577
2790, 577
2791, 579
2792, 583
2793, 585
2794, 585
2795, 583
2796, 584
2797, 584
2798, 583
2799, 583
2800, 585
2801, 586
2802, 586
2803, 586
2804, 586
2805, 585
2806, 584
2807, 591
2808, 591
2809, 590
2810, 590
2811, 593
2812, 593
2813, 0
2814, 591
2815, 592
2816, 600
2817, 599
2818, 598
2819, 599
2820, 597
2821, 598
2822, 598
2823, 597
2824, 597
2825, 599
2826, 600
2827, 599
2828, 600
2829, 600
2830, 599
2831, 600
2832, 607
2833, 607
2834, 607
2835, 606
2836, 607
2837, 607
2838, 608
2839, 609
2840, 616
2841, 616
2842, 615
2843, 615
2844, 615
2845, 615
2846, 613
2847, 613
2848, 616
2849, 616
2850, 0
2851, 612
2852, 613
2853, 0
2854, 615
2855, 615
2856, 615
2857, 623
2858, 0
2859, 620
2860, 621
2861, 0
2862, 624
2863, 626
2864, 630
2865, 630
2866, 628
2867, 628
2868, 630
2869, 632
2870, 631
2871, 630
2872, 629
2873, 631
2874, 0
2875, 628
2876, 628
2877, 628
2878, 630
2879, 637
2880, 636
2881, 636
2882, 637
2883, 0
2884, 634
2885, 635
2886, 635
2887, 642
2888, 643
2889, 642
2890, 641
2891, 642
2892, 642
2893, 641
2894, 642
2895, 643
2896, 650
2897, 651
2898, 650
2899, 649
2900, 650
2901, 649
2902, 648
2903, 648
2904, 648
2905, 649
2906, 649
2907, 648
2908, 650
2909, 650
2910, 650
2911, 651
2912, 657
2913, 657
2914, 656
2915, 656
2916, 656
2917, 657
2918, 657
2919, 659
2920, 665
2921, 666
2922, 665
2923, 662
2924, 663
2925, 663
2926, 662
2927, 663
2928, 662
2929, 664
2930, 665
2931, 664
2932, 664
2933, 664
2934, 665
2935, 667
2936, 670
2937, 671
2938, 671
2939, 671
2940, 670
2941, 671
2942, 673
2943, 676
2944, 679
2945, 679
2946, 0
2947, 677
2948, 677
2949, 674
2950, 675
2951, 677
2952, 677
2953, 677
2954, 677
2955, 677
2956, 677
2957, 676
2958, 677
2959, 682
2960, 685
2961, 684
2962, 683
2963, 0
2964, 682
2965, 681
2966, 681
2967, 682
2968, 689
2969, 687
2970, 690
2971, 690
2972, 688
2973, 689
2974, 690
2975, 693
2976, 698
2977, 697
2978, 696
2979, 695
2980, 695
2981, 696
2982, 696
2983, 696
2984, 703
2985, 703
2986, 702
2987, 703
2988, 0
2989, 701
2990, 701
2991, 701
2992, 706
2993, 708
2994, 709
2995, 710
2996, 709
2997, 707
2998, 709
2999, 712
3000, 716
3001, 715
3002, 716
3003, 0
3004, 715
3005, 715
3006, 715
3007, 0
3008, 0
3009, 722
3010, 720
3011, 718
3012, 719
3013, 720
3014, 719
3015, 721
3016, 728
3017, 729
3018, 728
3019, 727
3020, 728
3021, 729
3022, 730
3023, 732
3024, 734
3025, 735
3026, 735
3027, 0
3028, 734
3029, 735
3030, 735
3031, 734
3032, 741
3033, 742
3034, 740
3035, 741
3036, 740
3037, 742
3038, 742
3039, 740
3040, 747
3041, 748
3042, 748
3043, 747
3044, 745
3045, 747
3046, 748
3047, 0
3048, 753
3049, 754
3050, 0
3051, 753
3052, 754
3053, 0
3054, 753
3055, 755
3056, 761
3057, 761
3058, 762
3059, 761
3060, 761
3061, 761
3062, 762
3063, 769
3064, 0
3065, 773
3066, 773
3067, 774
3068, 774
3069, 775
3070, 775
3071, 776
3072, 780
3073, 779
3074, 780
3075, 780
3076, 779
3077, 779
3078, 779
3079, 781
3080, 788
3081, 787
3082, 788
3083, 787
3084, 786
3085, 785
3086, 0
3087, 800
3088, 800
3089, 801
3090, 800
3091, 800
3092, 801
3093, 801
3094, 800
3095, 798
3096, 0
3097, 0
3098, 799
3099, 801
3100, 0
3101, 799
3102, 801
3103, 803
3104, 810
3105, 815
3106, 814
3107, 814
3108, 814
3109, 812
3110, 0
3111, 811
3112, 820
3113, 818
3114, 818
3115, 819
3116, 0
3117, 0
3118, 815
3119, 817
3120, 823
3121, 825
3122, 825
3123, 823
3124, 822
3125, 0
3126, 821
3127, 822
3128, 828
3129, 826
3130, 828
3131, 828
3132, 828
3133, 828
3134, 830
3135, 840
3136, 844
3137, 844
3138, 841
3139, 842
3140, 842
3141, 840
3142, 841
3143, 844
3144, 0
3145, 848
3146, 0
3147, 847
3148, 0
3149, 844
3150, 844
3151, 846
3152, 847
3153, 847
3154, 846
3155, 0
3156, 844
3157, 844
3158, 846
3159, 848
3160, 852
3161, 858
3162, 858
3163, 857
3164, 856
3165, 0
3166, 855
3167, 0
3168, 0
3169, 863
3170, 0
3171, 861
3172, 861
3173, 860
3174, 861
3175, 868
3176, 868
3177, 865
3178, 866
3179, 866
3180, 864
3181, 862
3182, 863
3183, 865
3184, 866
3185, 0
3186, 861
3187, 0
3188, 864
3189, 863
3190, 865
3191, 869
3192, 876
3193, 876
3194, 878
3195, 876
3196, 0
3197, 876
3198, 878
3199, 881
3200, 889
3201, 890
3202, 891
3203, 888
3204, 888
3205, 890
3206, 0
3207, 887
3208, 885
3209, 885
3210, 886
3211, 886
3212, 887
3213, 887
3214, 0
3215, 887
3216, 900
3217, 900
3218, 899
3219, 900
3220, 899
3221, 900
3222, 898
3223, 898
3224, 897
3225, 0
3226, 895
3227, 896
3228, 895
3229, 895
3230, 896
3231, 900
3232, 909
3233, 911
3234, 910
3235, 0
3236, 907
3237, 908
3238, 908
3239, 910
3240, 915
3241, 914
3242, 912
3243, 912
3244, 0
3245, 910
3246, 909
3247, 910
3248, 0
3249, 907
3250, 908
3251, 908
3252, 908
3253, 907
3254, 908
3255, 915
3256, 921
3257, 920
3258, 0
3259, 0
3260, 917
3261, 916
3262, 918
3263, 922
3264, 926
3265, 929
3266, 932
3267, 931
3268, 930
3269, 931
3270, 931
3271, 931
3272, 931
3273, 929
3274, 929
3275, 929
3276, 929
3277, 929
3278, 0
3279, 936
3280, 940
3281, 940
3282, 940
3283, 940
3284, 938
3285, 938
3286, 938
3287, 940
3288, 954
3289, 954
3290, 953
3291, 0
3292, 950
3293, 949
3294, 951
3295, 953
3296, 0
3297, 957
3298, 955
3299, 953
3300, 955
3301, 0
3302, 0
3303, 956
3304, 961
3305, 962
3306, 964
3307, 962
3308, 963
3309, 0
3310, 962
3311, 0
3312, 963
3313, 965
3314, 973
3315, 971
3316, 973
3317, 972
3318, 971
3319, 972
3320, 0
3321, 0
3322, 976
3323, 975
3324, 975
3325, 975
3326, 0
3327, 980
3328, 980
3329, 979
3330, 978
3331, 977
3332, 979
3333, 979
3334, 980
3335, 987
3336, 990
3337, 992
3338, 992
3339, 0
3340, 988
3341, 989
3342, 992
3343, 994
3344, 1007
3345, 1006
3346, 1006
3347, 1005
3348, 0
3349, 1003
3350, 0
3351, 1000
3352, 1001
3353, 999
3354, 997
3355, 997
3356, 998
3357, 998
3358, 999
3359, 1007
3360, 0
3361, 1007
3362, 1010
3363, 0
3364, 1007
3365, 1008
3366, 1009
3367, 0
3368, 1022
3369, 1022
3370, 1022
3371, 0
3372, 1019
3373, 1020
3374, 1020
3375, 1021
3376, 1035
3377, 1034
3378, 1033
3379, 1034
3380, 1032
3381, 1030
3382, 0
3383, 1032
3384, 1034
3385, 1035
3386, 1034
3387, 1032
3388, 1033
3389, 1032
3390, 1033
3391, 1037
3392, 1039
3393, 1039
3394, 1038
3395, 0
3396, 1038
3397, 1038
3398, 0
3399, 1045
3400, 1051
3401, 1051
3402, 1049
3403, 1048
3404, 1050
3405, 1050
3406, 1047
3407, 1048
3408, 1057
3409, 1064
3410, 0
3411, 1060
3412, 1059
3413, 0
3414, 1061
3415, 1065
3416, 1066
3417, 1069
3418, 1068
3419, 1069
3420, 1071
3421, 1071
3422, 0
3423, 0
3424, 1084
3425, 1084
3426, 1083
3427, 1081
3428, 1081
3429, 1079
3430, 1078
3431, 1080
3432, 1086
3433, 1087
3434, 1087
3435, 0
3436, 1086
3437, 1084
3438, 1086
3439, 0
3440, 0
3441, 1106
3442, 1104
3443, 1102
3444, 1103
3445, 1104
3446, 1104
3447, 1109
3448, 1109
3449, 1109
3450, 1108
3451, 1108
3452, 1109
3453, 1108
3454, 0
3455, 1107
3456, 1109
3457, 1109
3458, 1110
3459, 1111
3460, 1112
3461, 1112
3462, 1112
3463, 1122
3464, 0
3465, 1122
3466, 1121
3467, 1119
3468, 1121
3469, 1121
3470, 1123
3471, 1131
3472, 1130
3473, 1132
3474, 1133
3475, 1133
3476, 1134
3477, 0
3478, 1131
3479, 0
3480, 1135
3481, 1143
3482, 1142
3483, 1141
3484, 0
3485, 0
3486, 1138
3487, 1138
3488, 1140
3489, 1152
3490, 1154
3491, 1153
3492, 1151
3493, 1153
3494, 1154
3495, 1157
3496, 0
3497, 1163
3498, 0
3499, 1162
3500, 1161
3501, 1160
3502, 1162
3503, 1169
3504, 1174
3505, 1174
3506, 1175
3507, 1174
3508, 0
3509, 1170
3510, 1167
3511, 0
3512, 1184
3513, 1182
3514, 1180
3515, 1181
3516, 1182
3517, 0
3518, 1179
3519, 1181
3520, 1191
3521, 0
3522, 1191
3523, 1192
3524, 1191
3525, 1191
3526, 1193
3527, 1198
3528, 0
3529, 1200
3530, 0
3531, 1201
3532, 1200
3533, 1200
3534, 1202
3535, 1210
3536, 1213
3537, 1214
3538, 0
3539, 1211
3540, 1211
3541, 1209
3542, 1210
3543, 0
3544, 1215
3545, 0
3546, 1222
3547, 1221
3548, 1222
3549, 1220
3550, 1222
3551, 1230
3552, 1241
3553, 1242
3554, 0
3555, 1235
3556, 1238
3557, 0
3558, 1238
3559, 1241
3560, 1246
3561, 1249
3562, 0
3563, 1246
3564, 1245
3565, 1244
3566, 1246
3567, 1253
3568, 1259
3569, 1260
3570, 1257
3571, 1258
3572, 0
3573, 1251
3574, 1254
3575, 0
3576, 1268
3577, 1267
3578, 1266
3579, 1264
3580, 1264
3581, 1266
3582, 1266
3583, 1268
3584, 1279
3585, 0
3586, 1274
3587, 1273
3588, 1273
3589, 1273
3590, 1275
3591, 1282
3592, 1288
3593, 0
3594, 0
3595, 1291
3596, 1292
3597, 1291
3598, 1293
3599, 1295
3600, 1304
3601, 1305
3602, 0
3603, 0
3604, 1301
3605, 1299
3606, 1300
3607, 1308
3608, 1315
3609, 0
3610, 0
3611, 1307
3612, 1308
3613, 1307
3614, 1308
3615, 1311
3616, 1321
3617, 0
3618, 1319
3619, 1319
3620, 0
3621, 1317
3622, 1319
3623, 0
3624, 1329
3625, 1328
3626, 1329
3627, 0
3628, 1326
3629, 1325
3630, 0
3631, 0
3632, 1331
3633, 1333
3634, 1339
3635, 1337
3636, 1337
3637, 1336
3638, 0
3639, 0
3640, 1348
3641, 1355
3642, 1353
3643, 1354
3644, 1351
3645, 1349
3646, 1350
3647, 1359
3648, 1373
3649, 1372
3650, 1370
3651, 0
3652, 1367
3653, 1368
3654, 1367
3655, 1371
3656, 0
3657, 1381
3658, 1380
3659, 1380
3660, 1377
3661, 1375
3662, 1376
3663, 1377
3664, 1385
3665, 1392
3666, 0
3667, 0
3668, 1387
3669, 1387
3670, 1387
3671, 1392
3672, 1406
3673, 1405
3674, 1405
3675, 0
3676, 0
3677, 1400
3678, 1402
3679, 1404
3680, 1409
3681, 1408
3682, 0
3683, 0
3684, 1409
3685, 1411
3686, 1410
3687, 1413
3688, 1417
3689, 0
3690, 1420
3691, 1420
3692, 0
3693, 1418
3694, 1421
3695, 1423
3696, 1427
3697, 1430
3698, 0
3699, 1428
3700, 1429
3701, 0
3702, 1428
3703, 1439
3704, 0
3705, 1448
3706, 0
3707, 1444
3708, 0
3709, 1442
3710, 1443
3711, 1456
3712, 1457
3713, 1461
3714, 1462
3715, 1463
3716, 0
3717, 1459
3718, 1460
3719, 0
3720, 1468
3721, 1475
3722, 1476
3723, 1477
3724, 0
3725, 1473
3726, 1475
3727, 1483
3728, 1497
3729, 0
3730, 0
3731, 1489
3732, 1490
3733, 1489
3734, 1491
3735, 1500
3736, 0
3737, 1501
3738, 1501
3739, 0
3740, 0
3741, 1498
3742, 1499
3743, 1505
3744, 0
3745, 1516
3746, 1517
3747, 1516
3748, 1513
3749, 0
3750, 1512
3751, 1515
3752, 1522
3753, 1528
3754, 0
3755, 1537
3756, 1536
3757, 1536
3758, 1537
3759, 0
3760, 1547
3761, 1548
3762, 0
3763, 1545
3764, 0
3765, 1546
3766, 0
3767, 0
3768, 0
3769, 0
3770, 0
3771, 0
3772, 0
3773, 0
3774, 0
3775, 0
3776, 0
3777, 0
3778, 0
3779, 0
3780, 0
3781, 0
3782, 0
3783, 0
3784, 0
3785, 0
3786, 0
3787, 0
3788, 0
3789, 0
3790, 0
3791, 0
3792, 0
3793, 0
3794, 0
3795, 1603
3796, 0
3797, 1603
3798, 1604
3799, 1609
3800, 0
3801, 1626
3802, 0
3803, 1624
3804, 1622
3805, 0
3806, 1625
3807, 0
3808, 1646
3809, 0
3810, 0
3811, 1655
3812, 0
3813, 1652
3814, 1653
3815, 0
3816, 1650
3817, 1655
3818, 1662
3819, 1663
3820, 1661
3821, 0
3822, 0
3823, 1664
3824, 1686
3825, 1686
3826, 1687
3827, 1686
3828, 0
3829, 1680
3830, 1681
3831, 1694
3832, 1708
3833, 0
3834, 1704
3835, 1704
3836, 0
3837, 1703
3838, 1703
3839, 0
3840, 1714
3841, 1714
3842, 0
3843, 0
3844, 1707
3845, 1705
3846, 1707
3847, 0
3848, 1729
3849, 0
3850, 1729
3851, 1726
3852, 1726
3853, 0
3854, 1726
3855, 0
3856, 1744
3857, 1753
3858, 1752
3859, 1751
3860, 1752
3861, 1750
3862, 0
3863, 0
3864, 1763
3865, 0
3866, 1772
3867, 1770
3868, 1772
3869, 0
3870, 1771
3871, 1779
3872, 0
3873, 1797
3874, 1795
3875, 0
3876, 1791
3877, 1790
3878, 1791
3879, 1797
3880, 0
3881, 0
3882, 1824
3883, 1823
3884, 1824
3885, 1823
3886, 0
3887, 0
3888, 1840
3889, 1842
3890, 0
3891, 1836
3892, 0
3893, 1837
3894, 1838
3895, 1846
3896, 0
3897, 1862
3898, 1862
3899, 0
3900, 1857
3901, 1857
3902, 1861
3903, 1864
3904, 0
3905, 0
3906, 1891
3907, 1889
3908, 1890
3909, 0
3910, 1890
3911, 1893
3912, 0
3913, 1906
3914, 0
3915, 1903
3916, 1902
3917, 0
3918, 1902
3919, 1909
3920, 0
3921, 0
3922, 1944
3923, 1943
3924, 1942
3925, 1941
3926, 0
3927, 0
3928, 1967
3929, 1976
3930, 1974
3931, 0
3932, 1971
3933, 1971
3934, 1970
3935, 1979
3936, 2000
3937, 0
3938, 0
3939, 2003
3940, 0
3941, 1999
3942, 1999
3943, 2000
3944, 0
3945, 2034
3946, 0
3947, 2030
3948, 0
3949, 2027
3950, 2028
3951, 2036
3952, 2063
3953, 0
3954, 2067
3955, 2066
3956, 2065
3957, 2066
3958, 0
3959, 0
3960, 2091
3961, 2090
3962, 0
3963, 2087
3964, 0
3965, 2084
3966, 2084
3967, 2091
3968, 2107
3969, 2128
3970, 0
3971, 2124
3972, 2122
3973, 0
3974, 2121
3975, 2122
3976, 0
3977, 2171
3978, 2169
3979, 2168
3980, 2167
3981, 0
3982, 0
3983, 2170
3984, 2201
3985, 0
3986, 2194
3987, 2193
3988, 0
3989, 2191
3990, 2193
3991, 0
3992, 0
3993, 0
3994, 2232
3995, 2231
3996, 0
3997, 2227
3998, 0
3999, 2236
4000, 2256
4001, 2277
4002, 0
4003, 0
4004, 2272
4005, 2270
4006, 2268
4007, 0
4008, 2297
4009, 2320
4010, 2318
4011, 2315
4012, 0
4013, 2312
4014, 2310
4015, 2312
4016, 0
4017, 2371
4018, 2372
4019, 0
4020, 2367
4021, 2366
4022, 2367
4023, 0
4024, 0
4025, 0
4026, 2427
4027, 2443
4028, 0
4029, 0
4030, 2440
4031, 2451
4032, 2471
4033, 2507
4034, 2505
4035, 0
4036, 2501
4037, 2500
4038, 2500
4039, 2514
4040, 0
4041, 2570
4042, 2590
4043, 0
4044, 0
4045, 2582
4046, 0
4047, 0
4048, 0
4049, 0
4050, 2675
4051, 2674
4052, 0
4053, 2672
4054, 2672
4055, 0
4056, 0
4057, 2760
4058, 2784
4059, 2783
4060, 2782
4061, 2783
4062, 0
4063, 2801
4064, 2868
4065, 0
