0, 0
1, 0
2, 0
3, 0
4, 0
5, 0
6, 0
7, 0
8, 0
9, 0
10, 0
11, 0
12, 0
13, 0
14, 0
15, 0
16, 0
17, 0
18, 0
19, 0
20, 0
21, 0
22, 0
23, 0
24, 0
25, 0
26, 0
27, 0
28, 0
29, 0
30, 0
31, 0
32, 0
33, 0
34, 0
35, 0
36, 0
37, 0
38, 0
39, 0
40, 0
41, 0
42, 0
43, 0
44, 0
45, 0
46, 0
47, 0
48, 0
49, 0
50, 0
51, 0
52, 0
53, 0
54, 0
55, 0
56, 0
57, 0
58, 0
59, 0
60, 0
61, 0
62, 0
63, 0
64, 0
65, 0
66, 0
67, 0
68, 0
69, 0
70, 0
71, 0
72, 0
73, 0
74, 0
75, 0
76, 0
77, 0
78, 0
79, 0
80, 0
81, 0
82, 0
83, 0
84, 0
85, 0
86, 0
87, 0
88, 0
89, 0
90, 0
91, 0
92, 0
93, 0
94, 0
95, 0
96, 0
97, 0
98, 0
99, 0
100, 0
101, 0
102, 0
103, 0
104, 0
105, 0
106, 0
107, 0
108, 0
109, 0
110, 0
111, 0
112, 0
113, 0
114, 0
115, 0
116, 0
117, 0
118, 0
119, 0
120, 0
121, 0
122, 0
123, 0
124, 0
125, 0
126, 0
127, 0
128, 0
129, 0
130, 0
131, 0
132, 0
133, 0
134, 0
135, 0
136, 0
137, 0
138, 0
139, 0
140, 0
141, 0
142, 0
143, 0
144, 0
145, 0
146, 0
147, 0
148, 0
149, 0
150, 0
151, 0
152, 0
153, 0
154, 0
155, 0
156, 0
157, 0
158, 0
159, 0
160, 0
161, 0
162, 0
163, 0
164, 0
165, 0
166, 0
167, 0
168, 0
169, 0
170, 0
171, 0
172, 0
173, 0
174, 0
175, 0
176, 0
177, 0
178, 0
179, 0
180, 0
181, 0
182, 0
183, 0
184, 0
185, 0
186, 0
187, 0
188, 0
189, 0
190, 0
191, 0
192, 0
193, 0
194, 0
195, 0
196, 0
197, 0
198, 0
199, 0
200, 0
201, 0
202, 0
203, 0
204, 0
205, 0
206, 0
207, 0
208, 0
209, 0
210, 0
211, 0
212, 0
213, 0
214, 0
215, 0
216, 0
217, 0
218, 0
219, 0
220, 0
221, 0
222, 0
223, 0
224, 0
225, 0
226, 0
227, 0
228, 0
229, 0
230, 0
231, 0
232, 0
233, 0
234, 0
235, 0
236, 0
237, 0
238, 0
239, 0
240, 0
241, 0
242, 0
243, 0
244, 0
245, 0
246, 0
247, 0
248, 0
249, 0
250, 0
251, 0
252, 0
253, 0
254, 0
255, 0
256, 0
257, 0
258, 0
259, 0
260, 0
261, 0
262, 0
263, 0
264, 0
265, 0
266, 0
267, 0
268, 0
269, 0
270, 0
271, 0
272, 0
273, 0
274, 0
275, 0
276, 0
277, 0
278, 0
279, 0
280, 0
281, 0
282, 0
283, 0
284, 0
285, 0
286, 0
287, 0
288, 0
289, 0
290, 0
291, 0
292, 0
293, 0
294, 0
295, 0
296, 0
297, 0
298, 0
299, 0
300, 0
301, 0
302, 0
303, 0
304, 0
305, 0
306, 0
307, 0
308, 0
309, 0
310, 0
311, 0
312, 0
313, 0
314, 0
315, 0
316, 0
317, 0
318, 0
319, 0
320, 0
321, 0
322, 0
323, 0
324, 0
325, 0
326, 0
327, 0
328, 0
329, 0
330, 0
331, 0
332, 0
333, 0
334, 0
335, 0
336, 0
337, 0
338, 0
339, 0
340, 0
341, 0
342, 0
343, 0
344, 0
345, 0
346, 0
347, 0
348, 0
349, 0
350, 0
351, 0
352, 0
353, 0
354, 0
355, 0
356, 0
357, 0
358, 0
359, 0
360, 0
361, 0
362, 0
363, 0
364, 0
365, 0
366, 0
367, 0
368, 0
369, 0
370, 0
371, 0
372, 0
373, 0
374, 0
375, 0
376, 0
377, 0
378, 0
379, 0
380, 0
381, 0
382, 0
383, 0
384, 0
385, 0
386, 0
387, 0
388, 0
389, 0
390, 0
391, 0
392, 0
393, 0
394, 0
395, 0
396, 0
397, 0
398, 0
399, 0
400, 0
401, 0
402, 0
403, 0
404, 0
405, 0
406, 0
407, 0
408, 0
409, 0
410, 0
411, 0
412, 0
413, 0
414, 0
415, 0
416, 0
417, 0
418, 0
419, 0
420, 0
421, 0
422, 0
423, 0
424, 0
425, 0
426, 0
427, 0
428, 0
429, 0
430, 0
431, 0
432, 0
433, 0
434, 0
435, 0
436, 0
437, 0
438, 0
439, 0
440, 0
441, 0
442, 0
443, 0
444, 0
445, 0
446, 0
447, 0
448, 0
449, 0
450, 0
451, 0
452, 0
453, 0
454, 0
455, 0
456, 0
457, 0
458, 0
459, 0
460, 0
461, 0
462, 0
463, 0
464, 0
465, 0
466, 0
467, 0
468, 0
469, 0
470, 0
471, 0
472, 0
473, 0
474, 0
475, 0
476, 0
477, 0
478, 0
479, 0
480, 0
481, 0
482, 0
483, 0
484, 0
485, 0
486, 0
487, 0
488, 0
489, 0
490, 0
491, 0
492, 0
493, 0
494, 0
495, 0
496, 0
497, 0
498, 0
499, 0
500, 0
501, 0
502, 0
503, 0
504, 0
505, 0
506, 0
507, 0
508, 0
509, 0
510, 0
511, 0
512, 0
513, 0
514, 0
515, 0
516, 0
517, 0
518, 0
519, 0
520, 0
521, 0
522, 0
523, 0
524, 0
525, 0
526, 0
527, 0
528, 0
529, 0
530, 0
531, 0
532, 0
533, 0
534, 0
535, 0
536, 0
537, 0
538, 0
539, 0
540, 0
541, 0
542, 0
543, 0
544, 0
545, 0
546, 0
547, 0
548, 0
549, 0
550, 0
551, 0
552, 0
553, 0
554, 0
555, 0
556, 0
557, 0
558, 0
559, 0
560, 0
561, 0
562, 0
563, 0
564, 0
565, 0
566, 0
567, 0
568, 0
569, 0
570, 0
571, 0
572, 0
573, 0
574, 0
575, 0
576, 0
577, 0
578, 0
579, 0
580, 0
581, 0
582, 0
583, 0
584, 0
585, 0
586, 0
587, 0
588, 0
589, 0
590, 0
591, 0
592, 0
593, 0
594, 0
595, 0
596, 0
597, 0
598, 0
599, 0
600, 0
601, 0
602, 0
603, 0
604, 0
605, 0
606, 0
607, 0
608, 0
609, 0
610, 0
611, 0
612, 0
613, 0
614, 0
615, 0
616, 0
617, 0
618, 0
619, 0
620, 0
621, 0
622, 0
623, 0
624, 0
625, 0
626, 0
627, 0
628, 0
629, 0
630, 0
631, 0
632, 0
633, 0
634, 0
635, 0
636, 0
637, 0
638, 0
639, 0
640, 0
641, 0
642, 0
643, 0
644, 0
645, 0
646, 0
647, 0
648, 0
649, 0
650, 0
651, 0
652, 0
653, 0
654, 0
655, 0
656, 0
657, 0
658, 0
659, 0
660, 0
661, 0
662, 0
663, 0
664, 0
665, 0
666, 0
667, 0
668, 0
669, 0
670, 0
671, 0
672, 0
673, 0
674, 0
675, 0
676, 0
677, 0
678, 0
679, 0
680, 0
681, 0
682, 0
683, 0
684, 0
685, 0
686, 0
687, 0
688, 0
689, 0
690, 0
691, 0
692, 0
693, 0
694, 0
695, 0
696, 0
697, 0
698, 0
699, 0
700, 0
701, 0
702, 0
703, 0
704, 0
705, 0
706, 0
707, 0
708, 0
709, 0
710, 0
711, 0
712, 0
713, 0
714, 0
715, 0
716, 0
717, 0
718, 0
719, 0
720, 0
721, 0
722, 0
723, 0
724, 0
725, 0
726, 0
727, 0
728, 0
729, 0
730, 0
731, 0
732, 0
733, 0
734, 0
735, 0
736, 0
737, 0
738, 0
739, 0
740, 0
741, 0
742, 0
743, 0
744, 0
745, 0
746, 0
747, 0
748, 0
749, 0
750, 0
751, 0
752, 0
753, 0
754, 0
755, 0
756, 0
757, 0
758, 0
759, 0
760, 0
761, 0
762, 0
763, 0
764, 0
765, 0
766, 0
767, 0
768, 0
769, 0
770, 0
771, 0
772, 0
773, 0
774, 0
775, 0
776, 0
777, 0
778, 0
779, 0
780, 0
781, 0
782, 0
783, 0
784, 0
785, 0
786, 0
787, 0
788, 0
789, 0
790, 0
791, 0
792, 0
793, 0
794, 0
795, 0
796, 0
797, 0
798, 0
799, 0
800, 0
801, 0
802, 0
803, 0
804, 0
805, 0
806, 0
807, 0
808, 0
809, 0
810, 0
811, 0
812, 0
813, 0
814, 0
815, 0
816, 0
817, 0
818, 0
819, 0
820, 0
821, 0
822, 0
823, 0
824, 0
825, 0
826, 0
827, 0
828, 0
829, 0
830, 0
831, 0
832, 0
833, 0
834, 0
835, 0
836, 0
837, 0
838, 0
839, 0
840, 0
841, 0
842, 0
843, 0
844, 0
845, 0
846, 0
847, 0
848, 0
849, 0
850, 0
851, 0
852, 0
853, 0
854, 0
855, 0
856, 0
857, 0
858, 0
859, 0
860, 0
861, 0
862, 0
863, 0
864, 0
865, 0
866, 0
867, 0
868, 0
869, 0
870, 0
871, 0
872, 0
873, 0
874, 0
875, 0
876, 0
877, 0
878, 0
879, 0
880, 0
881, 0
882, 0
883, 0
884, 0
885, 0
886, 0
887, 0
888, 0
889, 0
890, 0
891, 0
892, 0
893, 0
894, 0
895, 0
896, 0
897, 0
898, 0
899, 0
900, 0
901, 0
902, 0
903, 0
904, 0
905, 0
906, 0
907, 0
908, 0
909, 0
910, 0
911, 0
912, 0
913, 0
914, 0
915, 0
916, 0
917, 0
918, 0
919, 0
920, 0
921, 0
922, 0
923, 0
924, 0
925, 0
926, 0
927, 0
928, 0
929, 0
930, 0
931, 0
932, 0
933, 0
934, 0
935, 0
936, 0
937, 0
938, 0
939, 0
940, 0
941, 0
942, 0
943, 0
944, 0
945, 0
946, 0
947, 0
948, 0
949, 0
950, 0
951, 0
952, 0
953, 0
954, 0
955, 0
956, 0
957, 0
958, 0
959, 0
960, 0
961, 0
962, 0
963, 0
964, 0
965, 0
966, 0
967, 0
968, 0
969, 0
970, 0
971, 0
972, 0
973, 0
974, 0
975, 0
976, 0
977, 0
978, 0
979, 0
980, 0
981, 0
982, 0
983, 0
984, 0
985, 0
986, 0
987, 0
988, 0
989, 0
990, 0
991, 0
992, 0
993, 0
994, 0
995, 0
996, 0
997, 0
998, 0
999, 0
1000, 0
1001, 0
1002, 0
1003, 0
1004, 0
1005, 0
1006, 0
1007, 0
1008, 0
1009, 0
1010, 0
1011, 0
1012, 0
1013, 0
1014, 0
1015, 0
1016, 0
1017, 0
1018, 0
1019, 0
1020, 0
1021, 0
1022, 0
1023, 0
1024, 0
1025, 0
1026, 0
1027, 0
1028, 0
1029, 0
1030, 0
1031, 0
1032, 0
1033, 0
1034, 0
1035, 0
1036, 0
1037, 0
1038, 0
1039, 0
1040, 0
1041, 0
1042, 0
1043, 0
1044, 0
1045, 0
1046, 0
1047, 0
1048, 0
1049, 0
1050, 0
1051, 0
1052, 0
1053, 0
1054, 0
1055, 0
1056, 0
1057, 0
1058, 0
1059, 0
1060, 0
1061, 0
1062, 0
1063, 0
1064, 0
1065, 0
1066, 0
1067, 0
1068, 0
1069, 0
1070, 0
1071, 0
1072, 0
1073, 0
1074, 0
1075, 0
1076, 0
1077, 0
1078, 0
1079, 0
1080, 0
1081, 0
1082, 0
1083, 0
1084, 0
1085, 0
1086, 0
1087, 0
1088, 0
1089, 0
1090, 0
1091, 0
1092, 0
1093, 0
1094, 0
1095, 0
1096, 0
1097, 0
1098, 0
1099, 0
1100, 0
1101, 0
1102, 0
1103, 0
1104, 0
1105, 0
1106, 0
1107, 0
1108, 0
1109, 0
1110, 0
1111, 0
1112, 0
1113, 0
1114, 0
1115, 0
1116, 0
1117, 0
1118, 0
1119, 0
1120, 0
1121, 0
1122, 0
1123, 151
1124, 151
1125, 0
1126, 0
1127, 0
1128, 0
1129, 0
1130, 0
1131, 0
1132, 0
1133, 0
1134, 0
1135, 0
1136, 0
1137, 0
1138, 0
1139, 0
1140, 0
1141, 0
1142, 0
1143, 0
1144, 0
1145, 0
1146, 142
1147, 0
1148, 0
1149, 0
1150, 0
1151, 0
1152, 0
1153, 0
1154, 0
1155, 0
1156, 0
1157, 0
1158, 0
1159, 120
1160, 0
1161, 0
1162, 0
1163, 0
1164, 0
1165, 0
1166, 0
1167, 0
1168, 0
1169, 0
1170, 0
1171, 0
1172, 0
1173, 0
1174, 0
1175, 0
1176, 0
1177, 0
1178, 0
1179, 0
1180, 0
1181, 0
1182, 0
1183, 0
1184, 0
1185, 0
1186, 0
1187, 0
1188, 0
1189, 122
1190, 0
1191, 0
1192, 0
1193, 0
1194, 0
1195, 0
1196, 0
1197, 0
1198, 0
1199, 0
1200, 0
1201, 116
1202, 0
1203, 0
1204, 0
1205, 0
1206, 113
1207, 0
1208, 0
1209, 0
1210, 0
1211, 0
1212, 0
1213, 100
1214, 0
1215, 0
1216, 0
1217, 0
1218, 0
1219, 0
1220, 0
1221, 0
1222, 0
1223, 0
1224, 0
1225, 103
1226, 0
1227, 0
1228, 0
1229, 0
1230, 0
1231, 0
1232, 0
1233, 0
1234, 0
1235, 0
1236, 0
1237, 115
1238, 0
1239, 0
1240, 0
1241, 94
1242, 0
1243, 0
1244, 0
1245, 0
1246, 0
1247, 0
1248, 0
1249, 0
1250, 96
1251, 0
1252, 102
1253, 0
1254, 92
1255, 0
1256, 0
1257, 93
1258, 0
1259, 101
1260, 0
1261, 0
1262, 0
1263, 0
1264, 0
1265, 0
1266, 0
1267, 106
1268, 0
1269, 93
1270, 0
1271, 0
1272, 0
1273, 0
1274, 89
1275, 0
1276, 0
1277, 0
1278, 0
1279, 0
1280, 0
1281, 0
1282, 94
1283, 0
1284, 100
1285, 0
1286, 0
1287, 0
1288, 0
1289, 0
1290, 0
1291, 104
1292, 106
1293, 0
1294, 0
1295, 0
1296, 92
1297, 0
1298, 0
1299, 0
1300, 0
1301, 0
1302, 0
1303, 0
1304, 0
1305, 0
1306, 0
1307, 0
1308, 0
1309, 0
1310, 0
1311, 0
1312, 0
1313, 0
1314, 85
1315, 86
1316, 0
1317, 0
1318, 0
1319, 77
1320, 0
1321, 0
1322, 84
1323, 0
1324, 0
1325, 0
1326, 80
1327, 76
1328, 0
1329, 0
1330, 0
1331, 0
1332, 0
1333, 78
1334, 0
1335, 0
1336, 0
1337, 0
1338, 0
1339, 0
1340, 0
1341, 98
1342, 0
1343, 0
1344, 0
1345, 78
1346, 77
1347, 0
1348, 0
1349, 0
1350, 75
1351, 71
1352, 0
1353, 73
1354, 0
1355, 0
1356, 81
1357, 82
1358, 0
1359, 0
1360, 77
1361, 0
1362, 0
1363, 0
1364, 0
1365, 0
1366, 0
1367, 71
1368, 0
1369, 0
1370, 73
1371, 0
1372, 79
1373, 0
1374, 0
1375, 72
1376, 0
1377, 75
1378, 0
1379, 84
1380, 0
1381, 0
1382, 0
1383, 0
1384, 0
1385, 0
1386, 84
1387, 0
1388, 0
1389, 0
1390, 70
1391, 0
1392, 0
1393, 71
1394, 0
1395, 0
1396, 0
1397, 86
1398, 73
1399, 0
1400, 0
1401, 0
1402, 0
1403, 0
1404, 0
1405, 0
1406, 0
1407, 72
1408, 0
1409, 0
1410, 80
1411, 81
1412, 0
1413, 0
1414, 0
1415, 0
1416, 73
1417, 76
1418, 0
1419, 85
1420, 0
1421, 84
1422, 79
1423, 72
1424, 0
1425, 0
1426, 0
1427, 0
1428, 0
1429, 79
1430, 0
1431, 0
1432, 0
1433, 0
1434, 75
1435, 0
1436, 0
1437, 83
1438, 0
1439, 0
1440, 67
1441, 0
1442, 0
1443, 0
1444, 78
1445, 0
1446, 0
1447, 0
1448, 0
1449, 65
1450, 0
1451, 0
1452, 75
1453, 71
1454, 0
1455, 0
1456, 65
1457, 0
1458, 0
1459, 72
1460, 73
1461, 0
1462, 0
1463, 57
1464, 59
1465, 0
1466, 0
1467, 0
1468, 0
1469, 67
1470, 0
1471, 0
1472, 64
1473, 66
1474, 0
1475, 0
1476, 75
1477, 76
1478, 0
1479, 0
1480, 69
1481, 0
1482, 0
1483, 0
1484, 0
1485, 0
1486, 68
1487, 63
1488, 0
1489, 63
1490, 64
1491, 0
1492, 72
1493, 0
1494, 70
1495, 56
1496, 0
1497, 0
1498, 0
1499, 61
1500, 0
1501, 0
1502, 56
1503, 0
1504, 0
1505, 0
1506, 59
1507, 62
1508, 0
1509, 0
1510, 57
1511, 0
1512, 0
1513, 62
1514, 0
1515, 67
1516, 0
1517, 71
1518, 62
1519, 0
1520, 0
1521, 62
1522, 62
1523, 0
1524, 0
1525, 70
1526, 61
1527, 0
1528, 0
1529, 0
1530, 65
1531, 68
1532, 0
1533, 0
1534, 65
1535, 55
1536, 0
1537, 56
1538, 0
1539, 0
1540, 0
1541, 66
1542, 56
1543, 54
1544, 0
1545, 55
1546, 0
1547, 0
1548, 66
1549, 64
1550, 58
1551, 0
1552, 0
1553, 0
1554, 0
1555, 61
1556, 0
1557, 0
1558, 58
1559, 0
1560, 58
1561, 57
1562, 0
1563, 0
1564, 0
1565, 62
1566, 56
1567, 0
1568, 47
1569, 50
1570, 0
1571, 0
1572, 57
1573, 58
1574, 0
1575, 0
1576, 48
1577, 0
1578, 54
1579, 54
1580, 0
1581, 58
1582, 0
1583, 0
1584, 49
1585, 51
1586, 0
1587, 54
1588, 0
1589, 0
1590, 58
1591, 0
1592, 49
1593, 50
1594, 0
1595, 55
1596, 56
1597, 0
1598, 46
1599, 0
1600, 47
1601, 0
1602, 52
1603, 0
1604, 0
1605, 58
1606, 48
1607, 0
1608, 48
1609, 51
1610, 0
1611, 0
1612, 56
1613, 57
1614, 0
1615, 48
1616, 0
1617, 49
1618, 50
1619, 0
1620, 53
1621, 51
1622, 0
1623, 45
1624, 0
1625, 48
1626, 0
1627, 52
1628, 54
1629, 47
1630, 0
1631, 41
1632, 43
1633, 0
1634, 0
1635, 49
1636, 53
1637, 0
1638, 0
1639, 42
1640, 42
1641, 45
1642, 0
1643, 0
1644, 52
1645, 46
1646, 39
1647, 0
1648, 43
1649, 44
1650, 45
1651, 46
1652, 0
1653, 50
1654, 0
1655, 0
1656, 41
1657, 42
1658, 43
1659, 0
1660, 47
1661, 0
1662, 48
1663, 39
1664, 0
1665, 0
1666, 42
1667, 44
1668, 45
1669, 44
1670, 0
1671, 42
1672, 43
1673, 43
1674, 0
1675, 49
1676, 50
1677, 48
1678, 0
1679, 46
1680, 45
1681, 48
1682, 0
1683, 0
1684, 56
1685, 0
1686, 45
1687, 41
1688, 0
1689, 46
1690, 0
1691, 51
1692, 0
1693, 47
1694, 0
1695, 43
1696, 42
1697, 0
1698, 47
1699, 0
1700, 49
1701, 50
1702, 44
1703, 0
1704, 41
1705, 40
1706, 0
1707, 44
1708, 0
1709, 49
1710, 0
1711, 37
1712, 36
1713, 38
1714, 0
1715, 44
1716, 0
1717, 41
1718, 31
1719, 0
1720, 0
1721, 36
1722, 39
1723, 39
1724, 0
1725, 0
1726, 40
1727, 33
1728, 33
1729, 0
1730, 34
1731, 34
1732, 0
1733, 39
1734, 0
1735, 0
1736, 37
1737, 36
1738, 37
1739, 0
1740, 44
1741, 45
1742, 40
1743, 40
1744, 40
1745, 0
1746, 43
1747, 46
1748, 0
1749, 46
1750, 0
1751, 38
1752, 38
1753, 39
1754, 40
1755, 41
1756, 0
1757, 0
1758, 35
1759, 33
1760, 33
1761, 33
1762, 0
1763, 38
1764, 39
1765, 0
1766, 36
1767, 29
1768, 0
1769, 31
1770, 33
1771, 34
1772, 33
1773, 36
1774, 0
1775, 0
1776, 0
1777, 43
1778, 45
1779, 0
1780, 48
1781, 50
1782, 0
1783, 39
1784, 38
1785, 0
1786, 40
1787, 42
1788, 0
1789, 36
1790, 0
1791, 31
1792, 32
1793, 0
1794, 38
1795, 0
1796, 40
1797, 39
1798, 31
1799, 0
1800, 32
1801, 32
1802, 32
1803, 34
1804, 35
1805, 0
1806, 0
1807, 29
1808, 27
1809, 0
1810, 30
1811, 31
1812, 34
1813, 33
1814, 31
1815, 0
1816, 0
1817, 41
1818, 0
1819, 44
1820, 0
1821, 48
1822, 36
1823, 35
1824, 34
1825, 0
1826, 36
1827, 0
1828, 39
1829, 36
1830, 37
1831, 0
1832, 0
1833, 31
1834, 30
1835, 34
1836, 0
1837, 37
1838, 0
1839, 26
1840, 26
1841, 28
1842, 27
1843, 0
1844, 0
1845, 31
1846, 32
1847, 35
1848, 36
1849, 0
1850, 38
1851, 0
1852, 41
1853, 43
1854, 31
1855, 0
1856, 27
1857, 29
1858, 0
1859, 0
1860, 36
1861, 37
1862, 29
1863, 29
1864, 0
1865, 0
1866, 34
1867, 35
1868, 35
1869, 38
1870, 0
1871, 33
1872, 34
1873, 0
1874, 34
1875, 0
1876, 41
1877, 41
1878, 31
1879, 0
1880, 29
1881, 30
1882, 0
1883, 32
1884, 33
1885, 0
1886, 29
1887, 28
1888, 0
1889, 32
1890, 32
1891, 33
1892, 0
1893, 36
1894, 31
1895, 0
1896, 33
1897, 31
1898, 32
1899, 34
1900, 35
1901, 0
1902, 27
1903, 23
1904, 0
1905, 0
1906, 28
1907, 0
1908, 31
1909, 33
1910, 0
1911, 27
1912, 28
1913, 26
1914, 27
1915, 29
1916, 31
1917, 0
1918, 30
1919, 30
1920, 29
1921, 28
1922, 30
1923, 30
1924, 0
1925, 35
1926, 29
1927, 28
1928, 29
1929, 29
1930, 0
1931, 33
1932, 35
1933, 37
1934, 26
1935, 24
1936, 23
1937, 0
1938, 28
1939, 28
1940, 29
1941, 27
1942, 23
1943, 23
1944, 0
1945, 0
1946, 25
1947, 26
1948, 29
1949, 31
1950, 31
1951, 24
1952, 0
1953, 26
1954, 28
1955, 27
1956, 29
1957, 30
1958, 26
1959, 0
1960, 28
1961, 27
1962, 26
1963, 28
1964, 30
1965, 0
1966, 28
1967, 0
1968, 26
1969, 28
1970, 28
1971, 27
1972, 30
1973, 0
1974, 0
1975, 22
1976, 20
1977, 20
1978, 21
1979, 22
1980, 24
1981, 0
1982, 0
1983, 22
1984, 22
1985, 0
1986, 24
1987, 24
1988, 0
1989, 28
1990, 24
1991, 23
1992, 23
1993, 20
1994, 22
1995, 0
1996, 25
1997, 28
1998, 21
1999, 19
2000, 21
2001, 21
2002, 22
2003, 24
2004, 25
2005, 25
2006, 0
2007, 24
2008, 24
2009, 24
2010, 24
2011, 26
2012, 27
2013, 0
2014, 21
2015, 0
2016, 16
2017, 16
2018, 0
2019, 21
2020, 0
2021, 23
2022, 0
2023, 0
2024, 22
2025, 24
2026, 0
2027, 29
2028, 30
2029, 28
2030, 27
2031, 0
2032, 0
2033, 19
2034, 18
2035, 20
2036, 21
2037, 0
2038, 23
2039, 23
2040, 25
2041, 25
2042, 0
2043, 27
2044, 23
2045, 0
2046, 19
2047, 18
2048, 17
2049, 0
2050, 19
2051, 19
2052, 18
2053, 0
2054, 21
2055, 17
2056, 18
2057, 0
2058, 20
2059, 19
2060, 21
2061, 19
2062, 16
2063, 14
2064, 17
2065, 16
2066, 17
2067, 0
2068, 19
2069, 16
2070, 0
2071, 0
2072, 18
2073, 17
2074, 17
2075, 20
2076, 20
2077, 19
2078, 0
2079, 17
2080, 19
2081, 18
2082, 20
2083, 21
2084, 21
2085, 0
2086, 0
2087, 17
2088, 17
2089, 19
2090, 19
2091, 20
2092, 20
2093, 17
2094, 0
2095, 18
2096, 17
2097, 15
2098, 18
2099, 18
2100, 18
2101, 19
2102, 11
2103, 0
2104, 16
2105, 0
2106, 18
2107, 16
2108, 18
2109, 19
2110, 13
2111, 12
2112, 13
2113, 14
2114, 15
2115, 0
2116, 18
2117, 0
2118, 18
2119, 18
2120, 19
2121, 20
2122, 0
2123, 24
2124, 25
2125, 0
2126, 19
2127, 17
2128, 19
2129, 19
2130, 19
2131, 20
2132, 21
2133, 23
2134, 0
2135, 18
2136, 17
2137, 18
2138, 18
2139, 0
2140, 16
2141, 17
2142, 0
2143, 0
2144, 13
2145, 12
2146, 12
2147, 12
2148, 14
2149, 14
2150, 14
2151, 14
2152, 14
2153, 0
2154, 17
2155, 16
2156, 0
2157, 20
2158, 19
2159, 0
2160, 24
2161, 23
2162, 24
2163, 25
2164, 24
2165, 0
2166, 17
2167, 15
2168, 14
2169, 0
2170, 15
2171, 17
2172, 16
2173, 0
2174, 14
2175, 0
2176, 17
2177, 22
2178, 20
2179, 22
2180, 0
2181, 23
2182, 17
2183, 9
2184, 0
2185, 12
2186, 10
2187, 0
2188, 14
2189, 15
2190, 16
2191, 14
2192, 16
2193, 14
2194, 15
2195, 17
2196, 0
2197, 17
2198, 13
2199, 0
2200, 15
2201, 15
2202, 15
2203, 17
2204, 15
2205, 10
2206, 10
2207, 10
2208, 0
2209, 13
2210, 14
2211, 15
2212, 16
2213, 17
2214, 16
2215, 17
2216, 18
2217, 0
2218, 19
2219, 21
2220, 20
2221, 20
2222, 0
2223, 17
2224, 16
2225, 16
2226, 16
2227, 18
2228, 16
2229, 14
2230, 12
2231, 9
2232, 0
2233, 12
2234, 11
2235, 13
2236, 17
2237, 16
2238, 18
2239, 16
2240, 17
2241, 0
2242, 18
2243, 19
2244, 21
2245, 21
2246, 0
2247, 14
2248, 15
2249, 14
2250, 14
2251, 16
2252, 17
2253, 17
2254, 12
2255, 0
2256, 11
2257, 10
2258, 11
2259, 14
2260, 16
2261, 17
2262, 15
2263, 10
2264, 10
2265, 10
2266, 10
2267, 12
2268, 12
2269, 13
2270, 12
2271, 11
2272, 0
2273, 16
2274, 15
2275, 16
2276, 19
2277, 19
2278, 14
2279, 0
2280, 0
2281, 14
2282, 16
2283, 17
2284, 15
2285, 16
2286, 10
2287, 8
2288, 9
2289, 0
2290, 11
2291, 14
2292, 14
2293, 14
2294, 13
2295, 13
2296, 13
2297, 14
2298, 14
2299, 14
2300, 0
2301, 15
2302, 14
2303, 10
2304, 11
2305, 11
2306, 10
2307, 12
2308, 13
2309, 13
2310, 8
2311, 8
2312, 9
2313, 9
2314, 0
2315, 10
2316, 11
2317, 11
2318, 12
2319, 12
2320, 14
2321, 0
2322, 16
2323, 0
2324, 0
2325, 17
2326, 17
2327, 12
2328, 11
2329, 11
2330, 0
2331, 13
2332, 13
2333, 12
2334, 7
2335, 6
2336, 6
2337, 7
2338, 0
2339, 10
2340, 10
2341, 11
2342, 11
2343, 11
2344, 11
2345, 11
2346, 11
2347, 13
2348, 14
2349, 15
2350, 13
2351, 15
2352, 17
2353, 15
2354, 16
2355, 18
2356, 19
2357, 20
2358, 9
2359, 7
2360, 5
2361, 5
2362, 5
2363, 6
2364, 6
2365, 5
2366, 6
2367, 6
2368, 8
2369, 9
2370, 8
2371, 9
2372, 11
2373, 12
2374, 11
2375, 12
2376, 13
2377, 11
2378, 13
2379, 15
2380, 14
2381, 15
2382, 9
2383, 9
2384, 8
2385, 9
2386, 0
2387, 12
2388, 13
2389, 8
2390, 6
2391, 5
2392, 6
2393, 5
2394, 6
2395, 6
2396, 5
2397, 6
2398, 0
2399, 8
2400, 9
2401, 10
2402, 0
2403, 13
2404, 13
2405, 12
2406, 14
2407, 13
2408, 13
2409, 15
2410, 15
2411, 15
2412, 14
2413, 13
2414, 12
2415, 10
2416, 8
2417, 9
2418, 9
2419, 0
2420, 12
2421, 8
2422, 7
2423, 6
2424, 4
2425, 6
2426, 7
2427, 8
2428, 8
2429, 6
2430, 7
2431, 7
2432, 8
2433, 0
2434, 9
2435, 0
2436, 11
2437, 10
2438, 10
2439, 12
2440, 0
2441, 0
2442, 13
2443, 14
2444, 12
2445, 12
2446, 9
2447, 8
2448, 8
2449, 0
2450, 8
2451, 8
2452, 8
2453, 9
2454, 6
2455, 2
2456, 2
2457, 3
2458, 4
2459, 5
2460, 7
2461, 6
2462, 5
2463, 6
2464, 7
2465, 7
2466, 8
2467, 7
2468, 5
2469, 6
2470, 0
2471, 10
2472, 11
2473, 11
2474, 12
2475, 11
2476, 12
2477, 14
2478, 15
2479, 12
2480, 14
2481, 13
2482, 11
2483, 13
2484, 15
2485, 15
2486, 9
2487, 8
2488, 7
2489, 7
2490, 0
2491, 0
2492, 0
2493, 9
2494, 1
2495, 0
2496, 3
2497, 4
2498, 5
2499, 5
2500, 5
2501, 5
2502, 3
2503, 2
2504, 3
2505, 5
2506, 6
2507, 6
2508, 7
2509, 6
2510, 5
2511, 5
2512, 9
2513, 9
2514, 7
2515, 8
2516, 9
2517, 0
2518, 10
2519, 12
2520, 0
2521, 14
2522, 14
2523, 12
2524, 12
2525, 12
2526, 14
2527, 12
2528, 12
2529, 13
2530, 13
2531, 12
2532, 12
2533, 12
2534, 10
2535, 1
2536, 7
2537, 9
2538, 1
2539, 1
2540, 9
2541, 10
2542, 8
2543, 4
2544, 0
2545, 0
2546, 0
2547, 4
2548, 4
2549, 4
2550, 6
2551, 5
2552, 4
2553, 6
2554, 6
2555, 7
2556, 7
2557, 0
2558, 8
2559, 8
2560, 0
2561, 11
2562, 0
2563, 12
2564, 11
2565, 10
2566, 11
2567, 9
2568, 9
2569, 9
2570, 9
2571, 10
2572, 10
2573, 0
2574, 0
2575, 0
2576, 0
2577, 0
2578, 0
2579, 4
2580, 5
2581, 6
2582, 0
2583, 0
2584, 0
2585, 0
2586, 0
2587, 6
2588, 0
2589, 3
2590, 1
2591, 0
2592, -2
2593, -2
2594, 0
2595, 0
2596, 0
2597, 0
2598, 1
2599, 0
2600, 0
2601, 1
2602, 0
2603, 3
2604, 0
2605, 4
2606, 3
2607, 0
2608, 0
2609, 0
2610, 6
2611, 0
2612, 4
2613, 4
2614, 4
2615, 0
2616, 6
2617, 5
2618, 5
2619, 7
2620, 8
2621, 7
2622, 7
2623, 7
2624, 7
2625, 8
2626, 8
2627, 7
2628, 7
2629, 7
2630, 8
2631, 9
2632, 10
2633, 10
2634, 9
2635, 10
2636, 10
2637, 0
2638, 11
2639, 12
2640, 13
2641, 11
2642, 11
2643, 11
2644, 13
2645, 12
2646, 11
2647, 8
2648, 6
2649, 5
2650, 6
2651, 6
2652, 5
2653, 6
2654, 6
2655, 6
2656, 6
2657, 0
2658, 0
2659, 0
2660, 5
2661, 7
2662, 8
2663, 7
2664, 8
2665, 7
2666, 6
2667, 7
2668, 9
2669, 9
2670, 4
2671, 3
2672, 1
2673, 1
2674, 0
2675, 0
2676, 0
2677, 0
2678, 2
2679, 0
2680, 2
2681, 2
2682, 2
2683, 0
2684, 2
2685, 0
2686, 0
2687, 2
2688, 0
2689, 0
2690, 4
2691, 4
2692, 4
2693, 0
2694, 1
2695, 5
2696, 6
2697, 6
2698, 7
2699, 7
2700, 6
2701, 6
2702, 6
2703, 4
2704, 5
2705, 5
2706, 6
2707, 8
2708, 7
2709, 6
2710, 6
2711, 6
2712, 7
2713, 7
2714, 6
2715, 6
2716, 6
2717, 7
2718, 7
2719, 6
2720, 7
2721, 7
2722, 8
2723, 8
2724, 8
2725, 7
2726, 6
2727, 6
2728, 0
2729, 9
2730, 9
2731, 10
2732, 10
2733, 9
2734, 9
2735, 11
2736, 11
2737, 8
2738, 7
2739, 9
2740, 9
2741, 9
2742, 9
2743, 8
2744, 8
2745, 7
2746, 9
2747, 10
2748, 8
2749, 8
2750, 8
2751, 8
2752, 8
2753, 9
2754, 10
2755, 8
2756, 9
2757, 8
2758, 8
2759, 8
2760, 9
2761, 9
2762, 10
2763, 9
2764, 7
2765, 9
2766, 10
2767, 10
2768, 9
2769, 10
2770, 9
2771, 10
2772, 10
2773, 12
2774, 11
2775, 9
2776, 9
2777, 10
2778, 10
2779, 9
2780, 10
2781, 9
2782, 8
2783, 10
2784, 11
2785, 9
2786, 11
2787, 11
2788, 10
2789, 11
2790, 11
2791, 9
2792, 10
2793, 10
2794, 10
2795, 10
2796, 10
2797, 10
2798, 9
2799, 8
2800, 8
2801, 10
2802, 11
2803, 11
2804, 10
2805, 9
2806, 4
2807, 2
2808, 2
2809, 2
2810, 2
2811, 3
2812, 3
2813, 0
2814, 0
2815, 0
2816, 5
2817, 11
2818, 11
2819, 10
2820, 10
2821, 11
2822, 9
2823, 8
2824, 9
2825, 12
2826, 12
2827, 12
2828, 10
2829, 8
2830, 6
2831, 8
2832, 0
2833, 13
2834, 0
2835, 10
2836, 10
2837, 10
2838, 8
2839, 8
2840, 10
2841, 10
2842, 11
2843, 11
2844, 9
2845, 11
2846, 11
2847, 9
2848, 9
2849, 11
2850, 0
2851, 12
2852, 14
2853, 13
2854, 12
2855, 13
2856, 14
2857, 0
2858, 11
2859, 11
2860, 10
2861, 10
2862, 8
2863, 7
2864, 8
2865, 10
2866, 10
2867, 11
2868, 10
2869, 11
2870, 9
2871, 7
2872, 8
2873, 9
2874, 10
2875, 9
2876, 8
2877, 7
2878, 9
2879, 9
2880, 11
2881, 11
2882, 10
2883, 10
2884, 9
2885, 10
2886, 11
2887, 9
2888, 9
2889, 9
2890, 10
2891, 11
2892, 10
2893, 7
2894, 8
2895, 9
2896, 8
2897, 8
2898, 7
2899, 8
2900, 8
2901, 7
2902, 8
2903, 8
2904, 0
2905, 6
2906, 5
2907, 2
2908, 0
2909, 0
2910, 3
2911, 2
2912, 3
2913, 2
2914, 0
2915, 0
2916, 0
2917, 0
2918, 1
2919, 0
2920, 0
2921, 0
2922, 1
2923, 1
2924, 0
2925, 1
2926, 0
2927, 2
2928, 0
2929, 10
2930, 10
2931, 10
2932, 10
2933, 10
2934, 9
2935, 8
2936, 9
2937, 10
2938, 7
2939, 7
2940, 6
2941, 5
2942, 6
2943, 6
2944, 8
2945, 8
2946, 7
2947, 7
2948, 7
2949, 7
2950, 6
2951, 0
2952, 6
2953, 7
2954, 6
2955, 7
2956, 7
2957, 7
2958, 7
2959, 5
2960, 6
2961, 7
2962, 8
2963, 8
2964, 6
2965, 6
2966, 5
2967, 4
2968, 5
2969, 4
2970, 5
2971, 7
2972, 7
2973, 0
2974, 3
2975, 2
2976, 3
2977, 3
2978, 3
2979, 2
2980, 1
2981, 2
2982, 2
2983, 0
2984, 5
2985, 9
2986, 10
2987, 10
2988, 9
2989, 10
2990, 9
2991, 10
2992, 9
2993, 10
2994, 10
2995, 8
2996, 9
2997, 7
2998, 0
2999, 4
3000, 0
3001, 8
3002, 9
3003, 8
3004, 8
3005, 7
3006, 0
3007, 6
3008, 8
3009, 8
3010, 0
3011, 0
3012, 7
3013, 8
3014, 8
3015, 8
3016, 8
3017, 7
3018, 0
3019, 6
3020, 6
3021, 6
3022, 5
3023, 5
3024, 5
3025, 6
3026, 6
3027, 6
3028, 7
3029, 7
3030, 5
3031, 5
3032, 5
3033, 4
3034, 5
3035, 4
3036, 4
3037, 5
3038, 5
3039, 4
3040, 9
3041, 12
3042, 12
3043, 11
3044, 10
3045, 10
3046, 10
3047, 10
3048, 9
3049, 0
3050, 0
3051, 0
3052, 0
3053, 0
3054, 0
3055, 9
3056, 9
3057, 14
3058, 14
3059, 12
3060, 11
3061, 13
3062, 14
3063, 13
3064, 13
3065, 11
3066, 10
3067, 10
3068, 11
3069, 12
3070, 11
3071, 10
3072, 11
3073, 10
3074, 10
3075, 9
3076, 9
3077, 8
3078, 8
3079, 0
3080, 9
3081, 0
3082, 0
3083, 0
3084, 9
3085, 0
3086, 9
3087, 0
3088, 7
3089, 7
3090, 7
3091, 8
3092, 7
3093, 8
3094, 6
3095, 4
3096, 5
3097, 6
3098, 7
3099, 6
3100, 0
3101, 0
3102, 7
3103, 0
3104, 13
3105, 14
3106, 12
3107, 13
3108, 12
3109, 0
3110, 11
3111, 11
3112, 11
3113, 12
3114, 12
3115, 10
3116, 10
3117, 9
3118, 0
3119, 6
3120, 6
3121, 6
3122, 5
3123, 6
3124, 6
3125, 6
3126, 7
3127, 8
3128, 12
3129, 0
3130, 13
3131, 13
3132, 11
3133, 12
3134, 11
3135, 8
3136, 9
3137, 10
3138, 9
3139, 10
3140, 8
3141, 9
3142, 8
3143, 8
3144, 0
3145, 0
3146, 8
3147, 10
3148, 12
3149, 10
3150, 10
3151, 9
3152, 9
3153, 10
3154, 7
3155, 7
3156, 9
3157, 10
3158, 7
3159, 6
3160, 7
3161, 9
3162, 8
3163, 0
3164, 0
3165, 0
3166, 5
3167, 5
3168, 6
3169, 12
3170, 0
3171, 10
3172, 10
3173, 9
3174, 9
3175, 10
3176, 10
3177, 14
3178, 16
3179, 0
3180, 12
3181, 12
3182, 13
3183, 0
3184, 12
3185, 12
3186, 10
3187, 10
3188, 9
3189, 8
3190, 9
3191, 11
3192, 11
3193, 8
3194, 8
3195, 8
3196, 8
3197, 8
3198, 9
3199, 10
3200, 0
3201, 14
3202, 0
3203, 0
3204, 0
3205, 0
3206, 0
3207, 0
3208, 0
3209, 0
3210, 0
3211, 0
3212, 0
3213, 0
3214, -12
3215, -13
3216, 0
3217, 0
3218, 0
3219, 0
3220, 0
3221, 0
3222, 0
3223, 0
3224, 0
3225, 0
3226, 0
3227, 0
3228, 0
3229, 0
3230, 0
3231, 0
3232, 0
3233, 0
3234, 0
3235, 0
3236, 0
3237, 0
3238, 0
3239, 0
3240, 0
3241, 0
3242, 0
3243, 0
3244, 0
3245, 0
3246, 0
3247, 0
3248, 0
3249, 0
3250, 0
3251, 0
3252, 0
3253, 0
3254, 0
3255, 0
3256, 0
3257, 0
3258, 0
3259, 0
3260, 0
3261, 0
3262, 0
3263, 0
3264, 0
3265, 0
3266, 0
3267, 0
3268, 0
3269, 0
3270, 0
3271, 0
3272, 0
3273, 0
3274, 0
3275, 0
3276, 0
3277, 0
3278, 0
3279, 0
3280, 0
3281, 0
3282, 0
3283, 0
3284, 0
3285, 0
3286, 0
3287, 0
3288, 0
3289, 0
3290, 11
3291, 0
3292, 7
3293, 9
3294, 8
3295, 10
3296, 16
3297, 16
3298, 15
3299, 15
3300, 15
3301, 14
3302, 13
3303, 0
3304, 11
3305, 0
3306, 13
3307, 0
3308, 9
3309, 9
3310, 8
3311, 10
3312, 16
3313, 16
3314, 14
3315, 13
3316, 13
3317, 12
3318, 12
3319, 12
3320, 19
3321, 19
3322, 17
3323, 15
3324, 14
3325, 0
3326, 13
3327, 12
3328, 14
3329, 13
3330, 12
3331, 12
3332, 0
3333, 8
3334, 10
3335, 11
3336, 12
3337, 17
3338, 16
3339, 15
3340, 17
3341, 16
3342, 0
3343, 13
3344, 0
3345, 18
3346, 18
3347, 17
3348, 18
3349, 18
3350, 15
3351, 13
3352, 17
3353, 22
3354, 24
3355, 0
3356, 0
3357, 17
3358, 16
3359, 16
3360, 17
3361, 17
3362, 16
3363, 0
3364, 12
3365, 14
3366, 14
3367, 0
3368, 17
3369, 17
3370, 16
3371, 16
3372, 16
3373, 17
3374, 16
3375, 16
3376, 17
3377, 22
3378, 22
3379, 0
3380, 18
3381, 17
3382, 19
3383, 19
3384, 17
3385, 16
3386, 14
3387, 16
3388, 15
3389, 14
3390, 14
3391, 16
3392, 17
3393, 23
3394, 0
3395, 19
3396, 19
3397, 19
3398, 18
3399, 18
3400, 20
3401, 22
3402, 24
3403, 22
3404, 21
3405, 0
3406, 0
3407, 17
3408, 17
3409, 15
3410, 14
3411, 15
3412, 15
3413, 16
3414, 14
3415, 14
3416, 19
3417, 22
3418, 0
3419, 19
3420, 19
3421, 18
3422, 16
3423, 17
3424, 18
3425, 23
3426, 22
3427, 22
3428, 0
3429, 0
3430, 17
3431, 15
3432, 15
3433, 14
3434, 16
3435, 16
3436, 14
3437, 15
3438, 15
3439, 0
3440, 17
3441, 0
3442, 26
3443, 26
3444, 25
3445, 24
3446, 25
3447, 23
3448, 22
3449, 23
3450, 0
3451, 21
3452, 0
3453, 16
3454, 15
3455, 14
3456, 15
3457, 31
3458, 0
3459, 28
3460, 26
3461, 0
3462, 26
3463, 26
3464, 26
3465, 25
3466, 23
3467, 22
3468, 22
3469, 0
3470, 0
3471, 18
3472, 18
3473, 24
3474, 25
3475, 25
3476, 23
3477, 0
3478, 0
3479, 19
3480, 27
3481, 28
3482, 23
3483, 0
3484, 20
3485, 23
3486, 21
3487, 21
3488, 0
3489, 26
3490, 25
3491, 24
3492, 26
3493, 24
3494, 21
3495, 0
3496, 0
3497, 26
3498, 25
3499, 26
3500, 24
3501, 22
3502, 23
3503, 23
3504, 22
3505, 0
3506, 0
3507, 24
3508, 23
3509, 23
3510, 22
3511, 0
3512, 0
3513, 27
3514, 26
3515, 23
3516, 24
3517, 23
3518, 23
3519, 0
3520, 0
3521, 33
3522, 34
3523, 34
3524, 34
3525, 0
3526, 0
3527, 30
3528, 0
3529, 32
3530, 0
3531, 0
3532, 25
3533, 24
3534, 0
3535, 23
3536, 31
3537, 29
3538, 26
3539, 0
3540, 25
3541, 24
3542, 0
3543, 0
3544, 27
3545, 26
3546, 27
3547, 25
3548, 23
3549, 0
3550, 22
3551, 25
3552, 27
3553, 0
3554, 34
3555, 32
3556, 32
3557, 0
3558, 30
3559, 27
3560, 27
3561, 0
3562, 23
3563, 23
3564, 20
3565, 21
3566, 0
3567, 0
3568, 20
3569, 28
3570, 27
3571, 27
3572, 27
3573, 25
3574, 0
3575, 24
3576, 0
3577, 24
3578, 31
3579, 0
3580, 28
3581, 25
3582, 23
3583, 25
3584, 28
3585, 0
3586, 0
3587, 30
3588, 29
3589, 27
3590, 24
3591, 24
3592, 28
3593, 0
3594, 30
3595, 28
3596, 27
3597, 27
3598, 0
3599, 24
3600, 27
3601, 39
3602, 0
3603, 35
3604, 0
3605, 31
3606, 32
3607, 30
3608, 28
3609, 27
3610, 0
3611, 24
3612, 23
3613, 22
3614, 22
3615, 23
3616, 0
3617, 34
3618, 35
3619, 0
3620, 32
3621, 29
3622, 29
3623, 30
3624, 0
3625, 35
3626, 33
3627, 30
3628, 31
3629, 0
3630, 28
3631, 0
3632, 27
3633, 27
3634, 25
3635, 25
3636, 25
3637, 0
3638, 23
3639, 0
3640, 21
3641, 31
3642, 30
3643, 0
3644, 28
3645, 0
3646, 0
3647, 27
3648, 26
3649, 25
3650, 25
3651, 0
3652, 22
3653, 23
3654, 22
3655, 0
3656, 22
3657, 22
3658, 25
3659, 0
3660, 27
3661, 26
3662, 0
3663, 0
3664, 22
3665, 26
3666, 26
3667, 26
3668, 27
3669, 27
3670, 29
3671, 0
3672, 27
3673, 29
3674, 0
3675, 29
3676, 27
3677, 27
3678, 28
3679, 0
3680, 0
3681, 39
3682, 38
3683, 38
3684, 38
3685, 0
3686, 0
3687, 0
3688, 0
3689, 1
3690, 0
3691, -3
3692, -3
3693, 0
3694, 0
3695, 0
3696, 0
3697, 0
3698, 0
3699, 0
3700, 26
3701, 24
3702, 26
3703, 26
3704, 27
3705, 30
3706, 0
3707, 30
3708, 31
3709, 29
3710, 29
3711, 28
3712, 0
3713, 34
3714, 35
3715, 33
3716, 30
3717, 0
3718, 0
3719, 26
3720, 26
3721, 28
3722, 34
3723, 33
3724, 33
3725, 32
3726, 32
3727, 0
3728, 0
3729, 0
3730, 0
3731, 28
3732, 29
3733, 0
3734, 0
3735, 23
3736, 29
3737, 36
3738, 37
3739, 37
3740, 38
3741, 0
3742, 0
3743, 32
3744, 0
3745, 39
3746, 37
3747, 36
3748, 0
3749, 35
3750, 0
3751, 32
3752, 35
3753, 0
3754, 31
3755, 34
3756, 33
3757, 31
3758, 30
3759, 0
3760, 0
3761, 39
3762, 39
3763, 41
3764, 0
3765, 35
3766, 35
3767, 0
3768, 0
3769, 48
3770, 46
3771, 45
3772, 44
3773, 0
3774, 0
3775, 37
3776, 36
3777, 36
3778, 34
3779, 0
3780, 0
3781, 31
3782, 30
3783, 32
3784, 0
3785, 43
3786, 40
3787, 0
3788, 38
3789, 39
3790, 38
3791, 39
3792, 45
3793, 0
3794, 48
3795, 46
3796, 0
3797, 0
3798, 42
3799, 42
3800, 0
3801, 45
3802, 43
3803, 43
3804, 42
3805, 40
3806, 39
3807, 0
3808, 0
3809, 43
3810, 40
3811, 39
3812, 38
3813, 38
3814, 0
3815, 0
3816, 41
3817, 0
3818, 0
3819, 46
3820, 44
3821, 0
3822, 42
3823, 41
3824, 0
3825, 44
3826, 0
3827, 0
3828, 33
3829, 32
3830, 32
3831, 31
3832, 0
3833, 44
3834, 0
3835, 0
3836, 39
3837, 37
3838, 36
3839, 0
3840, 0
3841, 47
3842, 0
3843, 0
3844, 37
3845, 36
3846, 37
3847, 0
3848, 0
3849, 48
3850, 45
3851, 42
3852, 41
3853, 0
3854, 42
3855, 0
3856, 40
3857, 45
3858, 0
3859, 0
3860, 39
3861, 38
3862, 38
3863, 38
3864, 0
3865, 0
3866, 38
3867, 38
3868, 36
3869, 0
3870, 0
3871, 34
3872, 38
3873, 41
3874, 41
3875, 0
3876, 0
3877, 37
3878, 37
3879, 37
3880, 0
3881, 50
3882, 51
3883, 0
3884, 0
3885, 43
3886, 43
3887, 44
3888, 0
3889, 52
3890, 0
3891, 49
3892, 0
3893, 44
3894, 44
3895, 0
3896, 40
3897, 0
3898, 45
3899, 44
3900, 43
3901, 43
3902, 41
3903, 42
3904, 0
3905, 52
3906, 51
3907, 0
3908, 0
3909, 42
3910, 0
3911, 41
3912, 46
3913, 0
3914, 48
3915, 47
3916, 45
3917, 0
3918, 0
3919, 0
3920, 49
3921, 55
3922, 0
3923, 50
3924, 50
3925, 49
3926, 0
3927, 0
3928, 0
3929, 0
3930, 0
3931, 53
3932, 50
3933, 49
3934, 0
3935, 0
3936, 47
3937, 45
3938, 50
3939, 50
3940, 0
3941, 45
3942, 45
3943, 46
3944, 0
3945, 0
3946, 52
3947, 51
3948, 49
3949, 49
3950, 0
3951, 44
3952, 48
3953, 0
3954, 56
3955, 0
3956, 52
3957, 50
3958, 0
3959, 47
3960, 54
3961, 54
3962, 0
3963, 0
3964, 49
3965, 50
3966, 0
3967, 0
3968, 56
3969, 0
3970, 0
3971, 53
3972, 54
3973, 52
3974, 0
3975, 0
3976, 49
3977, 0
3978, 64
3979, 0
3980, 0
3981, 0
3982, 49
3983, 49
3984, 0
3985, 65
3986, 63
3987, 0
3988, 58
3989, 57
3990, 55
3991, 55
3992, 0
3993, 62
3994, 63
3995, 0
3996, 61
3997, 0
3998, 0
3999, 0
4000, 54
4001, 65
4002, 0
4003, 60
4004, 0
4005, 54
4006, 51
4007, 52
4008, 0
4009, 0
4010, 0
4011, 0
4012, 0
4013, 57
4014, 0
4015, 54
4016, 0
4017, 0
4018, 0
4019, 60
4020, 0
4021, 0
4022, 0
4023, 53
4024, 0
4025, 62
4026, 59
4027, 60
4028, 0
4029, 0
4030, 52
4031, 52
4032, 0
4033, 0
4034, 62
4035, 0
4036, 0
4037, 55
4038, 54
4039, 0
4040, 60
4041, 0
4042, 0
4043, 55
4044, 52
4045, 0
4046, 0
4047, 53
4048, 55
4049, 66
4050, 65
4051, 0
4052, 59
4053, 57
4054, 56
4055, 0
4056, 0
4057, 67
4058, 65
4059, 0
4060, 56
4061, 55
4062, 57
4063, 0
4064, 54
4065, 67
4066, 0
4067, 62
4068, 0
4069, 58
4070, 0
4071, 0
4072, 0
4073, 64
4074, 63
4075, 0
4076, 59
4077, 0
4078, 0
4079, 49
4080, 51
4081, 70
4082, 0
4083, 0
4084, 61
4085, 62
4086, 61
4087, 0
4088, 0
4089, 0
4090, 0
4091, 56
4092, 56
4093, 0
4094, 0
4095, 49
4096, 0
4097, 68
4098, 0
4099, 65
4100, 62
4101, 0
4102, 0
4103, 58
4104, 61
4105, 0
4106, 0
4107, 0
4108, 62
4109, 59
4110, 57
4111, 0
4112, 0
4113, 0
4114, 71
4115, 71
4116, 0
4117, 0
4118, 61
4119, 62
4120, 0
4121, 64
4122, 73
4123, 0
4124, 0
4125, 63
4126, 0
4127, 61
4128, 0
4129, 0
4130, 68
4131, 0
4132, 65
4133, 63
4134, 0
4135, 0
4136, 0
4137, 0
4138, 65
4139, 64
4140, 0
4141, 0
4142, 58
4143, 57
4144, 0
4145, 63
4146, 0
4147, 0
4148, 70
4149, 0
4150, 65
4151, 66
4152, 0
4153, 0
4154, 0
4155, 0
4156, 0
4157, 65
4158, 64
4159, 0
4160, 0
4161, 0
4162, 0
4163, 0
4164, 0
4165, 71
4166, 69
4167, 0
4168, 0
4169, 0
4170, 75
4171, 0
4172, 0
4173, 67
4174, 0
4175, 66
4176, 72
4177, 0
4178, 79
4179, 77
4180, 0
4181, 0
4182, 72
4183, 72
4184, 0
4185, 86
4186, 0
4187, 78
4188, 76
4189, 0
4190, 0
4191, 0
4192, 0
4193, 0
4194, 0
4195, 0
4196, 0
4197, 0
4198, 0
4199, 0
4200, 0
4201, 0
4202, 0
4203, 0
4204, 0
4205, 0
4206, 0
4207, 0
4208, 0
4209, 0
4210, 0
4211, 0
4212, 0
4213, 0
4214, 0
4215, 0
4216, 0
4217, 0
4218, 0
4219, 0
4220, 0
4221, 0
4222, 0
4223, 0
4224, 0
4225, 0
4226, 0
4227, 0
4228, 0
4229, 0
4230, 0
4231, 0
4232, 0
4233, 0
4234, 0
4235, 0
4236, 0
4237, 0
4238, 0
4239, 0
4240, 0
4241, 0
4242, 0
4243, 0
4244, 0
4245, 0
4246, 0
4247, 0
4248, 0
4249, 0
4250, 0
4251, 0
4252, 0
4253, 0
4254, 0
4255, 0
4256, 0
4257, 0
4258, 0
4259, 0
4260, 0
4261, 0
4262, 0
4263, 0
4264, 0
4265, 0
4266, 0
4267, 0
4268, 0
4269, 0
4270, 0
4271, 0
4272, 0
4273, 0
4274, 0
4275, 0
4276, 0
4277, 0
4278, 0
4279, 0
4280, 0
4281, 0
4282, 0
4283, 0
4284, 0
4285, 0
4286, 0
4287, 0
4288, 0
4289, 0
4290, 0
4291, 0
4292, 0
4293, 0
4294, 0
4295, 0
4296, 0
4297, 0
4298, 0
4299, 0
4300, 0
4301, 0
4302, 0
4303, 0
4304, 0
4305, 0
4306, 0
4307, 0
4308, 0
4309, 0
4310, 0
4311, 0
4312, 0
4313, 0
4314, 0
4315, 0
4316, 0
4317, 0
4318, 0
4319, 0
4320, 0
4321, 0
4322, 0
4323, 0
4324, 0
4325, 0
4326, 0
4327, 0
4328, 0
4329, 0
4330, 0
4331, 0
4332, 0
4333, 0
4334, 0
4335, 0
4336, 0
4337, 0
4338, 111
4339, 0
4340, 0
4341, 0
4342, 0
4343, 0
4344, 0
4345, 0
4346, 0
4347, 0
4348, 0
4349, 101
4350, 0
4351, 0
4352, 0
4353, 0
4354, 0
4355, 0
4356, 0
4357, 98
4358, 0
4359, 0
4360, 0
4361, 0
4362, 0
4363, 0
4364, 0
4365, 0
4366, 0
4367, 0
4368, 0
4369, 0
4370, 0
4371, 0
4372, 0
4373, 104
4374, 105
4375, 0
4376, 0
4377, 0
4378, 0
4379, 113
4380, 112
4381, 109
4382, 0
4383, 0
4384, 0
4385, 0
4386, 0
4387, 0
4388, 105
4389, 0
4390, 0
4391, 0
4392, 0
4393, 0
4394, 128
4395, 0
4396, 0
4397, 0
4398, 115
4399, 0
4400, 0
4401, 0
4402, 0
4403, 0
4404, 0
4405, 0
4406, 0
4407, 0
4408, 0
4409, 0
4410, 0
4411, 0
4412, 0
4413, 0
4414, 0
4415, 0
4416, 0
4417, 0
4418, 0
4419, 0
4420, 0
4421, 0
4422, 0
4423, 0
4424, 0
4425, 0
4426, 0
4427, 0
4428, 0
4429, 0
4430, 0
4431, 0
4432, 0
4433, 0
4434, 0
4435, 0
4436, 0
4437, 0
4438, 0
4439, 0
4440, 0
4441, 0
4442, 0
4443, 0
4444, 0
4445, 0
4446, 0
4447, 0
4448, 0
4449, 0
4450, 0
4451, 0
4452, 0
4453, 0
4454, 0
4455, 0
4456, 0
4457, 0
4458, 0
4459, 0
4460, 0
4461, 0
4462, 0
4463, 0
4464, 0
4465, 0
4466, 0
4467, 0
4468, 0
4469, 0
4470, 0
4471, 0
4472, 0
4473, 0
4474, 0
4475, 0
4476, 0
4477, 0
4478, 0
4479, 0
4480, 0
4481, 0
4482, 0
4483, 0
4484, 0
4485, 0
4486, 0
4487, 0
4488, 0
4489, 0
4490, 0
4491, 0
4492, 0
4493, 0
4494, 0
4495, 0
4496, 0
4497, 0
4498, 0
4499, 0
4500, 0
4501, 0
4502, 0
4503, 0
4504, 0
4505, 0
4506, 186
4507, 0
4508, 0
4509, 0
4510, 0
4511, 0
4512, 0
4513, 0
4514, 0
4515, 0
4516, 0
4517, 0
4518, 0
4519, 0
4520, 0
4521, 0
4522, 0
4523, 0
4524, 0
4525, 0
4526, 0
4527, 0
4528, 0
4529, 0
4530, 0
4531, 0
4532, 0
4533, 0
4534, 0
4535, 0
4536, 0
4537, 0
4538, 0
4539, 0
4540, 0
4541, 0
4542, 0
4543, 0
4544, 0
4545, 0
