0, 0
1, 0
2, 0
3, 0
4, 0
5, 0
6, 0
7, 0
8, 0
9, 0
10, 0
11, 0
12, 0
13, 0
14, 0
15, 0
16, 0
17, 0
18, 0
19, 0
20, 0
21, 0
22, 0
23, 0
24, 0
25, 0
26, 0
27, 0
28, 0
29, 0
30, 0
31, 0
32, 0
33, 0
34, 0
35, 0
36, 0
37, 0
38, 0
39, 0
40, 0
41, 0
42, 0
43, 0
44, 0
45, 0
46, 0
47, 0
48, 0
49, 0
50, 0
51, 0
52, 0
53, 0
54, 0
55, 0
56, 0
57, 0
58, 0
59, 0
60, 0
61, 0
62, 0
63, 0
64, 0
65, 0
66, 0
67, 0
68, 0
69, 0
70, 0
71, 0
72, 0
73, 0
74, 0
75, 0
76, 0
77, 0
78, 0
79, 0
80, 0
81, 0
82, 0
83, 0
84, 0
85, 0
86, 0
87, 0
88, 0
89, 0
90, 0
91, 0
92, 0
93, 0
94, 0
95, 0
96, 0
97, 0
98, 0
99, 0
100, 0
101, 0
102, 0
103, 0
104, 0
105, 0
106, 0
107, 0
108, 0
109, 0
110, 0
111, 0
112, 0
113, 0
114, 0
115, 0
116, 0
117, 0
118, 0
119, 0
120, 0
121, 0
122, 0
123, 0
124, 0
125, 0
126, 0
127, 0
128, 0
129, 0
130, 0
131, 0
132, 0
133, 0
134, 0
135, 0
136, 0
137, 0
138, 0
139, 0
140, 0
141, 0
142, 0
143, 0
144, 0
145, 0
146, 0
147, 0
148, 0
149, 0
150, 0
151, 0
152, 0
153, 0
154, 0
155, 0
156, 0
157, 0
158, 0
159, 0
160, 0
161, 0
162, 0
163, 0
164, 0
165, 0
166, 0
167, 0
168, 0
169, 0
170, 0
171, 0
172, 0
173, 0
174, 0
175, 0
176, 0
177, 0
178, 0
179, 0
180, 0
181, 0
182, 0
183, 0
184, 0
185, 0
186, 0
187, 0
188, 0
189, 0
190, 0
191, 0
192, 0
193, 0
194, 0
195, 0
196, 0
197, 0
198, 0
199, 0
200, 0
201, 0
202, 0
203, 0
204, 0
205, 0
206, 0
207, 0
208, 0
209, 0
210, 0
211, 0
212, 0
213, 0
214, 0
215, 0
216, 0
217, 0
218, 0
219, 0
220, 0
221, 0
222, 0
223, 0
224, 0
225, 0
226, 0
227, 0
228, 0
229, 0
230, 0
231, 0
232, 0
233, 0
234, 0
235, 0
236, 0
237, 0
238, 0
239, 0
240, 0
241, 0
242, 0
243, 0
244, 0
245, 0
246, 0
247, 0
248, 0
249, 0
250, 0
251, 0
252, 0
253, 0
254, 0
255, 0
256, 0
257, 0
258, 0
259, 0
260, 0
261, 0
262, 0
263, 0
264, 0
265, 0
266, 0
267, 0
268, 0
269, 0
270, 0
271, 0
272, 0
273, 0
274, 0
275, 0
276, 0
277, 0
278, 0
279, 0
280, 0
281, 0
282, 0
283, 0
284, 0
285, 0
286, 0
287, 0
288, 0
289, 0
290, 0
291, 0
292, 0
293, 0
294, 0
295, 0
296, 0
297, 0
298, 0
299, 0
300, 0
301, 0
302, 0
303, 0
304, 0
305, 0
306, 0
307, 0
308, 0
309, 0
310, 0
311, 0
312, 0
313, 0
314, 0
315, 0
316, 0
317, 0
318, 0
319, 0
320, 0
321, 0
322, 0
323, 0
324, 0
325, 0
326, 0
327, 0
328, 0
329, 0
330, 0
331, 0
332, 0
333, 0
334, 0
335, 0
336, 0
337, 0
338, 0
339, 0
340, 0
341, 0
342, 0
343, 0
344, 0
345, 0
346, 0
347, 0
348, 0
349, 0
350, 0
351, 0
352, 0
353, 0
354, 0
355, 0
356, 0
357, 0
358, 0
359, 0
360, 0
361, 0
362, 0
363, 0
364, 0
365, 0
366, 0
367, 0
368, 0
369, 0
370, 0
371, 0
372, 0
373, 0
374, 0
375, 0
376, 0
377, 0
378, 0
379, 0
380, 0
381, 0
382, 0
383, 0
384, 0
385, 0
386, 0
387, 0
388, 0
389, 0
390, 0
391, 0
392, 0
393, 0
394, 0
395, 0
396, 0
397, 0
398, 0
399, 0
400, 0
401, 0
402, 0
403, 0
404, 0
405, 0
406, 0
407, 0
408, 0
409, 0
410, 0
411, 0
412, 0
413, 0
414, 0
415, 0
416, 0
417, 0
418, 0
419, 0
420, 0
421, 0
422, 0
423, 0
424, 0
425, 0
426, 0
427, 0
428, 0
429, 0
430, 0
431, 0
432, 0
433, 0
434, 0
435, 0
436, 0
437, 0
438, 0
439, 0
440, 0
441, 0
442, 0
443, 0
444, 0
445, 0
446, 0
447, 0
448, 0
449, 0
450, 0
451, 0
452, 0
453, 0
454, 0
455, 0
456, 0
457, 0
458, 0
459, 0
460, 0
461, 0
462, 0
463, 0
464, 0
465, 0
466, 0
467, 0
468, 0
469, 0
470, 0
471, 0
472, 0
473, 0
474, 0
475, 0
476, 0
477, 0
478, 0
479, 0
480, 0
481, 0
482, 0
483, 0
484, 0
485, 0
486, 0
487, 0
488, 0
489, 0
490, 0
491, 0
492, 0
493, 0
494, 0
495, 0
496, 0
497, 0
498, 0
499, 0
500, 0
501, 0
502, 0
503, 0
504, 0
505, 0
506, 0
507, 0
508, 0
509, 0
510, 0
511, 0
512, 0
513, 0
514, 0
515, 0
516, 0
517, 0
518, 0
519, 0
520, 0
521, 0
522, 0
523, 0
524, 0
525, 0
526, 0
527, 0
528, 0
529, 0
530, 0
531, 0
532, 0
533, 0
534, 0
535, 0
536, 0
537, 0
538, 0
539, 0
540, 0
541, 0
542, 0
543, 0
544, 0
545, 0
546, 0
547, 0
548, 0
549, 0
550, 0
551, 0
552, 0
553, 0
554, 0
555, 0
556, 0
557, 0
558, 0
559, 0
560, 0
561, 0
562, 0
563, 0
564, 0
565, 0
566, 0
567, 0
568, 0
569, 0
570, 0
571, 0
572, 0
573, 0
574, 0
575, 0
576, 0
577, 0
578, 0
579, 0
580, 0
581, 0
582, 0
583, 0
584, 0
585, 0
586, 0
587, 0
588, 0
589, 0
590, 0
591, 0
592, 0
593, 0
594, 0
595, 0
596, 0
597, 0
598, 0
599, 0
600, 0
601, 0
602, 0
603, 0
604, 0
605, 0
606, 0
607, 0
608, 0
609, 0
610, 0
611, 0
612, 0
613, 0
614, 0
615, 0
616, 0
617, 0
618, 0
619, 0
620, 0
621, 0
622, 0
623, 0
624, 0
625, 0
626, 0
627, 0
628, 0
629, 0
630, 0
631, 0
632, 0
633, 0
634, 0
635, 0
636, 0
637, 0
638, 0
639, 0
640, 0
641, 0
642, 0
643, 0
644, 0
645, 0
646, 0
647, 0
648, 0
649, 0
650, 0
651, 0
652, 0
653, 0
654, 0
655, 0
656, 0
657, 0
658, 0
659, 0
660, 0
661, 0
662, 0
663, 0
664, 0
665, 0
666, 0
667, 0
668, 0
669, 0
670, 0
671, 0
672, 0
673, 0
674, 0
675, 0
676, 0
677, 0
678, 0
679, 0
680, 0
681, 0
682, 0
683, 0
684, 0
685, 0
686, 0
687, 0
688, 0
689, 0
690, 0
691, 0
692, 0
693, 0
694, 0
695, 0
696, 0
697, 0
698, 0
699, 0
700, 0
701, 0
702, 0
703, 0
704, 0
705, 0
706, 0
707, 0
708, 0
709, 0
710, 0
711, 0
712, 0
713, 0
714, 0
715, 0
716, 0
717, 0
718, 0
719, 0
720, 0
721, 0
722, 0
723, 0
724, 0
725, 0
726, 0
727, 0
728, 0
729, 0
730, 0
731, 0
732, 0
733, 0
734, 0
735, 0
736, 0
737, 0
738, 0
739, 0
740, 0
741, 0
742, 0
743, 0
744, 0
745, 0
746, 0
747, 0
748, 0
749, 0
750, 0
751, 0
752, 0
753, 0
754, 0
755, 0
756, 0
757, 0
758, 0
759, 0
760, 0
761, 0
762, 0
763, 0
764, 0
765, 0
766, 0
767, 0
768, 0
769, 0
770, 0
771, 0
772, 0
773, 0
774, 0
775, 0
776, 0
777, 0
778, 0
779, 0
780, 0
781, 0
782, 0
783, 0
784, 0
785, 0
786, 0
787, 0
788, 0
789, 0
790, 0
791, 0
792, 0
793, 0
794, 0
795, 0
796, 0
797, 0
798, 0
799, 0
800, 0
801, 0
802, 0
803, 0
804, 0
805, 0
806, 0
807, 0
808, 0
809, 0
810, 0
811, 0
812, 0
813, 0
814, 0
815, 0
816, 0
817, 0
818, 0
819, 0
820, 0
821, 0
822, 0
823, 0
824, 0
825, 0
826, 0
827, 0
828, 0
829, 0
830, 0
831, 0
832, 0
833, 0
834, 0
835, 0
836, 0
837, 0
838, 0
839, 0
840, 0
841, 0
842, 0
843, 0
844, 0
845, 0
846, 0
847, 0
848, 0
849, 0
850, 0
851, 0
852, 0
853, 0
854, 0
855, 0
856, 0
857, 0
858, 0
859, 0
860, 0
861, 0
862, 0
863, 0
864, 0
865, 0
866, 0
867, 0
868, 0
869, 0
870, 0
871, 0
872, 0
873, 0
874, 0
875, 0
876, 0
877, 0
878, 0
879, 0
880, 0
881, 0
882, 0
883, 0
884, 0
885, 0
886, 0
887, 0
888, 0
889, 0
890, 0
891, 0
892, 0
893, 0
894, 0
895, 0
896, 0
897, 0
898, 0
899, 0
900, 0
901, 0
902, 0
903, 0
904, 0
905, 0
906, 0
907, 0
908, 0
909, 0
910, 0
911, 0
912, 0
913, 0
914, 0
915, 0
916, 0
917, 0
918, 0
919, 0
920, 0
921, 0
922, 0
923, 0
924, 0
925, 0
926, 0
927, 0
928, 0
929, 0
930, 0
931, 0
932, 0
933, 0
934, 0
935, 0
936, 0
937, 0
938, 0
939, 0
940, 0
941, 0
942, 0
943, 0
944, 0
945, 0
946, 0
947, 0
948, 0
949, 0
950, 0
951, 0
952, 0
953, 0
954, 0
955, 0
956, 0
957, 0
958, 0
959, 0
960, 0
961, 0
962, 0
963, 0
964, 0
965, 0
966, 0
967, 0
968, 0
969, 0
970, 0
971, 0
972, 0
973, 0
974, 0
975, 0
976, 0
977, 0
978, 0
979, 0
980, 0
981, 0
982, 0
983, 0
984, 0
985, 0
986, 0
987, 0
988, 0
989, 0
990, 0
991, 0
992, 0
993, 0
994, 0
995, 0
996, 0
997, 0
998, 0
999, 0
1000, 0
1001, 0
1002, 0
1003, 0
1004, 0
1005, 0
1006, 0
1007, 0
1008, 0
1009, 0
1010, 0
1011, 0
1012, 0
1013, 0
1014, 0
1015, 0
1016, 0
1017, 0
1018, 0
1019, 0
1020, 0
1021, 0
1022, 0
1023, 0
1024, 0
1025, 0
1026, 0
1027, 0
1028, 0
1029, 0
1030, 0
1031, 0
1032, 0
1033, 0
1034, 0
1035, 0
1036, 0
1037, 0
1038, 0
1039, 0
1040, 0
1041, 0
1042, 0
1043, 0
1044, 0
1045, 0
1046, 0
1047, 0
1048, 0
1049, 0
1050, 0
1051, 0
1052, 0
1053, 0
1054, 0
1055, 0
1056, 0
1057, 0
1058, 0
1059, 0
1060, 0
1061, 0
1062, 0
1063, 0
1064, 0
1065, 0
1066, 0
1067, 0
1068, 0
1069, 0
1070, 0
1071, 0
1072, 0
1073, 0
1074, 0
1075, 0
1076, 0
1077, 0
1078, 0
1079, 0
1080, 0
1081, 0
1082, 0
1083, 0
1084, 0
1085, 0
1086, 0
1087, 0
1088, 0
1089, 0
1090, 0
1091, 0
1092, 0
1093, 0
1094, 0
1095, 0
1096, 0
1097, 0
1098, 0
1099, 0
1100, 0
1101, 0
1102, 0
1103, 0
1104, 0
1105, 0
1106, 0
1107, 0
1108, 0
1109, 0
1110, 0
1111, 0
1112, 0
1113, 0
1114, 0
1115, 0
1116, 0
1117, 0
1118, 0
1119, 0
1120, 0
1121, 0
1122, 0
1123, 67
1124, 54
1125, 0
1126, 0
1127, 0
1128, 0
1129, 0
1130, 0
1131, 0
1132, 0
1133, 0
1134, 0
1135, 0
1136, 0
1137, 0
1138, 0
1139, 0
1140, 0
1141, 0
1142, 0
1143, 0
1144, 0
1145, 0
1146, 58
1147, 0
1148, 0
1149, 0
1150, 0
1151, 0
1152, 0
1153, 0
1154, 0
1155, 0
1156, 0
1157, 0
1158, 0
1159, 50
1160, 0
1161, 0
1162, 0
1163, 0
1164, 0
1165, 0
1166, 0
1167, 0
1168, 0
1169, 0
1170, 0
1171, 0
1172, 0
1173, 0
1174, 0
1175, 0
1176, 0
1177, 0
1178, 0
1179, 0
1180, 0
1181, 0
1182, 0
1183, 0
1184, 0
1185, 0
1186, 0
1187, 0
1188, 0
1189, 37
1190, 0
1191, 0
1192, 0
1193, 0
1194, 0
1195, 0
1196, 0
1197, 0
1198, 0
1199, 0
1200, 0
1201, 42
1202, 0
1203, 0
1204, 0
1205, 0
1206, 43
1207, 0
1208, 0
1209, 0
1210, 0
1211, 0
1212, 0
1213, 43
1214, 0
1215, 0
1216, 0
1217, 0
1218, 0
1219, 0
1220, 0
1221, 0
1222, 0
1223, 0
1224, 0
1225, 27
1226, 0
1227, 0
1228, 0
1229, 0
1230, 0
1231, 0
1232, 0
1233, 0
1234, 0
1235, 0
1236, 0
1237, 37
1238, 0
1239, 0
1240, 0
1241, 27
1242, 0
1243, 0
1244, 0
1245, 0
1246, 0
1247, 0
1248, 0
1249, 0
1250, 29
1251, 0
1252, 29
1253, 0
1254, 25
1255, 0
1256, 0
1257, 27
1258, 0
1259, 28
1260, 0
1261, 0
1262, 0
1263, 0
1264, 0
1265, 0
1266, 0
1267, 30
1268, 0
1269, 27
1270, 0
1271, 0
1272, 0
1273, 0
1274, 25
1275, 0
1276, 0
1277, 0
1278, 0
1279, 0
1280, 0
1281, 0
1282, 27
1283, 0
1284, 24
1285, 0
1286, 0
1287, 0
1288, 0
1289, 0
1290, 0
1291, 31
1292, 31
1293, 0
1294, 0
1295, 0
1296, 26
1297, 0
1298, 0
1299, 0
1300, 0
1301, 0
1302, 0
1303, 0
1304, 0
1305, 0
1306, 0
1307, 0
1308, 0
1309, 0
1310, 0
1311, 0
1312, 0
1313, 0
1314, 25
1315, 23
1316, 0
1317, 0
1318, 0
1319, 24
1320, 0
1321, 0
1322, 24
1323, 0
1324, 0
1325, 0
1326, 24
1327, 23
1328, 0
1329, 0
1330, 0
1331, 0
1332, 0
1333, 16
1334, 0
1335, 0
1336, 0
1337, 0
1338, 0
1339, 0
1340, 0
1341, 28
1342, 0
1343, 0
1344, 0
1345, 26
1346, 24
1347, 0
1348, 0
1349, 0
1350, 19
1351, 18
1352, 0
1353, 19
1354, 0
1355, 0
1356, 18
1357, 17
1358, 0
1359, 0
1360, 22
1361, 0
1362, 0
1363, 0
1364, 0
1365, 0
1366, 0
1367, 24
1368, 0
1369, 0
1370, 21
1371, 0
1372, 17
1373, 0
1374, 0
1375, 18
1376, 0
1377, 16
1378, 0
1379, 23
1380, 0
1381, 0
1382, 0
1383, 0
1384, 0
1385, 0
1386, 20
1387, 0
1388, 0
1389, 0
1390, 20
1391, 0
1392, 0
1393, 19
1394, 0
1395, 0
1396, 0
1397, 20
1398, 21
1399, 0
1400, 0
1401, 0
1402, 0
1403, 0
1404, 0
1405, 0
1406, 0
1407, 18
1408, 0
1409, 0
1410, 19
1411, 18
1412, 0
1413, 0
1414, 0
1415, 0
1416, 22
1417, 22
1418, 0
1419, 22
1420, 0
1421, 19
1422, 19
1423, 20
1424, 0
1425, 0
1426, 0
1427, 0
1428, 0
1429, 18
1430, 0
1431, 0
1432, 0
1433, 0
1434, 18
1435, 0
1436, 0
1437, 19
1438, 0
1439, 0
1440, 17
1441, 0
1442, 0
1443, 0
1444, 19
1445, 0
1446, 0
1447, 0
1448, 0
1449, 16
1450, 0
1451, 0
1452, 19
1453, 17
1454, 0
1455, 0
1456, 14
1457, 0
1458, 0
1459, 16
1460, 15
1461, 0
1462, 0
1463, 15
1464, 14
1465, 0
1466, 0
1467, 0
1468, 0
1469, 18
1470, 0
1471, 0
1472, 17
1473, 17
1474, 0
1475, 0
1476, 14
1477, 13
1478, 0
1479, 0
1480, 18
1481, 0
1482, 0
1483, 0
1484, 0
1485, 0
1486, 16
1487, 13
1488, 0
1489, 14
1490, 14
1491, 0
1492, 14
1493, 0
1494, 14
1495, 13
1496, 0
1497, 0
1498, 0
1499, 15
1500, 0
1501, 0
1502, 12
1503, 0
1504, 0
1505, 0
1506, 11
1507, 11
1508, 0
1509, 0
1510, 14
1511, 0
1512, 0
1513, 16
1514, 0
1515, 15
1516, 0
1517, 14
1518, 12
1519, 0
1520, 0
1521, 11
1522, 10
1523, 0
1524, 0
1525, 11
1526, 11
1527, 0
1528, 0
1529, 0
1530, 14
1531, 13
1532, 0
1533, 0
1534, 10
1535, 10
1536, 0
1537, 10
1538, 0
1539, 0
1540, 0
1541, 12
1542, 11
1543, 10
1544, 0
1545, 12
1546, 0
1547, 0
1548, 13
1549, 13
1550, 13
1551, 0
1552, 0
1553, 0
1554, 0
1555, 11
1556, 0
1557, 0
1558, 12
1559, 0
1560, 10
1561, 10
1562, 0
1563, 0
1564, 0
1565, 12
1566, 11
1567, 0
1568, 11
1569, 10
1570, 0
1571, 0
1572, 11
1573, 9
1574, 0
1575, 0
1576, 11
1577, 0
1578, 10
1579, 8
1580, 0
1581, 9
1582, 0
1583, 0
1584, 11
1585, 10
1586, 0
1587, 8
1588, 0
1589, 0
1590, 9
1591, 0
1592, 10
1593, 9
1594, 0
1595, 8
1596, 8
1597, 0
1598, 7
1599, 0
1600, 10
1601, 0
1602, 11
1603, 0
1604, 0
1605, 11
1606, 9
1607, 0
1608, 7
1609, 8
1610, 0
1611, 0
1612, 9
1613, 8
1614, 0
1615, 7
1616, 0
1617, 7
1618, 0
1619, 0
1620, 8
1621, 7
1622, 0
1623, 7
1624, 0
1625, 8
1626, 7
1627, 6
1628, 7
1629, 8
1630, 0
1631, 7
1632, 7
1633, 0
1634, 0
1635, 8
1636, 7
1637, 0
1638, 0
1639, 8
1640, 9
1641, 7
1642, 0
1643, 7
1644, 0
1645, 0
1646, 0
1647, 0
1648, 7
1649, 6
1650, 5
1651, 0
1652, 0
1653, 7
1654, 0
1655, 0
1656, 9
1657, 8
1658, 6
1659, 0
1660, 6
1661, 1
1662, 0
1663, 5
1664, 6
1665, 0
1666, 0
1667, 0
1668, 0
1669, 0
1670, 0
1671, 0
1672, 0
1673, 3
1674, 0
1675, 7
1676, 0
1677, 4
1678, 0
1679, 7
1680, 5
1681, 0
1682, 0
1683, 6
1684, 6
1685, 0
1686, 0
1687, 0
1688, 5
1689, 7
1690, 0
1691, 0
1692, 5
1693, 5
1694, 0
1695, 7
1696, 0
1697, 5
1698, 5
1699, 0
1700, 0
1701, 0
1702, 0
1703, 0
1704, 0
1705, 0
1706, 5
1707, 5
1708, 0
1709, 0
1710, 5
1711, 5
1712, 6
1713, 4
1714, 1
1715, 0
1716, 0
1717, 6
1718, 5
1719, 1
1720, 5
1721, 0
1722, 0
1723, 0
1724, 1
1725, 7
1726, 0
1727, 3
1728, 3
1729, 1
1730, 0
1731, 2
1732, 3
1733, 2
1734, 3
1735, 0
1736, 0
1737, 2
1738, 2
1739, 4
1740, 0
1741, 0
1742, 0
1743, 3
1744, 2
1745, 0
1746, 0
1747, 0
1748, 1
1749, 0
1750, 3
1751, 0
1752, 0
1753, 2
1754, 2
1755, 2
1756, 2
1757, 0
1758, 0
1759, 2
1760, 0
1761, 0
1762, 3
1763, 1
1764, 1
1765, 0
1766, 2
1767, 3
1768, 0
1769, 3
1770, 2
1771, 2
1772, 3
1773, 1
1774, 0
1775, 0
1776, 0
1777, 3
1778, 4
1779, 1
1780, 0
1781, 2
1782, 1
1783, 1
1784, 1
1785, 0
1786, 1
1787, 2
1788, 2
1789, 1
1790, 0
1791, 2
1792, 2
1793, 2
1794, 2
1795, 0
1796, 3
1797, 3
1798, 1
1799, 0
1800, 2
1801, 1
1802, 1
1803, 1
1804, 1
1805, 0
1806, 2
1807, 0
1808, 0
1809, 0
1810, 2
1811, 0
1812, 2
1813, 0
1814, 0
1815, 1
1816, 0
1817, 3
1818, 2
1819, 3
1820, 1
1821, 1
1822, 1
1823, 1
1824, 0
1825, 0
1826, 0
1827, 0
1828, 1
1829, 1
1830, -1
1831, 0
1832, 0
1833, 1
1834, 0
1835, -1
1836, 0
1837, 0
1838, 0
1839, 0
1840, 1
1841, 1
1842, -2
1843, 1
1844, 0
1845, 0
1846, 0
1847, 1
1848, 0
1849, -2
1850, -1
1851, 0
1852, 0
1853, 0
1854, -1
1855, -3
1856, -2
1857, 0
1858, 0
1859, 0
1860, 0
1861, 0
1862, 0
1863, 1
1864, 0
1865, 0
1866, 0
1867, 0
1868, 0
1869, -2
1870, 1
1871, 0
1872, 0
1873, -1
1874, 0
1875, 0
1876, 0
1877, 0
1878, 0
1879, -1
1880, 0
1881, -1
1882, 0
1883, -1
1884, -2
1885, -3
1886, -2
1887, -2
1888, 0
1889, 0
1890, -2
1891, 0
1892, -1
1893, -2
1894, -2
1895, 1
1896, 0
1897, 0
1898, 0
1899, -2
1900, -1
1901, 0
1902, -2
1903, -3
1904, 0
1905, 0
1906, -1
1907, 0
1908, -1
1909, -1
1910, -1
1911, -1
1912, 0
1913, 0
1914, 0
1915, 0
1916, 0
1917, 0
1918, 0
1919, -1
1920, 0
1921, -5
1922, 0
1923, 0
1924, 0
1925, 0
1926, -2
1927, 0
1928, 0
1929, 0
1930, -2
1931, -2
1932, 0
1933, -3
1934, 0
1935, 0
1936, -5
1937, 0
1938, -2
1939, -2
1940, -2
1941, 0
1942, 0
1943, 0
1944, 0
1945, -3
1946, -1
1947, -2
1948, 0
1949, -4
1950, 0
1951, -5
1952, 0
1953, 0
1954, 0
1955, 0
1956, 0
1957, 0
1958, 0
1959, 0
1960, 0
1961, 0
1962, 0
1963, -6
1964, 0
1965, -5
1966, 0
1967, 0
1968, 0
1969, -4
1970, -4
1971, -5
1972, -5
1973, -4
1974, 0
1975, 0
1976, -4
1977, 0
1978, -1
1979, 0
1980, 0
1981, 0
1982, 0
1983, 0
1984, 0
1985, 0
1986, 0
1987, -3
1988, 1
1989, -4
1990, -4
1991, 0
1992, 0
1993, -6
1994, -5
1995, 0
1996, -4
1997, -4
1998, -5
1999, -5
2000, 0
2001, -6
2002, 0
2003, -6
2004, -5
2005, -6
2006, 0
2007, 0
2008, -5
2009, 0
2010, -6
2011, -5
2012, 0
2013, 1
2014, -4
2015, -5
2016, 0
2017, -5
2018, 0
2019, 0
2020, -4
2021, 0
2022, 0
2023, 0
2024, -5
2025, -5
2026, 0
2027, -4
2028, -3
2029, -6
2030, 0
2031, -3
2032, 1
2033, -4
2034, -7
2035, -6
2036, -5
2037, -5
2038, -6
2039, -5
2040, -6
2041, -5
2042, 0
2043, -5
2044, -6
2045, -6
2046, -6
2047, -7
2048, -6
2049, 0
2050, 0
2051, -6
2052, -6
2053, 0
2054, -5
2055, -5
2056, -5
2057, 1
2058, -4
2059, -7
2060, -6
2061, -5
2062, -7
2063, -8
2064, -6
2065, -7
2066, -6
2067, 0
2068, -7
2069, -5
2070, 0
2071, 0
2072, -3
2073, -4
2074, -6
2075, -6
2076, -6
2077, -7
2078, 0
2079, -6
2080, -5
2081, -6
2082, -7
2083, -7
2084, -6
2085, 0
2086, 0
2087, -4
2088, -7
2089, -7
2090, -6
2091, -6
2092, -7
2093, -7
2094, 0
2095, -7
2096, -7
2097, -8
2098, -7
2099, -7
2100, -6
2101, -7
2102, -7
2103, 0
2104, 0
2105, 1
2106, -6
2107, -8
2108, -8
2109, -8
2110, -6
2111, -6
2112, -5
2113, -6
2114, -5
2115, -6
2116, -6
2117, 0
2118, -6
2119, -9
2120, -9
2121, -8
2122, 0
2123, -7
2124, -8
2125, 0
2126, -6
2127, -7
2128, -8
2129, -8
2130, -7
2131, -7
2132, -7
2133, -6
2134, 0
2135, -6
2136, -8
2137, -8
2138, -8
2139, 0
2140, -7
2141, -7
2142, 0
2143, 0
2144, -1
2145, 0
2146, -7
2147, -8
2148, -7
2149, -7
2150, -7
2151, -6
2152, -7
2153, 0
2154, -9
2155, -8
2156, 0
2157, -4
2158, -7
2159, -5
2160, -6
2161, -7
2162, -7
2163, -7
2164, -7
2165, 0
2166, -7
2167, -9
2168, -8
2169, 0
2170, -7
2171, -6
2172, -8
2173, 0
2174, -9
2175, 0
2176, -9
2177, -7
2178, -8
2179, -8
2180, 0
2181, -7
2182, -7
2183, -7
2184, 0
2185, -5
2186, -5
2187, 0
2188, -6
2189, -7
2190, -7
2191, -8
2192, -7
2193, -8
2194, -10
2195, -9
2196, 0
2197, -8
2198, -8
2199, 0
2200, -7
2201, -7
2202, -8
2203, -8
2204, -7
2205, -8
2206, -8
2207, -9
2208, 0
2209, -9
2210, -8
2211, -7
2212, -8
2213, -9
2214, -9
2215, -9
2216, -8
2217, 0
2218, -8
2219, -8
2220, -8
2221, -10
2222, 0
2223, -8
2224, -8
2225, -7
2226, -9
2227, -8
2228, -8
2229, -9
2230, -9
2231, -10
2232, 0
2233, -8
2234, -7
2235, -8
2236, -7
2237, -9
2238, -8
2239, -9
2240, -9
2241, 0
2242, -8
2243, -8
2244, -7
2245, -12
2246, 0
2247, -9
2248, -9
2249, -10
2250, -10
2251, -9
2252, -9
2253, -9
2254, -10
2255, 0
2256, -9
2257, -9
2258, -9
2259, -7
2260, -8
2261, -8
2262, -10
2263, -10
2264, -10
2265, -10
2266, -9
2267, -7
2268, -9
2269, -9
2270, -9
2271, -9
2272, 0
2273, -9
2274, -9
2275, -10
2276, -9
2277, -9
2278, -9
2279, 0
2280, 0
2281, -9
2282, -8
2283, -9
2284, -10
2285, -10
2286, -9
2287, -10
2288, -10
2289, 0
2290, -8
2291, -7
2292, -9
2293, -11
2294, -10
2295, -8
2296, -9
2297, -10
2298, -10
2299, -11
2300, 0
2301, -10
2302, -10
2303, -12
2304, -11
2305, -11
2306, -11
2307, -9
2308, -9
2309, -9
2310, -9
2311, -9
2312, -8
2313, -8
2314, 0
2315, -8
2316, -10
2317, -8
2318, -7
2319, -9
2320, -9
2321, 0
2322, -9
2323, 0
2324, 0
2325, -6
2326, -8
2327, -9
2328, -9
2329, -9
2330, 0
2331, -9
2332, -9
2333, -11
2334, -10
2335, -9
2336, -9
2337, -9
2338, 0
2339, -8
2340, -9
2341, -9
2342, -9
2343, -9
2344, -10
2345, -10
2346, -10
2347, -10
2348, -10
2349, -10
2350, -11
2351, -10
2352, -8
2353, -12
2354, -12
2355, -11
2356, -10
2357, -10
2358, -10
2359, -10
2360, -10
2361, -11
2362, -10
2363, -10
2364, -10
2365, -11
2366, -10
2367, -10
2368, -11
2369, -10
2370, -10
2371, -9
2372, -9
2373, -8
2374, -10
2375, -10
2376, -10
2377, -10
2378, -10
2379, -9
2380, -11
2381, -11
2382, -12
2383, -11
2384, -12
2385, -11
2386, 0
2387, -9
2388, -10
2389, -10
2390, -10
2391, -10
2392, -10
2393, -10
2394, -10
2395, -11
2396, -10
2397, -10
2398, 0
2399, -8
2400, -12
2401, -11
2402, 0
2403, -8
2404, -9
2405, -10
2406, -9
2407, -9
2408, -9
2409, -10
2410, -10
2411, -11
2412, -11
2413, -10
2414, -10
2415, -11
2416, -11
2417, -12
2418, 0
2419, 0
2420, -10
2421, -9
2422, -10
2423, -10
2424, -13
2425, -12
2426, -10
2427, -9
2428, -12
2429, -12
2430, -11
2431, -12
2432, -12
2433, 0
2434, -11
2435, 0
2436, -9
2437, -12
2438, -11
2439, -10
2440, 0
2441, 0
2442, -9
2443, -11
2444, -11
2445, -9
2446, -12
2447, -12
2448, -11
2449, -11
2450, -11
2451, -12
2452, -11
2453, 0
2454, -12
2455, -13
2456, 0
2457, -10
2458, -10
2459, -11
2460, -10
2461, -10
2462, -10
2463, -11
2464, -13
2465, -13
2466, -12
2467, -12
2468, -11
2469, -11
2470, 0
2471, -10
2472, -10
2473, -10
2474, -9
2475, -9
2476, -11
2477, -9
2478, -9
2479, -11
2480, -11
2481, -11
2482, -11
2483, -11
2484, -10
2485, -10
2486, -10
2487, -11
2488, -10
2489, -10
2490, -13
2491, -11
2492, -11
2493, -13
2494, 0
2495, 0
2496, -9
2497, -11
2498, -11
2499, -11
2500, -11
2501, -10
2502, -12
2503, -12
2504, -12
2505, -11
2506, -11
2507, -11
2508, -12
2509, -11
2510, -11
2511, -11
2512, -11
2513, -10
2514, -10
2515, -9
2516, -10
2517, 0
2518, -12
2519, -11
2520, 0
2521, -10
2522, -10
2523, -11
2524, -11
2525, -11
2526, -11
2527, -12
2528, -11
2529, -11
2530, -11
2531, -11
2532, -13
2533, -13
2534, -13
2535, 0
2536, -12
2537, -10
2538, 0
2539, 0
2540, -13
2541, -12
2542, -12
2543, -12
2544, -12
2545, -12
2546, 0
2547, -11
2548, -11
2549, -10
2550, -10
2551, -10
2552, -11
2553, -11
2554, -11
2555, -11
2556, -11
2557, 0
2558, -10
2559, -11
2560, 0
2561, -10
2562, 0
2563, -10
2564, -10
2565, -11
2566, -12
2567, -12
2568, -11
2569, -10
2570, -11
2571, -11
2572, -11
2573, 0
2574, -12
2575, -12
2576, -12
2577, -12
2578, -10
2579, -11
2580, -11
2581, -13
2582, 0
2583, 0
2584, 0
2585, 0
2586, 0
2587, 0
2588, 0
2589, -12
2590, -13
2591, -12
2592, -13
2593, -13
2594, -12
2595, -13
2596, 0
2597, -10
2598, -10
2599, -11
2600, -11
2601, -11
2602, -11
2603, -12
2604, -11
2605, -12
2606, -12
2607, -13
2608, -13
2609, 0
2610, -11
2611, 0
2612, -13
2613, -13
2614, -13
2615, 0
2616, -11
2617, -11
2618, -11
2619, -12
2620, -12
2621, -12
2622, -12
2623, -12
2624, -12
2625, -11
2626, -12
2627, -11
2628, -11
2629, -12
2630, -12
2631, -11
2632, -11
2633, -11
2634, -12
2635, -12
2636, -12
2637, 0
2638, -12
2639, -9
2640, -9
2641, -10
2642, -11
2643, -13
2644, -13
2645, -13
2646, -12
2647, -11
2648, -12
2649, -12
2650, -13
2651, -13
2652, -13
2653, -13
2654, -12
2655, -11
2656, 0
2657, -12
2658, -12
2659, -14
2660, -12
2661, -11
2662, -11
2663, -11
2664, -11
2665, -11
2666, -12
2667, -12
2668, -11
2669, -11
2670, -10
2671, -11
2672, -12
2673, -13
2674, -13
2675, -13
2676, -12
2677, -11
2678, -11
2679, -13
2680, -12
2681, -12
2682, -13
2683, -12
2684, -12
2685, -12
2686, -12
2687, -12
2688, -12
2689, -13
2690, -12
2691, -12
2692, -12
2693, -12
2694, 0
2695, -12
2696, -12
2697, -12
2698, -12
2699, -11
2700, -11
2701, -12
2702, -12
2703, -14
2704, -12
2705, -11
2706, -11
2707, -10
2708, -11
2709, -12
2710, -11
2711, -11
2712, -10
2713, -12
2714, -13
2715, -13
2716, -13
2717, -12
2718, -12
2719, -12
2720, -12
2721, -12
2722, -13
2723, -11
2724, -11
2725, -11
2726, -11
2727, -13
2728, 0
2729, -10
2730, -10
2731, -10
2732, -10
2733, -11
2734, -12
2735, -11
2736, -11
2737, -11
2738, -12
2739, -12
2740, -11
2741, -11
2742, -11
2743, -11
2744, -11
2745, -11
2746, -11
2747, -11
2748, -12
2749, -11
2750, -11
2751, -11
2752, -10
2753, -11
2754, -12
2755, -13
2756, -13
2757, -13
2758, -12
2759, -12
2760, -12
2761, -12
2762, -12
2763, -11
2764, -11
2765, -11
2766, -11
2767, -10
2768, -11
2769, -11
2770, 0
2771, -13
2772, -12
2773, -10
2774, -11
2775, -12
2776, -12
2777, -12
2778, -12
2779, -12
2780, -12
2781, -12
2782, -11
2783, -11
2784, -11
2785, -11
2786, -11
2787, -11
2788, -11
2789, -11
2790, -11
2791, -11
2792, -11
2793, -12
2794, -12
2795, -12
2796, -11
2797, -11
2798, -12
2799, -11
2800, -11
2801, -10
2802, -11
2803, -12
2804, -12
2805, -12
2806, -12
2807, -12
2808, -12
2809, -11
2810, -11
2811, -12
2812, -12
2813, 0
2814, -9
2815, -10
2816, -11
2817, -11
2818, -12
2819, -11
2820, -11
2821, -11
2822, -11
2823, -13
2824, -14
2825, -13
2826, -13
2827, -11
2828, -12
2829, -12
2830, -12
2831, -13
2832, 0
2833, -11
2834, 0
2835, -13
2836, -13
2837, -14
2838, -15
2839, -14
2840, -14
2841, -14
2842, -14
2843, -14
2844, -14
2845, -14
2846, -13
2847, -11
2848, -11
2849, -11
2850, 0
2851, -11
2852, -11
2853, -11
2854, -11
2855, -11
2856, -11
2857, 0
2858, -11
2859, -12
2860, -12
2861, -11
2862, -12
2863, -13
2864, -12
2865, -11
2866, -12
2867, -12
2868, -12
2869, -12
2870, -12
2871, -12
2872, -11
2873, -12
2874, -12
2875, -13
2876, -12
2877, -11
2878, -11
2879, -11
2880, -10
2881, -10
2882, -11
2883, -11
2884, -11
2885, -11
2886, -10
2887, -11
2888, -13
2889, -12
2890, -11
2891, -9
2892, -9
2893, -11
2894, -11
2895, -11
2896, -12
2897, -11
2898, -11
2899, -11
2900, -11
2901, -11
2902, -11
2903, -11
2904, 0
2905, -10
2906, -10
2907, 0
2908, -12
2909, -14
2910, -14
2911, -13
2912, -11
2913, -11
2914, -11
2915, -11
2916, -11
2917, -13
2918, 0
2919, -11
2920, -11
2921, -10
2922, 0
2923, 0
2924, -9
2925, 0
2926, -11
2927, -11
2928, -11
2929, -11
2930, -11
2931, -11
2932, -11
2933, -11
2934, -11
2935, -11
2936, -11
2937, -12
2938, -10
2939, -10
2940, -11
2941, -12
2942, -12
2943, -11
2944, -11
2945, -12
2946, -12
2947, -12
2948, -12
2949, -12
2950, -11
2951, -10
2952, -10
2953, -12
2954, -12
2955, -10
2956, -10
2957, -12
2958, -11
2959, -12
2960, -12
2961, -12
2962, -11
2963, -11
2964, -13
2965, -12
2966, -11
2967, -11
2968, -11
2969, -11
2970, -11
2971, -10
2972, -8
2973, 0
2974, -11
2975, -11
2976, -12
2977, -12
2978, -12
2979, -11
2980, -11
2981, -12
2982, -13
2983, -11
2984, -12
2985, -12
2986, -12
2987, -13
2988, -13
2989, -13
2990, -12
2991, -10
2992, -11
2993, -11
2994, -11
2995, -10
2996, -10
2997, 0
2998, -12
2999, -12
3000, -11
3001, -10
3002, -10
3003, -10
3004, -11
3005, -11
3006, -11
3007, -10
3008, -10
3009, -10
3010, 0
3011, 0
3012, -9
3013, -10
3014, -10
3015, -11
3016, -11
3017, -11
3018, 0
3019, -13
3020, -10
3021, -10
3022, -12
3023, -12
3024, -12
3025, -12
3026, -12
3027, -11
3028, -12
3029, -11
3030, -11
3031, -12
3032, -12
3033, -12
3034, -12
3035, -12
3036, -12
3037, -10
3038, -10
3039, -11
3040, -11
3041, -11
3042, -11
3043, -10
3044, -12
3045, -11
3046, -11
3047, -11
3048, 0
3049, -12
3050, -10
3051, -10
3052, -10
3053, -10
3054, -12
3055, -10
3056, -11
3057, -11
3058, -11
3059, -12
3060, -12
3061, -11
3062, -11
3063, -10
3064, -10
3065, -12
3066, -12
3067, -11
3068, -10
3069, -10
3070, -11
3071, -11
3072, -11
3073, -11
3074, -10
3075, -9
3076, -9
3077, -10
3078, -10
3079, 0
3080, -11
3081, 0
3082, -12
3083, 0
3084, -9
3085, 0
3086, 0
3087, -10
3088, -11
3089, -13
3090, -13
3091, -10
3092, -10
3093, -10
3094, -12
3095, -11
3096, -11
3097, -11
3098, -10
3099, -11
3100, 0
3101, 0
3102, -7
3103, 0
3104, -11
3105, -11
3106, -10
3107, -7
3108, -7
3109, 0
3110, -9
3111, -6
3112, -7
3113, -7
3114, -10
3115, -9
3116, -8
3117, -8
3118, 0
3119, -10
3120, -11
3121, -14
3122, -12
3123, -12
3124, -11
3125, -11
3126, -10
3127, -10
3128, -10
3129, 0
3130, -11
3131, -10
3132, -11
3133, -11
3134, -10
3135, -11
3136, -12
3137, -12
3138, -12
3139, -10
3140, -11
3141, -10
3142, -11
3143, -9
3144, 0
3145, 0
3146, -13
3147, -13
3148, -11
3149, -10
3150, -10
3151, -9
3152, -10
3153, -10
3154, -10
3155, -10
3156, -10
3157, -11
3158, -10
3159, -11
3160, -10
3161, -10
3162, -10
3163, 0
3164, 0
3165, 0
3166, -12
3167, -12
3168, -12
3169, -12
3170, 0
3171, -11
3172, -9
3173, -10
3174, -12
3175, -10
3176, -11
3177, -10
3178, -10
3179, 0
3180, -13
3181, -13
3182, -10
3183, 0
3184, -10
3185, -10
3186, -10
3187, -10
3188, -10
3189, -11
3190, -11
3191, -10
3192, -10
3193, -9
3194, -10
3195, -10
3196, -10
3197, -10
3198, -10
3199, -10
3200, 0
3201, 0
3202, 0
3203, 0
3204, 0
3205, 0
3206, 0
3207, 0
3208, 0
3209, 0
3210, 0
3211, 0
3212, 0
3213, 0
3214, -9
3215, -8
3216, 0
3217, 0
3218, 0
3219, 0
3220, 0
3221, 0
3222, 0
3223, 0
3224, 0
3225, 0
3226, 0
3227, 0
3228, 0
3229, 0
3230, 0
3231, 0
3232, 0
3233, 0
3234, 0
3235, 0
3236, 0
3237, 0
3238, 0
3239, 0
3240, 0
3241, 0
3242, 0
3243, 0
3244, 0
3245, 0
3246, 0
3247, 0
3248, 0
3249, 0
3250, 0
3251, 0
3252, 0
3253, 0
3254, 0
3255, 0
3256, 0
3257, 0
3258, 0
3259, 0
3260, 0
3261, 0
3262, 0
3263, 0
3264, 0
3265, 0
3266, 0
3267, 0
3268, 0
3269, 0
3270, 0
3271, 0
3272, 0
3273, 0
3274, 0
3275, 0
3276, 0
3277, 0
3278, 0
3279, 0
3280, 0
3281, 0
3282, 0
3283, 0
3284, 0
3285, 0
3286, 0
3287, 0
3288, 0
3289, 0
3290, -8
3291, 0
3292, -10
3293, -10
3294, -10
3295, -9
3296, -10
3297, -9
3298, -10
3299, -8
3300, -8
3301, -8
3302, -7
3303, 0
3304, -10
3305, 0
3306, -9
3307, 0
3308, -9
3309, -9
3310, -10
3311, -8
3312, -8
3313, -9
3314, -10
3315, -7
3316, -8
3317, -8
3318, -8
3319, -8
3320, -9
3321, -9
3322, -10
3323, -8
3324, -8
3325, 0
3326, -11
3327, -11
3328, -10
3329, -9
3330, -9
3331, -10
3332, 0
3333, -10
3334, -9
3335, -9
3336, -9
3337, -10
3338, -8
3339, -8
3340, -7
3341, -6
3342, 0
3343, -7
3344, 0
3345, -10
3346, -9
3347, -10
3348, -9
3349, -8
3350, -8
3351, -10
3352, -6
3353, -6
3354, -7
3355, 0
3356, 0
3357, -9
3358, -9
3359, -7
3360, -9
3361, -10
3362, -7
3363, 0
3364, -7
3365, -6
3366, -5
3367, 0
3368, -7
3369, -7
3370, -8
3371, -9
3372, -9
3373, -9
3374, -7
3375, -7
3376, -7
3377, -7
3378, -7
3379, 0
3380, -9
3381, -8
3382, -8
3383, -8
3384, -9
3385, -8
3386, -9
3387, -9
3388, -9
3389, -8
3390, -9
3391, -8
3392, -8
3393, -5
3394, 0
3395, -8
3396, -8
3397, -8
3398, -7
3399, -8
3400, -7
3401, -7
3402, -6
3403, -6
3404, -6
3405, 0
3406, 0
3407, -8
3408, -8
3409, -9
3410, -9
3411, -8
3412, -8
3413, -5
3414, -6
3415, -6
3416, -6
3417, -5
3418, 0
3419, -7
3420, -7
3421, -7
3422, -8
3423, -8
3424, -9
3425, -5
3426, -5
3427, -6
3428, 0
3429, 0
3430, -6
3431, -7
3432, -8
3433, -9
3434, -9
3435, -7
3436, -6
3437, -5
3438, -5
3439, 0
3440, -7
3441, 0
3442, -8
3443, -7
3444, -8
3445, -8
3446, -6
3447, -8
3448, -5
3449, -5
3450, 0
3451, -6
3452, 0
3453, -8
3454, -6
3455, -5
3456, -6
3457, -5
3458, 0
3459, -6
3460, -7
3461, 0
3462, -8
3463, -6
3464, -4
3465, -6
3466, -5
3467, -5
3468, -4
3469, 0
3470, 0
3471, -6
3472, -8
3473, -7
3474, -7
3475, -5
3476, -4
3477, 0
3478, 0
3479, -8
3480, -7
3481, -5
3482, -6
3483, 0
3484, -6
3485, -4
3486, -5
3487, -5
3488, 0
3489, -7
3490, -8
3491, -5
3492, -4
3493, -7
3494, -5
3495, 0
3496, 0
3497, -7
3498, -7
3499, -7
3500, -4
3501, -5
3502, -5
3503, -3
3504, -4
3505, 0
3506, 0
3507, -5
3508, -5
3509, -5
3510, -5
3511, 0
3512, 0
3513, -7
3514, -7
3515, -6
3516, -6
3517, -6
3518, -6
3519, 0
3520, 0
3521, -5
3522, -5
3523, -5
3524, 0
3525, 0
3526, 1
3527, -1
3528, 0
3529, -4
3530, 0
3531, 0
3532, -5
3533, -5
3534, 0
3535, -8
3536, -5
3537, -4
3538, -4
3539, -3
3540, -3
3541, -4
3542, 0
3543, 0
3544, -7
3545, -5
3546, -5
3547, -6
3548, -4
3549, 0
3550, -5
3551, -4
3552, -4
3553, 0
3554, -3
3555, -3
3556, -4
3557, 0
3558, -4
3559, -4
3560, -3
3561, 0
3562, -3
3563, -2
3564, -3
3565, -4
3566, 0
3567, 0
3568, -8
3569, -7
3570, -7
3571, -4
3572, -3
3573, -4
3574, 0
3575, -4
3576, 0
3577, -5
3578, -3
3579, 0
3580, -4
3581, -3
3582, -4
3583, -4
3584, -3
3585, 0
3586, 0
3587, -2
3588, -3
3589, -5
3590, -7
3591, -4
3592, 0
3593, -3
3594, -4
3595, -3
3596, -5
3597, -5
3598, 0
3599, -3
3600, -3
3601, 0
3602, 0
3603, -4
3604, 0
3605, -3
3606, -3
3607, -5
3608, -2
3609, 0
3610, 0
3611, -4
3612, -4
3613, -5
3614, -5
3615, 0
3616, 0
3617, -4
3618, -3
3619, 0
3620, -4
3621, -4
3622, -4
3623, -3
3624, 0
3625, -5
3626, -3
3627, -4
3628, -4
3629, 0
3630, -4
3631, 0
3632, -5
3633, -3
3634, -4
3635, -3
3636, -2
3637, -2
3638, -2
3639, 0
3640, -4
3641, -3
3642, -3
3643, 0
3644, -5
3645, 0
3646, 0
3647, -3
3648, -4
3649, -4
3650, -2
3651, 0
3652, -5
3653, -2
3654, -2
3655, 0
3656, -4
3657, -4
3658, -5
3659, 0
3660, 0
3661, 0
3662, 0
3663, 0
3664, -3
3665, -6
3666, -6
3667, -7
3668, -7
3669, 0
3670, -1
3671, 0
3672, -3
3673, -2
3674, 0
3675, -2
3676, -2
3677, 0
3678, 0
3679, -3
3680, 0
3681, -2
3682, -3
3683, -2
3684, 0
3685, 0
3686, 0
3687, 0
3688, 0
3689, -2
3690, -3
3691, -4
3692, -3
3693, 0
3694, 0
3695, 0
3696, 0
3697, 0
3698, 0
3699, 0
3700, -4
3701, -5
3702, -5
3703, -3
3704, -3
3705, 0
3706, 0
3707, -4
3708, -4
3709, -2
3710, -2
3711, -3
3712, -2
3713, 0
3714, 0
3715, -2
3716, -2
3717, 0
3718, -2
3719, -2
3720, -2
3721, -2
3722, -3
3723, 0
3724, 0
3725, 1
3726, 1
3727, 1
3728, 0
3729, 0
3730, 0
3731, 1
3732, 0
3733, 0
3734, 0
3735, -3
3736, -4
3737, -4
3738, -4
3739, -2
3740, 0
3741, 2
3742, -2
3743, 0
3744, 0
3745, 0
3746, 0
3747, 0
3748, 0
3749, 0
3750, 1
3751, 0
3752, 0
3753, 0
3754, 0
3755, 0
3756, 0
3757, 0
3758, 0
3759, 0
3760, 0
3761, 0
3762, 0
3763, 0
3764, 0
3765, -2
3766, 0
3767, 0
3768, 0
3769, 0
3770, 0
3771, 0
3772, 0
3773, 1
3774, 0
3775, 0
3776, 0
3777, 0
3778, 0
3779, 0
3780, 0
3781, 0
3782, -2
3783, 0
3784, 0
3785, 0
3786, -2
3787, 0
3788, 0
3789, 0
3790, 0
3791, 0
3792, 0
3793, 0
3794, 0
3795, 0
3796, 0
3797, 2
3798, 1
3799, 0
3800, 0
3801, 0
3802, 0
3803, 0
3804, 0
3805, 0
3806, 3
3807, 1
3808, 0
3809, 0
3810, 0
3811, -2
3812, 0
3813, 0
3814, 0
3815, 0
3816, 0
3817, 1
3818, 0
3819, 0
3820, 1
3821, 1
3822, 3
3823, 0
3824, 0
3825, 0
3826, 0
3827, 0
3828, 0
3829, 0
3830, -3
3831, 0
3832, 0
3833, 3
3834, 3
3835, 2
3836, 0
3837, 0
3838, 3
3839, 4
3840, 1
3841, 0
3842, 0
3843, 0
3844, 0
3845, 2
3846, 4
3847, 2
3848, 0
3849, 0
3850, 0
3851, 1
3852, 1
3853, 1
3854, 3
3855, 0
3856, 2
3857, 3
3858, 2
3859, 0
3860, 0
3861, 0
3862, 3
3863, 4
3864, 3
3865, 0
3866, 0
3867, 5
3868, 4
3869, 0
3870, 2
3871, 0
3872, 0
3873, 0
3874, 4
3875, 4
3876, 1
3877, 0
3878, 0
3879, 0
3880, 2
3881, 3
3882, 4
3883, 0
3884, 2
3885, 0
3886, 3
3887, 5
3888, 0
3889, 3
3890, 0
3891, 0
3892, 0
3893, 3
3894, 5
3895, 0
3896, 4
3897, 0
3898, 0
3899, 2
3900, 0
3901, 3
3902, 5
3903, 5
3904, 0
3905, 5
3906, 5
3907, 0
3908, 0
3909, 2
3910, 4
3911, 4
3912, 5
3913, 0
3914, 4
3915, 6
3916, 7
3917, 0
3918, 0
3919, 0
3920, 5
3921, 4
3922, 1
3923, 3
3924, 4
3925, 4
3926, 5
3927, 0
3928, 0
3929, 0
3930, 0
3931, 4
3932, 3
3933, 4
3934, 0
3935, 0
3936, 3
3937, 3
3938, 5
3939, 5
3940, 0
3941, 4
3942, 4
3943, 5
3944, 0
3945, 0
3946, 4
3947, 6
3948, 5
3949, 5
3950, 0
3951, 4
3952, 5
3953, 0
3954, 6
3955, 0
3956, 7
3957, 7
3958, 0
3959, 6
3960, 5
3961, 7
3962, 0
3963, 0
3964, 4
3965, 6
3966, 0
3967, 0
3968, 6
3969, 0
3970, 0
3971, 6
3972, 7
3973, 6
3974, 0
3975, 0
3976, 6
3977, 0
3978, 10
3979, 0
3980, 0
3981, 0
3982, 0
3983, 5
3984, 0
3985, 6
3986, 5
3987, 0
3988, 4
3989, 8
3990, 7
3991, 7
3992, 0
3993, 6
3994, 8
3995, 0
3996, 11
3997, 0
3998, 0
3999, 0
4000, 7
4001, 10
4002, 0
4003, 8
4004, 0
4005, 7
4006, 6
4007, 8
4008, 0
4009, 0
4010, 0
4011, 0
4012, 0
4013, 9
4014, 0
4015, 7
4016, 0
4017, 0
4018, 0
4019, 8
4020, 0
4021, 0
4022, 0
4023, 9
4024, 0
4025, 7
4026, 7
4027, 8
4028, 0
4029, 0
4030, 7
4031, 9
4032, 0
4033, 0
4034, 7
4035, 0
4036, 0
4037, 8
4038, 8
4039, 0
4040, 11
4041, 0
4042, 0
4043, 0
4044, 2
4045, 1
4046, 0
4047, 8
4048, 8
4049, 9
4050, 9
4051, 0
4052, 7
4053, 9
4054, 11
4055, 0
4056, 0
4057, 8
4058, 8
4059, 0
4060, 7
4061, 7
4062, 8
4063, 0
4064, 6
4065, 7
4066, 0
4067, 11
4068, 0
4069, 10
4070, 0
4071, 0
4072, 0
4073, 10
4074, 14
4075, 0
4076, 12
4077, 0
4078, 0
4079, 9
4080, 9
4081, 10
4082, 0
4083, 0
4084, 12
4085, 13
4086, 13
4087, 0
4088, 0
4089, 0
4090, 0
4091, 10
4092, 10
4093, 0
4094, 0
4095, 9
4096, 0
4097, 11
4098, 0
4099, 11
4100, 11
4101, 0
4102, 0
4103, 12
4104, 12
4105, 0
4106, 0
4107, 0
4108, 12
4109, 12
4110, 11
4111, 0
4112, 0
4113, 0
4114, 12
4115, 14
4116, 0
4117, 0
4118, 12
4119, 13
4120, 0
4121, 13
4122, 14
4123, 0
4124, 0
4125, 14
4126, 0
4127, 13
4128, 0
4129, 0
4130, 10
4131, 0
4132, 13
4133, 14
4134, 0
4135, 0
4136, 0
4137, 0
4138, 10
4139, 13
4140, 0
4141, 0
4142, 11
4143, 12
4144, 0
4145, 13
4146, 0
4147, 0
4148, 14
4149, 0
4150, 13
4151, 16
4152, 0
4153, 0
4154, 0
4155, 0
4156, 0
4157, 15
4158, 15
4159, 0
4160, 0
4161, 0
4162, 0
4163, 0
4164, 0
4165, 14
4166, 14
4167, 0
4168, 0
4169, 0
4170, 14
4171, 0
4172, 0
4173, 11
4174, 0
4175, 14
4176, 14
4177, 0
4178, 12
4179, 14
4180, 0
4181, 0
4182, 15
4183, 15
4184, 0
4185, 15
4186, 0
4187, 15
4188, 14
4189, 0
4190, 0
4191, 0
4192, 0
4193, 0
4194, 0
4195, 0
4196, 0
4197, 0
4198, 0
4199, 0
4200, 0
4201, 0
4202, 0
4203, 0
4204, 0
4205, 0
4206, 0
4207, 0
4208, 0
4209, 0
4210, 0
4211, 0
4212, 0
4213, 0
4214, 0
4215, 0
4216, 0
4217, 0
4218, 0
4219, 0
4220, 0
4221, 0
4222, 0
4223, 0
4224, 0
4225, 0
4226, 0
4227, 0
4228, 0
4229, 0
4230, 0
4231, 0
4232, 0
4233, 0
4234, 0
4235, 0
4236, 0
4237, 0
4238, 0
4239, 0
4240, 0
4241, 0
4242, 0
4243, 0
4244, 0
4245, 0
4246, 0
4247, 0
4248, 0
4249, 0
4250, 0
4251, 0
4252, 0
4253, 0
4254, 0
4255, 0
4256, 0
4257, 0
4258, 0
4259, 0
4260, 0
4261, 0
4262, 0
4263, 0
4264, 0
4265, 0
4266, 0
4267, 0
4268, 0
4269, 0
4270, 0
4271, 0
4272, 0
4273, 0
4274, 0
4275, 0
4276, 0
4277, 0
4278, 0
4279, 0
4280, 0
4281, 0
4282, 0
4283, 0
4284, 0
4285, 0
4286, 0
4287, 0
4288, 0
4289, 0
4290, 0
4291, 0
4292, 0
4293, 0
4294, 0
4295, 0
4296, 0
4297, 0
4298, 0
4299, 0
4300, 0
4301, 0
4302, 0
4303, 0
4304, 0
4305, 0
4306, 0
4307, 0
4308, 0
4309, 0
4310, 0
4311, 0
4312, 0
4313, 0
4314, 0
4315, 0
4316, 0
4317, 0
4318, 0
4319, 0
4320, 0
4321, 0
4322, 0
4323, 0
4324, 0
4325, 0
4326, 0
4327, 0
4328, 0
4329, 0
4330, 0
4331, 0
4332, 0
4333, 0
4334, 0
4335, 0
4336, 0
4337, 0
4338, 23
4339, 0
4340, 0
4341, 0
4342, 0
4343, 0
4344, 0
4345, 0
4346, 0
4347, 0
4348, 0
4349, 26
4350, 0
4351, 0
4352, 0
4353, 0
4354, 0
4355, 0
4356, 0
4357, 26
4358, 0
4359, 0
4360, 0
4361, 0
4362, 0
4363, 0
4364, 0
4365, 0
4366, 0
4367, 0
4368, 0
4369, 0
4370, 0
4371, 0
4372, 0
4373, 26
4374, 29
4375, 0
4376, 0
4377, 0
4378, 0
4379, 20
4380, 34
4381, 34
4382, 0
4383, 0
4384, 0
4385, 0
4386, 0
4387, 0
4388, 26
4389, 0
4390, 0
4391, 0
4392, 0
4393, 0
4394, 24
4395, 0
4396, 0
4397, 0
4398, 33
4399, 0
4400, 0
4401, 0
4402, 0
4403, 0
4404, 0
4405, 0
4406, 0
4407, 0
4408, 0
4409, 0
4410, 0
4411, 0
4412, 0
4413, 0
4414, 0
4415, 0
4416, 0
4417, 0
4418, 0
4419, 0
4420, 0
4421, 0
4422, 0
4423, 0
4424, 0
4425, 0
4426, 0
4427, 0
4428, 0
4429, 0
4430, 0
4431, 0
4432, 0
4433, 0
4434, 0
4435, 0
4436, 0
4437, 0
4438, 0
4439, 0
4440, 0
4441, 0
4442, 0
4443, 0
4444, 0
4445, 0
4446, 0
4447, 0
4448, 0
4449, 0
4450, 0
4451, 0
4452, 0
4453, 0
4454, 0
4455, 0
4456, 0
4457, 0
4458, 0
4459, 0
4460, 0
4461, 0
4462, 0
4463, 0
4464, 0
4465, 0
4466, 0
4467, 0
4468, 0
4469, 0
4470, 0
4471, 0
4472, 0
4473, 0
4474, 0
4475, 0
4476, 0
4477, 0
4478, 0
4479, 0
4480, 0
4481, 0
4482, 0
4483, 0
4484, 0
4485, 0
4486, 0
4487, 0
4488, 0
4489, 0
4490, 0
4491, 0
4492, 0
4493, 0
4494, 0
4495, 0
4496, 0
4497, 0
4498, 0
4499, 0
4500, 0
4501, 0
4502, 0
4503, 0
4504, 0
4505, 0
4506, 44
4507, 0
4508, 0
4509, 0
4510, 0
4511, 0
4512, 0
4513, 0
4514, 0
4515, 0
4516, 0
4517, 0
4518, 0
4519, 0
4520, 0
4521, 0
4522, 0
4523, 0
4524, 0
4525, 0
4526, 0
4527, 0
4528, 0
4529, 0
4530, 0
4531, 0
4532, 0
4533, 0
4534, 0
4535, 0
4536, 0
4537, 0
4538, 0
4539, 0
4540, 0
4541, 0
4542, 0
4543, 0
4544, 0
4545, 0
4546, 0
4547, 162
4548, 0
4549, 0
4550, 0
4551, 0
