0, 0
1, 0
2, 0
3, 0
4, 0
5, 0
6, 0
7, 0
8, 0
9, 0
10, 0
11, 0
12, 0
13, 0
14, 0
15, 0
16, 0
17, 0
18, 0
19, 0
20, 0
21, 0
22, 0
23, 0
24, 0
25, 0
26, 0
27, 0
28, 0
29, 0
30, 0
31, 0
32, 0
33, 0
34, 0
35, 0
36, 0
37, 0
38, 0
39, 0
40, 0
41, 0
42, 0
43, 0
44, 0
45, 0
46, 0
47, 0
48, 0
49, 0
50, 0
51, 0
52, 0
53, 0
54, 0
55, 0
56, 0
57, 0
58, 0
59, 0
60, 0
61, 0
62, 0
63, 0
64, 0
65, 0
66, 0
67, 0
68, 0
69, 0
70, 0
71, 0
72, 0
73, 0
74, 0
75, 0
76, 0
77, 0
78, 0
79, 0
80, 0
81, 0
82, 0
83, 0
84, 0
85, 0
86, 0
87, 0
88, 0
89, 0
90, 0
91, 0
92, 0
93, 0
94, 0
95, 0
96, 0
97, 0
98, 0
99, 0
100, 0
101, 0
102, 0
103, 0
104, 0
105, 0
106, 0
107, 0
108, 0
109, 0
110, 0
111, 0
112, 0
113, 0
114, 0
115, 0
116, 0
117, 0
118, 0
119, 0
120, 0
121, 0
122, 0
123, 0
124, 0
125, 0
126, 0
127, 0
128, 0
129, 0
130, 0
131, 0
132, 0
133, 0
134, 0
135, 0
136, 0
137, 0
138, 0
139, 0
140, 0
141, 0
142, 0
143, 0
144, 0
145, 0
146, 0
147, 0
148, 0
149, 0
150, 0
151, 0
152, 0
153, 0
154, 0
155, 0
156, 0
157, 0
158, 0
159, 0
160, 0
161, 0
162, 0
163, 0
164, 0
165, 0
166, 0
167, 0
168, 0
169, 0
170, 0
171, 0
172, 0
173, 0
174, 0
175, 0
176, 0
177, 0
178, 0
179, 0
180, 0
181, 0
182, 0
183, 0
184, 0
185, 0
186, 0
187, 0
188, 0
189, 0
190, 0
191, 0
192, 0
193, 0
194, 0
195, 0
196, 0
197, 0
198, 0
199, 0
200, 0
201, 0
202, 0
203, 0
204, 0
205, 0
206, 0
207, 0
208, 0
209, 0
210, 0
211, 0
212, 0
213, 0
214, 0
215, 0
216, 0
217, 0
218, 0
219, 0
220, 0
221, 0
222, 0
223, 0
224, 0
225, 0
226, 0
227, 0
228, 0
229, 0
230, 0
231, 0
232, 0
233, 0
234, 0
235, 0
236, 0
237, 0
238, 0
239, 0
240, 0
241, 0
242, 0
243, 0
244, 0
245, 0
246, 0
247, 0
248, 0
249, 0
250, 0
251, 0
252, 0
253, 0
254, 0
255, 0
256, 0
257, 0
258, 0
259, 0
260, 0
261, 0
262, 0
263, 0
264, 0
265, 0
266, 0
267, 0
268, 0
269, 0
270, 0
271, 0
272, 0
273, 0
274, 0
275, 0
276, 0
277, 0
278, 0
279, 0
280, 0
281, 0
282, 0
283, 0
284, 0
285, 0
286, 0
287, 0
288, 0
289, 0
290, 0
291, 0
292, 0
293, 0
294, 0
295, 0
296, 0
297, 0
298, 0
299, 0
300, 0
301, 0
302, 0
303, 0
304, 0
305, 0
306, 0
307, 0
308, 0
309, 0
310, 0
311, 0
312, 0
313, 0
314, 0
315, 0
316, 0
317, 0
318, 0
319, 0
320, 0
321, 0
322, 0
323, 0
324, 0
325, 0
326, 0
327, 0
328, 0
329, 0
330, 0
331, 0
332, 0
333, 0
334, 0
335, 0
336, 0
337, 0
338, 0
339, 0
340, 0
341, 0
342, 0
343, 0
344, 0
345, 0
346, 0
347, 0
348, 0
349, 0
350, 0
351, 0
352, 0
353, 0
354, 0
355, 0
356, 0
357, 0
358, 0
359, 0
360, 0
361, 0
362, 0
363, 0
364, 0
365, 0
366, 0
367, 0
368, 0
369, 0
370, 0
371, 0
372, 0
373, 0
374, 0
375, 0
376, 0
377, 0
378, 0
379, 0
380, 0
381, 0
382, 0
383, 0
384, 0
385, 0
386, 0
387, 0
388, 0
389, 0
390, 0
391, 0
392, 0
393, 0
394, 0
395, 0
396, 0
397, 0
398, 0
399, 0
400, 0
401, 0
402, 0
403, 0
404, 0
405, 0
406, 0
407, 0
408, 0
409, 0
410, 0
411, 0
412, 0
413, 0
414, 0
415, 0
416, 0
417, 0
418, 0
419, 0
420, 0
421, 0
422, 0
423, 0
424, 0
425, 0
426, 0
427, 0
428, 0
429, 0
430, 0
431, 0
432, 0
433, 0
434, 0
435, 0
436, 0
437, 0
438, 0
439, 0
440, 0
441, 0
442, 0
443, 0
444, 0
445, 0
446, 0
447, 0
448, 0
449, 0
450, 0
451, 0
452, 0
453, 0
454, 0
455, 0
456, 0
457, 0
458, 0
459, 0
460, 0
461, 0
462, 0
463, 0
464, 0
465, 0
466, 0
467, 0
468, 0
469, 0
470, 0
471, 0
472, 0
473, 0
474, 0
475, 0
476, 0
477, 0
478, 0
479, 0
480, 0
481, 0
482, 0
483, 0
484, 0
485, 0
486, 0
487, 0
488, 0
489, 0
490, 0
491, 0
492, 0
493, 0
494, 0
495, 0
496, 0
497, 0
498, 0
499, 0
500, 0
501, 0
502, 0
503, 0
504, 0
505, 0
506, 0
507, 0
508, 0
509, 0
510, 0
511, 0
512, 0
513, 0
514, 0
515, 0
516, 0
517, 0
518, 0
519, 0
520, 0
521, 0
522, 0
523, 0
524, 0
525, 0
526, 0
527, 0
528, 0
529, 0
530, 0
531, 0
532, 0
533, 0
534, 0
535, 0
536, 0
537, 0
538, 0
539, 0
540, 0
541, 0
542, 0
543, 0
544, 0
545, 0
546, 0
547, 0
548, 0
549, 0
550, 0
551, 0
552, 0
553, 0
554, 0
555, 0
556, 0
557, 0
558, 0
559, 0
560, 0
561, 0
562, 0
563, 0
564, 0
565, 0
566, 0
567, 0
568, 0
569, 0
570, 0
571, 0
572, 0
573, 0
574, 0
575, 0
576, 0
577, 0
578, 0
579, 0
580, 0
581, 0
582, 0
583, 0
584, 0
585, 0
586, 0
587, 0
588, 0
589, 0
590, 0
591, 0
592, 0
593, 0
594, 0
595, 0
596, 0
597, 0
598, 0
599, 0
600, 0
601, 0
602, 0
603, 0
604, 0
605, 0
606, 0
607, 1989
608, 1988
609, 1988
610, 1988
611, 1988
612, 1986
613, 1708
614, 1695
615, 0
616, 1661
617, 1662
618, 1661
619, 1661
620, 0
621, 1659
622, 1595
623, 1566
624, 1565
625, 1564
626, 1565
627, 1564
628, 1563
629, 1503
630, 1474
631, 1454
632, 1452
633, 1453
634, 0
635, 1453
636, 1429
637, 1396
638, 1370
639, 1367
640, 1366
641, 1365
642, 1365
643, 0
644, 1368
645, 1345
646, 0
647, 1282
648, 1279
649, 1279
650, 1278
651, 1279
652, 1279
653, 1257
654, 0
655, 0
656, 1207
657, 1208
658, 1208
659, 0
660, 0
661, 1205
662, 1177
663, 1158
664, 1156
665, 0
666, 1155
667, 1155
668, 1155
669, 0
670, 1109
671, 1101
672, 1101
673, 1100
674, 1098
675, 1101
676, 1103
677, 1065
678, 1049
679, 1047
680, 1046
681, 1047
682, 1046
683, 1046
684, 1031
685, 1011
686, 997
687, 0
688, 994
689, 993
690, 994
691, 993
692, 992
693, 0
694, 952
695, 941
696, 940
697, 940
698, 940
699, 939
700, 939
701, 921
702, 896
703, 894
704, 895
705, 894
706, 894
707, 894
708, 894
709, 893
710, 868
711, 854
712, 853
713, 853
714, 853
715, 854
716, 854
717, 844
718, 825
719, 817
720, 816
721, 816
722, 815
723, 814
724, 816
725, 797
726, 773
727, 768
728, 0
729, 770
730, 769
731, 768
732, 0
733, 762
734, 749
735, 742
736, 740
737, 740
738, 740
739, 740
740, 741
741, 712
742, 700
743, 696
744, 694
745, 693
746, 693
747, 694
748, 0
749, 687
750, 662
751, 0
752, 647
753, 0
754, 650
755, 652
756, 652
757, 652
758, 627
759, 621
760, 620
761, 620
762, 619
763, 620
764, 622
765, 622
766, 594
767, 583
768, 581
769, 0
770, 583
771, 585
772, 586
773, 581
774, 556
775, 554
776, 554
777, 555
778, 555
779, 0
780, 557
781, 555
782, 534
783, 532
784, 0
785, 535
786, 535
787, 535
788, 536
789, 531
790, 529
791, 515
792, 514
793, 514
794, 513
795, 514
796, 515
797, 0
798, 481
799, 478
800, 476
801, 477
802, 478
803, 0
804, 479
805, 477
806, 471
807, 467
808, 465
809, 464
810, 463
811, 465
812, 466
813, 467
814, 452
815, 438
816, 436
817, 436
818, 436
819, 436
820, 0
821, 440
822, 412
823, 402
824, 400
825, 400
826, 402
827, 402
828, 400
829, 400
830, 379
831, 371
832, 0
833, 372
834, 372
835, 0
836, 375
837, 366
838, 346
839, 338
840, 336
841, 0
842, 340
843, 340
844, 339
845, 328
846, 317
847, 309
848, 308
849, 308
850, 308
851, 308
852, 308
853, 305
854, 298
855, 297
856, 296
857, 294
858, 296
859, 296
860, 297
861, 298
862, 0
863, 279
864, 277
865, 276
866, 0
867, 278
868, 280
869, 267
870, 254
871, 251
872, 0
873, 250
874, 252
875, 253
876, 252
877, 0
878, 255
879, 241
880, 240
881, 239
882, 240
883, 240
884, 0
885, 243
886, 227
887, 223
888, 221
889, 0
890, 223
891, 224
892, 223
893, 0
894, 214
895, 206
896, 204
897, 203
898, 204
899, 205
900, 0
901, 194
902, 187
903, 182
904, 181
905, 182
906, 184
907, 185
908, 185
909, 178
910, 0
911, 0
912, 166
913, 166
914, 168
915, 168
916, 0
917, 159
918, 152
919, 147
920, 147
921, 149
922, 148
923, 147
924, 0
925, 148
926, 137
927, 134
928, 135
929, 0
930, 136
931, 139
932, 140
933, 129
934, 0
935, 113
936, 113
937, 113
938, 0
939, 114
940, 115
941, 113
942, 104
943, 103
944, 0
945, 0
946, 107
947, 106
948, 108
949, 108
950, 80
951, 76
952, 75
953, 0
954, 79
955, 79
956, 0
957, 82
958, 66
959, 64
960, 65
961, 0
962, 68
963, 0
964, 70
965, 59
966, 50
967, 42
968, 41
969, 42
970, 0
971, 46
972, 46
973, 48
974, 35
975, 0
976, 29
977, 0
978, 33
979, 32
980, 33
981, 32
982, 0
983, 0
984, 14
985, 0
986, 15
987, 17
988, 17
989, 18
990, 10
991, 10
992, 0
993, 0
994, 7
995, 8
996, 9
997, -3
998, -2
999, -3
1000, -12
1001, 0
1002, 0
1003, -8
1004, -10
1005, -8
1006, -13
1007, -13
1008, -28
1009, -28
1010, -28
1011, 0
1012, -25
1013, -25
1014, 0
1015, -27
1016, -45
1017, 0
1018, -43
1019, 0
1020, -41
1021, -41
1022, 0
1023, -36
1024, -52
1025, -53
1026, -52
1027, -50
1028, -49
1029, 0
1030, 0
1031, -46
1032, -64
1033, -60
1034, -59
1035, 0
1036, -55
1037, -57
1038, -56
1039, -56
1040, 0
1041, -67
1042, 0
1043, -66
1044, -66
1045, -63
1046, 0
1047, -62
1048, -74
1049, -74
1050, 0
1051, -72
1052, -70
1053, 0
1054, -69
1055, -70
1056, -93
1057, -93
1058, -90
1059, 0
1060, -84
1061, -84
1062, -86
1063, -85
1064, -100
1065, 0
1066, -95
1067, -94
1068, -95
1069, 0
1070, -92
1071, -91
1072, -107
1073, 0
1074, -105
1075, -105
1076, 0
1077, -100
1078, -100
1079, 0
1080, -121
1081, -119
1082, -118
1083, -118
1084, 0
1085, -113
1086, -113
1087, -113
1088, -128
1089, -127
1090, 0
1091, -127
1092, -124
1093, -123
1094, 0
1095, -120
1096, -136
1097, -136
1098, 0
1099, -133
1100, 0
1101, -128
1102, -127
1103, -127
1104, 0
1105, -140
1106, -139
1107, -137
1108, -136
1109, -134
1110, -134
1111, -134
1112, 0
1113, 0
1114, -153
1115, 0
1116, -150
1117, -148
1118, 0
1119, -147
1120, -159
1121, -159
1122, -158
1123, 0
1124, 0
1125, 0
1126, -154
1127, 0
1128, -166
1129, -165
1130, 0
1131, -160
1132, 0
1133, -158
1134, -157
1135, 0
1136, -169
1137, 0
1138, -166
1139, -165
1140, -165
1141, -165
1142, 0
1143, -161
1144, -179
1145, 0
1146, -173
1147, 0
1148, -171
1149, -169
1150, 0
1151, -165
1152, -180
1153, 0
1154, -179
1155, 0
1156, -173
1157, -175
1158, -177
1159, 0
1160, -185
1161, -185
1162, 0
1163, -181
1164, -181
1165, 0
1166, -178
1167, -178
1168, 0
1169, -188
1170, -188
1171, 0
1172, 0
1173, -183
1174, -181
1175, -180
1176, -198
1177, 0
1178, 0
1179, -190
1180, 0
1181, 0
1182, -183
1183, -185
1184, -197
1185, -196
1186, 0
1187, -191
1188, -194
1189, -192
1190, 0
1191, 0
1192, 0
1193, -199
1194, -199
1195, 0
1196, 0
1197, -191
1198, -189
1199, -190
1200, 0
1201, -203
1202, 0
1203, -200
1204, 0
1205, 0
1206, -193
1207, -199
1208, -206
1209, -204
1210, 0
1211, -201
1212, -203
1213, 0
1214, -197
1215, 0
1216, 0
1217, -210
1218, -210
1219, -206
1220, -205
1221, 0
1222, -199
1223, -206
1224, -213
1225, 0
1226, 0
1227, 0
1228, -204
1229, -202
1230, -202
1231, 0
1232, 0
1233, -212
1234, 0
1235, 0
1236, -207
1237, 0
1238, 0
1239, -200
1240, 0
1241, -212
1242, -211
1243, -213
1244, -212
1245, -210
1246, 0
1247, 0
1248, -211
1249, -210
1250, 0
1251, 0
1252, -203
1253, -202
1254, -201
1255, 0
1256, -213
1257, -210
1258, 0
1259, -205
1260, -204
1261, -204
1262, 0
1263, -197
1264, -203
1265, -204
1266, -202
1267, 0
1268, 0
1269, -197
1270, -195
1271, -195
1272, 0
1273, 0
1274, 0
1275, 0
1276, 0
1277, -197
1278, -197
1279, -197
1280, 0
1281, -206
1282, 0
1283, 0
1284, -200
1285, -199
1286, -198
1287, 0
1288, 0
1289, -209
1290, 0
1291, -204
1292, 0
1293, -200
1294, -198
1295, 0
1296, 0
1297, -201
1298, -200
1299, 0
1300, 0
1301, -193
1302, -198
1303, -195
1304, 0
1305, -192
1306, -193
1307, 0
1308, 0
1309, -185
1310, -186
1311, 0
1312, 0
1313, -195
1314, -192
1315, -190
1316, 0
1317, 0
1318, -182
1319, -181
1320, -197
1321, -198
1322, -195
1323, 0
1324, 0
1325, 0
1326, 0
1327, -176
1328, 0
1329, -189
1330, 0
1331, 0
1332, -182
1333, -182
1334, 0
1335, -177
1336, 0
1337, -188
1338, -188
1339, 0
1340, -183
1341, -181
1342, 0
1343, -178
1344, -192
1345, 0
1346, -189
1347, 0
1348, 0
1349, -180
1350, 0
1351, 0
1352, 0
1353, 0
1354, 0
1355, -163
1356, -163
1357, -161
1358, 0
1359, -162
1360, 0
1361, -171
1362, -169
1363, -169
1364, 0
1365, 0
1366, -161
1367, 0
1368, -174
1369, 0
1370, -169
1371, 0
1372, 0
1373, -162
1374, -161
1375, 0
1376, -165
1377, 0
1378, 0
1379, -160
1380, 0
1381, -155
1382, -153
1383, 0
1384, -154
1385, -153
1386, -152
1387, 0
1388, -146
1389, -145
1390, 0
1391, 0
1392, -156
1393, -154
1394, -153
1395, 0
1396, -148
1397, -147
1398, -147
1399, 0
1400, -152
1401, 0
1402, 0
1403, -145
1404, 0
1405, 0
1406, 0
1407, 0
1408, -139
1409, -138
1410, 0
1411, -137
1412, -134
1413, 0
1414, 0
1415, 0
1416, -141
1417, -139
1418, 0
1419, -134
1420, 0
1421, -130
1422, 0
1423, -129
1424, 0
1425, -129
1426, 0
1427, 0
1428, -126
1429, 0
1430, -120
1431, -120
1432, 0
1433, -132
1434, -131
1435, 0
1436, 0
1437, -123
1438, 0
1439, -123
1440, -127
1441, 0
1442, -123
1443, 0
1444, -119
1445, -117
1446, -117
1447, 0
1448, -120
1449, -119
1450, 0
1451, -116
1452, -119
1453, 0
1454, -110
1455, 0
1456, 0
1457, -113
1458, -114
1459, -111
1460, 0
1461, 0
1462, -102
1463, 0
1464, -107
1465, 0
1466, -104
1467, -102
1468, 0
1469, -99
1470, 0
1471, -100
1472, -110
1473, 0
1474, 0
1475, -106
1476, -103
1477, 0
1478, 0
1479, -96
1480, -102
1481, 0
1482, 0
1483, -97
1484, -95
1485, -93
1486, 0
1487, -88
1488, -96
1489, 0
1490, -93
1491, 0
1492, -88
1493, -88
1494, -88
1495, -86
1496, 0
1497, -95
1498, -94
1499, 0
1500, -93
1501, 0
1502, -87
1503, -85
1504, 0
1505, -80
1506, -80
1507, -80
1508, -77
1509, 0
1510, -73
1511, -72
1512, -85
1513, -85
1514, 0
1515, -79
1516, 0
1517, 0
1518, -74
1519, -74
1520, -79
1521, -78
1522, -78
1523, 0
1524, 0
1525, -72
1526, -73
1527, 0
1528, 0
1529, -71
1530, 0
1531, -69
1532, 0
1533, 0
1534, 0
1535, -62
1536, -76
1537, -75
1538, 0
1539, 0
1540, -68
1541, 0
1542, -66
1543, -68
1544, -64
1545, -62
1546, 0
1547, -58
1548, -57
1549, -57
1550, -54
1551, 0
1552, -65
1553, -65
1554, -66
1555, -63
1556, -62
1557, 0
1558, -58
1559, -56
1560, -62
1561, 0
1562, -58
1563, -56
1564, -56
1565, 0
1566, -53
1567, 0
1568, -57
1569, -57
1570, 0
1571, -52
1572, 0
1573, -50
1574, -47
1575, -47
1576, 0
1577, -41
1578, -43
1579, 0
1580, -37
1581, -35
1582, -35
1583, 0
1584, 0
1585, -46
1586, 0
1587, 0
1588, -40
1589, -41
1590, -41
1591, -41
1592, 0
1593, 0
1594, -48
1595, -47
1596, -48
1597, 0
1598, 0
1599, -41
1600, -40
1601, -39
1602, 0
1603, -36
1604, 0
1605, -31
1606, -31
1607, 0
1608, -44
1609, 0
1610, -41
1611, -40
1612, -38
1613, 0
1614, 0
1615, -35
1616, -33
1617, -32
1618, -30
1619, 0
1620, -29
1621, 0
1622, -24
1623, -26
1624, 0
1625, -37
1626, 0
1627, -33
1628, -33
1629, 0
1630, 0
1631, -27
1632, -25
1633, -23
1634, 0
1635, -22
1636, 0
1637, -22
1638, -25
1639, -25
1640, 0
1641, 0
1642, -24
1643, 0
1644, -20
1645, 0
1646, -16
1647, 0
1648, -13
1649, -12
1650, -10
1651, 0
1652, -5
1653, -3
1654, 0
1655, -3
1656, -3
1657, 0
1658, 1
1659, 0
1660, 0
1661, 10
1662, 4
1663, 0
1664, -6
1665, -3
1666, -2
1667, 0
1668, 0
1669, -2
1670, 0
1671, 0
1672, 2
1673, 0
1674, 7
1675, 7
1676, 8
1677, 0
1678, 9
1679, 3
1680, -4
1681, 0
1682, -2
1683, 0
1684, 1
1685, 3
1686, 2
1687, 3
1688, 0
1689, 6
1690, 7
1691, 0
1692, 10
1693, 10
1694, 0
1695, 0
1696, 0
1697, 0
1698, 0
1699, 0
1700, 0
1701, 0
1702, 0
1703, 0
1704, 0
1705, 0
1706, 0
1707, 0
1708, 20
1709, 0
1710, 17
1711, 16
1712, 0
1713, 19
1714, 0
1715, 24
1716, 24
1717, 23
1718, 0
1719, 28
1720, 30
1721, 29
1722, 29
1723, 0
1724, 0
1725, 35
1726, 25
1727, 22
1728, 20
1729, 23
1730, 0
1731, 0
1732, 27
1733, 28
1734, 30
1735, 0
1736, 32
1737, 0
1738, 36
1739, 38
1740, 38
1741, 34
1742, 0
1743, 35
1744, 37
1745, 37
1746, 39
1747, 0
1748, 43
1749, 44
1750, 0
1751, 38
1752, 38
1753, 40
1754, 0
1755, 0
1756, 46
1757, 49
1758, 49
1759, 48
1760, 0
1761, 50
1762, 0
1763, 55
1764, 55
1765, 0
1766, 53
1767, 52
1768, 0
1769, 54
1770, 0
1771, 57
1772, 59
1773, 60
1774, 54
1775, 52
1776, 53
1777, 0
1778, 56
1779, 57
1780, 0
1781, 60
1782, 60
1783, 60
1784, 60
1785, 0
1786, 64
1787, 65
1788, 64
1789, 0
1790, 0
1791, 58
1792, 57
1793, 58
1794, 58
1795, 0
1796, 62
1797, 63
1798, 62
1799, 63
1800, 63
1801, 64
1802, 0
1803, 69
1804, 0
1805, 70
1806, 71
1807, 73
1808, 73
1809, 76
1810, 76
1811, 0
1812, 0
1813, 0
1814, 0
1815, 0
1816, 0
1817, 0
1818, 86
1819, 85
1820, 0
1821, 0
1822, 0
1823, 74
1824, 73
1825, 75
1826, 77
1827, 0
1828, 79
1829, 82
1830, 78
1831, 0
1832, 0
1833, 80
1834, 82
1835, 81
1836, 82
1837, 82
1838, 77
1839, 0
1840, 81
1841, 80
1842, 81
1843, 0
1844, 82
1845, 0
1846, 0
1847, 89
1848, 88
1849, 88
1850, 91
1851, 92
1852, 91
1853, 0
1854, 91
1855, 90
1856, 90
1857, 91
1858, 92
1859, 0
1860, 93
1861, 95
1862, 0
1863, 97
1864, 98
1865, 99
1866, 99
1867, 100
1868, 0
1869, 102
1870, 0
1871, 98
1872, 95
1873, 96
1874, 97
1875, 0
1876, 99
1877, 0
1878, 103
1879, 103
1880, 106
1881, 108
1882, 0
1883, 111
1884, 112
1885, 113
1886, 107
1887, 108
1888, 108
1889, 108
1890, 109
1891, 0
1892, 0
1893, 114
1894, 108
1895, 108
1896, 108
1897, 109
1898, 0
1899, 0
1900, 112
1901, 114
1902, 114
1903, 115
1904, 115
1905, 116
1906, 117
1907, 0
1908, 117
1909, 119
1910, 0
1911, 116
1912, 117
1913, 117
1914, 117
1915, 0
1916, 121
1917, 122
1918, 121
1919, 122
1920, 123
1921, 122
1922, 122
1923, 123
1924, 0
1925, 127
1926, 0
1927, 124
1928, 124
1929, 124
1930, 0
1931, 126
1932, 127
1933, 0
1934, 130
1935, 131
1936, 131
1937, 131
1938, 133
1939, 0
1940, 0
1941, 138
1942, 133
1943, 133
1944, 132
1945, 0
1946, 0
1947, 135
1948, 135
1949, 137
1950, 134
1951, 132
1952, 133
1953, 132
1954, 0
1955, 134
1956, 136
1957, 137
1958, 138
1959, 137
1960, 139
1961, 141
1962, 141
1963, 0
1964, 142
1965, 143
1966, 0
1967, 146
1968, 147
1969, 149
1970, 148
1971, 150
1972, 0
1973, 151
1974, 0
1975, 146
1976, 146
1977, 147
1978, 149
1979, 148
1980, 149
1981, 151
1982, 151
1983, 153
1984, 154
1985, 155
1986, 156
1987, 157
1988, 158
1989, 154
1990, 154
1991, 0
1992, 155
1993, 156
1994, 155
1995, 156
1996, 157
1997, 157
1998, 0
1999, 160
2000, 0
2001, 162
2002, 162
2003, 161
2004, 161
2005, 162
2006, 0
2007, 164
2008, 167
2009, 169
2010, 168
2011, 0
2012, 170
2013, 0
2014, 171
2015, 167
2016, 166
2017, 166
2018, 167
2019, 0
2020, 170
2021, 171
2022, 172
2023, 171
2024, 172
2025, 174
2026, 174
2027, 175
2028, 0
2029, 0
2030, 179
2031, 180
2032, 178
2033, 178
2034, 0
2035, 183
2036, 184
2037, 178
2038, 178
2039, 179
2040, 178
2041, 178
2042, 180
2043, 0
2044, 183
2045, 184
2046, 182
2047, 0
2048, 186
2049, 187
2050, 0
2051, 0
2052, 191
2053, 191
2054, 187
2055, 185
2056, 184
2057, 184
2058, 186
2059, 186
2060, 185
2061, 0
2062, 191
2063, 189
2064, 0
2065, 188
2066, 0
2067, 192
2068, 194
2069, 195
2070, 195
2071, 195
2072, 0
2073, 0
2074, 200
2075, 199
2076, 199
2077, 200
2078, 203
2079, 202
2080, 204
2081, 0
2082, 204
2083, 0
2084, 208
2085, 207
2086, 207
2087, 208
2088, 209
2089, 0
2090, 211
2091, 211
2092, 0
2093, 209
2094, 209
2095, 210
2096, 209
2097, 211
2098, 212
2099, 212
2100, 212
2101, 211
2102, 0
2103, 208
2104, 208
2105, 207
2106, 207
2107, 208
2108, 208
2109, 209
2110, 212
2111, 212
2112, 210
2113, 211
2114, 212
2115, 0
2116, 0
2117, 218
2118, 215
2119, 215
2120, 217
2121, 219
2122, 219
2123, 220
2124, 220
2125, 0
2126, 0
2127, 224
2128, 224
2129, 226
2130, 226
2131, 226
2132, 227
2133, 229
2134, 229
2135, 228
2136, 229
2137, 230
2138, 230
2139, 231
2140, 232
2141, 232
2142, 231
2143, 233
2144, 235
2145, 236
2146, 236
2147, 0
2148, 0
2149, 238
2150, 240
2151, 239
2152, 240
2153, 243
2154, 243
2155, 243
2156, 244
2157, 244
2158, 0
2159, 239
2160, 239
2161, 0
2162, 241
2163, 242
2164, 243
2165, 243
2166, 237
2167, 237
2168, 0
2169, 239
2170, 238
2171, 239
2172, 239
2173, 241
2174, 242
2175, 242
2176, 244
2177, 244
2178, 244
2179, 0
2180, 0
2181, 244
2182, 0
2183, 245
2184, 247
2185, 0
2186, 249
2187, 251
2188, 250
2189, 252
2190, 0
2191, 254
2192, 255
2193, 256
2194, 256
2195, 0
2196, 257
2197, 256
2198, 258
2199, 257
2200, 257
2201, 260
2202, 260
2203, 261
2204, 262
2205, 262
2206, 264
2207, 0
2208, 265
2209, 266
2210, 267
2211, 267
2212, 266
2213, 266
2214, 0
2215, 269
2216, 271
2217, 0
2218, 272
2219, 274
2220, 273
2221, 272
2222, 273
2223, 274
2224, 273
2225, 273
2226, 0
2227, 0
2228, 277
2229, 278
2230, 278
2231, 278
2232, 277
2233, 278
2234, 280
2235, 280
2236, 279
2237, 0
2238, 284
2239, 283
2240, 283
2241, 284
2242, 285
2243, 285
2244, 285
2245, 287
2246, 288
2247, 289
2248, 288
2249, 0
2250, 292
2251, 292
2252, 292
2253, 293
2254, 294
2255, 295
2256, 295
2257, 294
2258, 294
2259, 294
2260, 294
2261, 296
2262, 296
2263, 295
2264, 297
2265, 0
2266, 299
2267, 299
2268, 301
2269, 303
2270, 295
2271, 295
2272, 296
2273, 296
2274, 296
2275, 296
2276, 297
2277, 298
2278, 299
2279, 299
2280, 299
2281, 301
2282, 301
2283, 299
2284, 0
2285, 302
2286, 301
2287, 302
2288, 304
2289, 305
2290, 304
2291, 304
2292, 304
2293, 306
2294, 307
2295, 0
2296, 310
2297, 310
2298, 311
2299, 311
2300, 311
2301, 311
2302, 311
2303, 311
2304, 311
2305, 313
2306, 312
2307, 313
2308, 314
2309, 315
2310, 315
2311, 314
2312, 0
2313, 318
2314, 319
2315, 319
2316, 319
2317, 321
2318, 321
2319, 320
2320, 321
2321, 321
2322, 321
2323, 322
2324, 322
2325, 323
2326, 0
2327, 0
2328, 327
2329, 326
2330, 327
2331, 328
2332, 328
2333, 329
2334, 328
2335, 328
2336, 329
2337, 331
2338, 331
2339, 330
2340, 330
2341, 331
2342, 331
2343, 330
2344, 0
2345, 343
2346, 343
2347, 341
2348, 343
2349, 344
2350, 343
2351, 344
2352, 345
2353, 345
2354, 346
2355, 345
2356, 346
2357, 348
2358, 346
2359, 347
2360, 0
2361, 348
2362, 349
2363, 351
2364, 351
2365, 352
2366, 345
2367, 346
2368, 345
2369, 345
2370, 345
2371, 346
2372, 347
2373, 347
2374, 346
2375, 346
2376, 0
2377, 349
2378, 348
2379, 0
2380, 348
2381, 348
2382, 0
2383, 352
2384, 359
2385, 360
2386, 362
2387, 361
2388, 360
2389, 361
2390, 362
2391, 361
2392, 361
2393, 362
2394, 0
2395, 365
2396, 365
2397, 365
2398, 0
2399, 368
2400, 368
2401, 368
2402, 366
2403, 365
2404, 366
2405, 368
2406, 369
2407, 369
2408, 370
2409, 369
2410, 370
2411, 371
2412, 0
2413, 370
2414, 0
2415, 375
2416, 0
2417, 373
2418, 373
2419, 0
2420, 375
2421, 375
2422, 375
2423, 376
2424, 375
2425, 375
2426, 376
2427, 377
2428, 378
2429, 378
2430, 378
2431, 379
2432, 0
2433, 387
2434, 0
2435, 0
2436, 0
2437, 0
2438, 388
2439, 388
2440, 388
2441, 390
2442, 390
2443, 390
2444, 390
2445, 0
2446, 391
2447, 391
2448, 393
2449, 394
2450, 393
2451, 395
2452, 0
2453, 394
2454, 395
2455, 396
2456, 397
2457, 397
2458, 395
2459, 396
2460, 396
2461, 396
2462, 396
2463, 398
2464, 0
2465, 397
2466, 397
2467, 397
2468, 398
2469, 0
2470, 401
2471, 402
2472, 402
2473, 402
2474, 403
2475, 403
2476, 402
2477, 403
2478, 404
2479, 403
2480, 404
2481, 0
2482, 404
2483, 405
2484, 405
2485, 404
2486, 406
2487, 407
2488, 407
2489, 408
2490, 0
2491, 406
2492, 0
2493, 410
2494, 409
2495, 409
2496, 411
2497, 0
2498, 417
2499, 416
2500, 0
2501, 419
2502, 421
2503, 421
2504, 421
2505, 422
2506, 423
2507, 422
2508, 422
2509, 423
2510, 422
2511, 420
2512, 422
2513, 423
2514, 423
2515, 422
2516, 424
2517, 424
2518, 423
2519, 422
2520, 424
2521, 423
2522, 422
2523, 0
2524, 0
2525, 0
2526, 426
2527, 428
2528, 428
2529, 427
2530, 428
2531, 429
2532, 428
2533, 429
2534, 429
2535, 430
2536, 430
2537, 430
2538, 430
2539, 431
2540, 432
2541, 432
2542, 431
2543, 432
2544, 436
2545, 439
2546, 441
2547, 441
2548, 0
2549, 443
2550, 444
2551, 443
2552, 442
2553, 442
2554, 443
2555, 444
2556, 445
2557, 446
2558, 446
2559, 446
2560, 447
2561, 448
2562, 451
2563, 452
2564, 454
2565, 453
2566, 457
2567, 457
2568, 456
2569, 456
2570, 456
2571, 458
2572, 459
2573, 458
2574, 458
2575, 458
2576, 459
2577, 459
2578, 459
2579, 459
2580, 459
2581, 458
2582, 459
2583, 460
2584, 461
2585, 467
2586, 468
2587, 468
2588, 469
2589, 468
2590, 470
2591, 470
2592, 470
2593, 470
2594, 466
2595, 0
2596, 462
2597, 463
2598, 466
2599, 0
2600, 472
2601, 472
2602, 0
2603, 469
2604, 468
2605, 470
2606, 471
2607, 471
2608, 474
2609, 477
2610, 478
2611, 478
2612, 479
2613, 478
2614, 0
2615, 479
2616, 480
2617, 483
2618, 483
2619, 481
2620, 482
2621, 482
2622, 0
2623, 485
2624, 0
2625, 491
2626, 492
2627, 493
2628, 494
2629, 493
2630, 0
2631, 494
2632, 495
2633, 494
2634, 494
2635, 497
2636, 499
2637, 498
2638, 496
2639, 494
2640, 495
2641, 497
2642, 495
2643, 493
2644, 0
2645, 496
2646, 495
2647, 497
2648, 502
2649, 504
2650, 504
2651, 505
2652, 504
2653, 0
2654, 507
2655, 507
2656, 509
2657, 508
2658, 0
2659, 504
2660, 505
2661, 505
2662, 506
2663, 507
2664, 507
2665, 506
2666, 0
2667, 509
2668, 509
2669, 509
2670, 508
2671, 509
2672, 512
2673, 518
2674, 518
2675, 518
2676, 518
2677, 518
2678, 516
2679, 517
2680, 521
2681, 0
2682, 525
2683, 0
2684, 528
2685, 528
2686, 529
2687, 0
2688, 0
2689, 524
2690, 524
2691, 0
2692, 526
2693, 528
2694, 0
2695, 528
2696, 528
2697, 528
2698, 528
2699, 0
2700, 527
2701, 528
2702, 0
2703, 530
2704, 529
2705, 530
2706, 534
2707, 537
2708, 538
2709, 539
2710, 538
2711, 540
2712, 544
2713, 545
2714, 547
2715, 548
2716, 547
2717, 548
2718, 547
2719, 546
2720, 547
2721, 548
2722, 547
2723, 546
2724, 547
2725, 548
2726, 548
2727, 0
2728, 548
2729, 0
2730, 549
2731, 0
2732, 550
2733, 550
2734, 550
2735, 552
2736, 554
2737, 565
2738, 566
2739, 566
2740, 566
2741, 565
2742, 566
2743, 566
2744, 566
2745, 566
2746, 566
2747, 565
2748, 564
2749, 565
2750, 566
2751, 564
2752, 564
2753, 563
2754, 565
2755, 566
2756, 566
2757, 565
2758, 565
2759, 567
2760, 571
2761, 0
2762, 576
2763, 0
2764, 574
2765, 574
2766, 0
2767, 576
2768, 0
2769, 582
2770, 581
2771, 0
2772, 583
2773, 582
2774, 583
2775, 0
2776, 581
2777, 581
2778, 0
2779, 0
2780, 584
2781, 586
2782, 585
2783, 584
2784, 587
2785, 592
2786, 592
2787, 593
2788, 592
2789, 592
2790, 592
2791, 594
2792, 595
2793, 598
2794, 599
2795, 600
2796, 598
2797, 599
2798, 601
2799, 602
2800, 604
2801, 610
2802, 610
2803, 608
2804, 608
2805, 609
2806, 608
2807, 606
2808, 607
2809, 607
2810, 608
2811, 608
2812, 607
2813, 0
2814, 606
2815, 607
2816, 613
2817, 615
2818, 615
2819, 616
2820, 613
2821, 613
2822, 613
2823, 613
2824, 615
2825, 615
2826, 615
2827, 614
2828, 615
2829, 615
2830, 615
2831, 615
2832, 622
2833, 622
2834, 621
2835, 621
2836, 623
2837, 624
2838, 624
2839, 625
2840, 626
2841, 631
2842, 632
2843, 631
2844, 630
2845, 633
2846, 633
2847, 632
2848, 634
2849, 641
2850, 0
2851, 638
2852, 638
2853, 0
2854, 637
2855, 637
2856, 638
2857, 639
2858, 0
2859, 635
2860, 636
2861, 0
2862, 638
2863, 640
2864, 642
2865, 646
2866, 647
2867, 646
2868, 645
2869, 646
2870, 647
2871, 647
2872, 649
2873, 648
2874, 0
2875, 650
2876, 653
2877, 652
2878, 653
2879, 653
2880, 653
2881, 652
2882, 651
2883, 0
2884, 651
2885, 649
2886, 648
2887, 649
2888, 651
2889, 658
2890, 657
2891, 657
2892, 659
2893, 659
2894, 658
2895, 658
2896, 662
2897, 666
2898, 665
2899, 665
2900, 665
2901, 666
2902, 665
2903, 665
2904, 664
2905, 665
2906, 664
2907, 663
2908, 664
2909, 666
2910, 666
2911, 667
2912, 671
2913, 672
2914, 670
2915, 670
2916, 671
2917, 673
2918, 673
2919, 672
2920, 672
2921, 681
2922, 681
2923, 680
2924, 680
2925, 680
2926, 678
2927, 676
2928, 678
2929, 681
2930, 681
2931, 680
2932, 680
2933, 680
2934, 680
2935, 680
2936, 682
2937, 684
2938, 695
2939, 695
2940, 694
2941, 694
2942, 695
2943, 696
2944, 695
2945, 694
2946, 0
2947, 693
2948, 692
2949, 690
2950, 691
2951, 694
2952, 704
2953, 709
2954, 709
2955, 708
2956, 708
2957, 709
2958, 708
2959, 709
2960, 709
2961, 707
2962, 708
2963, 0
2964, 705
2965, 704
2966, 704
2967, 705
2968, 708
2969, 716
2970, 721
2971, 721
2972, 721
2973, 722
2974, 721
2975, 719
2976, 720
2977, 719
2978, 721
2979, 720
2980, 719
2981, 719
2982, 720
2983, 722
2984, 726
2985, 733
2986, 735
2987, 733
2988, 0
2989, 732
2990, 733
2991, 732
2992, 734
2993, 734
2994, 732
2995, 734
2996, 732
2997, 729
2998, 731
2999, 734
3000, 736
3001, 740
3002, 740
3003, 0
3004, 738
3005, 738
3006, 736
3007, 0
3008, 0
3009, 744
3010, 745
3011, 745
3012, 743
3013, 744
3014, 745
3015, 745
3016, 750
3017, 758
3018, 761
3019, 760
3020, 759
3021, 761
3022, 761
3023, 762
3024, 763
3025, 769
3026, 768
3027, 0
3028, 765
3029, 766
3030, 765
3031, 765
3032, 771
3033, 772
3034, 773
3035, 773
3036, 773
3037, 774
3038, 774
3039, 772
3040, 773
3041, 781
3042, 787
3043, 788
3044, 788
3045, 786
3046, 786
3047, 0
3048, 785
3049, 794
3050, 0
3051, 793
3052, 795
3053, 0
3054, 792
3055, 793
3056, 794
3057, 800
3058, 810
3059, 810
3060, 810
3061, 810
3062, 806
3063, 805
3064, 0
3065, 805
3066, 805
3067, 805
3068, 806
3069, 805
3070, 804
3071, 806
3072, 810
3073, 821
3074, 819
3075, 818
3076, 819
3077, 819
3078, 818
3079, 819
3080, 823
3081, 828
3082, 828
3083, 826
3084, 827
3085, 826
3086, 0
3087, 827
3088, 827
3089, 833
3090, 833
3091, 833
3092, 832
3093, 831
3094, 831
3095, 830
3096, 0
3097, 0
3098, 838
3099, 840
3100, 0
3101, 839
3102, 839
3103, 841
3104, 846
3105, 852
3106, 852
3107, 853
3108, 853
3109, 853
3110, 0
3111, 852
3112, 851
3113, 850
3114, 850
3115, 849
3116, 0
3117, 0
3118, 846
3119, 848
3120, 853
3121, 865
3122, 865
3123, 864
3124, 864
3125, 0
3126, 861
3127, 862
3128, 863
3129, 866
3130, 867
3131, 867
3132, 867
3133, 867
3134, 867
3135, 866
3136, 867
3137, 874
3138, 872
3139, 873
3140, 874
3141, 874
3142, 874
3143, 875
3144, 0
3145, 880
3146, 0
3147, 881
3148, 0
3149, 879
3150, 879
3151, 878
3152, 878
3153, 879
3154, 887
3155, 0
3156, 884
3157, 884
3158, 884
3159, 883
3160, 883
3161, 889
3162, 890
3163, 889
3164, 886
3165, 0
3166, 887
3167, 0
3168, 0
3169, 888
3170, 0
3171, 893
3172, 893
3173, 892
3174, 892
3175, 891
3176, 892
3177, 897
3178, 899
3179, 899
3180, 899
3181, 897
3182, 898
3183, 900
3184, 906
3185, 0
3186, 910
3187, 0
3188, 910
3189, 907
3190, 907
3191, 909
3192, 911
3193, 910
3194, 909
3195, 910
3196, 0
3197, 907
3198, 907
3199, 908
3200, 915
3201, 923
3202, 923
3203, 922
3204, 921
3205, 922
3206, 0
3207, 918
3208, 919
3209, 919
3210, 919
3211, 919
3212, 918
3213, 919
3214, 0
3215, 916
3216, 923
3217, 924
3218, 930
3219, 931
3220, 931
3221, 931
3222, 930
3223, 931
3224, 934
3225, 0
3226, 935
3227, 935
3228, 935
3229, 935
3230, 934
3231, 936
3232, 942
3233, 951
3234, 951
3235, 0
3236, 948
3237, 948
3238, 947
3239, 949
3240, 952
3241, 952
3242, 954
3243, 953
3244, 0
3245, 951
3246, 950
3247, 951
3248, 0
3249, 948
3250, 949
3251, 956
3252, 956
3253, 954
3254, 954
3255, 955
3256, 958
3257, 968
3258, 0
3259, 0
3260, 962
3261, 964
3262, 965
3263, 967
3264, 971
3265, 978
3266, 980
3267, 978
3268, 976
3269, 978
3270, 978
3271, 977
3272, 978
3273, 978
3274, 978
3275, 978
3276, 977
3277, 978
3278, 0
3279, 974
3280, 975
3281, 986
3282, 987
3283, 987
3284, 985
3285, 987
3286, 987
3287, 989
3288, 990
3289, 997
3290, 1001
3291, 0
3292, 996
3293, 998
3294, 998
3295, 997
3296, 0
3297, 994
3298, 1000
3299, 1000
3300, 1003
3301, 0
3302, 0
3303, 1004
3304, 1005
3305, 1008
3306, 1010
3307, 1011
3308, 1010
3309, 0
3310, 1008
3311, 0
3312, 1009
3313, 1017
3314, 1021
3315, 1020
3316, 1022
3317, 1021
3318, 1019
3319, 1019
3320, 0
3321, 0
3322, 1024
3323, 1022
3324, 1022
3325, 1023
3326, 0
3327, 1021
3328, 1023
3329, 1023
3330, 1028
3331, 1024
3332, 1025
3333, 1026
3334, 1026
3335, 1028
3336, 1038
3337, 1041
3338, 1041
3339, 0
3340, 1038
3341, 1037
3342, 1038
3343, 1038
3344, 1040
3345, 1048
3346, 1054
3347, 1051
3348, 0
3349, 1049
3350, 0
3351, 1048
3352, 1049
3353, 1056
3354, 1064
3355, 1064
3356, 1062
3357, 1062
3358, 1060
3359, 1062
3360, 0
3361, 1073
3362, 1074
3363, 0
3364, 1070
3365, 1072
3366, 1073
3367, 0
3368, 1071
3369, 1070
3370, 1068
3371, 0
3372, 1067
3373, 1068
3374, 1068
3375, 1069
3376, 1080
3377, 1080
3378, 1082
3379, 1082
3380, 1080
3381, 1079
3382, 0
3383, 1077
3384, 1076
3385, 1078
3386, 1083
3387, 1090
3388, 1089
3389, 1088
3390, 1087
3391, 1087
3392, 1091
3393, 1099
3394, 1102
3395, 0
3396, 1101
3397, 1100
3398, 0
3399, 1099
3400, 1103
3401, 1111
3402, 1113
3403, 1113
3404, 1114
3405, 1114
3406, 1112
3407, 1110
3408, 1112
3409, 1127
3410, 0
3411, 1126
3412, 1125
3413, 0
3414, 1123
3415, 1123
3416, 1125
3417, 1137
3418, 1135
3419, 1137
3420, 1136
3421, 1135
3422, 0
3423, 0
3424, 1142
3425, 1146
3426, 1147
3427, 1146
3428, 1146
3429, 1145
3430, 1145
3431, 1145
3432, 1144
3433, 1145
3434, 1152
3435, 0
3436, 1149
3437, 1147
3438, 1147
3439, 0
3440, 0
3441, 1162
3442, 1160
3443, 1160
3444, 1160
3445, 1159
3446, 1159
3447, 1161
3448, 1172
3449, 1174
3450, 1172
3451, 1173
3452, 1173
3453, 1172
3454, 0
3455, 1172
3456, 1183
3457, 1183
3458, 1183
3459, 1181
3460, 1182
3461, 1183
3462, 1182
3463, 1183
3464, 0
3465, 1195
3466, 1194
3467, 1194
3468, 1194
3469, 1193
3470, 1192
3471, 1193
3472, 1194
3473, 1201
3474, 1206
3475, 1204
3476, 1204
3477, 0
3478, 1202
3479, 0
3480, 1208
3481, 1215
3482, 1215
3483, 1214
3484, 0
3485, 0
3486, 1210
3487, 1212
3488, 1215
3489, 1221
3490, 1226
3491, 1225
3492, 1225
3493, 1225
3494, 1223
3495, 1223
3496, 0
3497, 1241
3498, 0
3499, 1241
3500, 1241
3501, 1240
3502, 1237
3503, 1235
3504, 1236
3505, 1246
3506, 1255
3507, 1255
3508, 0
3509, 1251
3510, 1248
3511, 0
3512, 1251
3513, 1264
3514, 1263
3515, 1262
3516, 1262
3517, 0
3518, 1259
3519, 1259
3520, 1266
3521, 0
3522, 1271
3523, 1272
3524, 1271
3525, 1270
3526, 1270
3527, 1271
3528, 0
3529, 1282
3530, 0
3531, 1279
3532, 1279
3533, 1279
3534, 1280
3535, 1279
3536, 1285
3537, 1287
3538, 0
3539, 1291
3540, 1292
3541, 1289
3542, 1288
3543, 0
3544, 1289
3545, 0
3546, 1302
3547, 1300
3548, 1300
3549, 1299
3550, 1299
3551, 1298
3552, 1305
3553, 1313
3554, 0
3555, 1309
3556, 1311
3557, 0
3558, 1305
3559, 1306
3560, 1309
3561, 1320
3562, 0
3563, 1318
3564, 1317
3565, 1316
3566, 1316
3567, 1318
3568, 1323
3569, 1338
3570, 1338
3571, 1337
3572, 0
3573, 1334
3574, 1336
3575, 0
3576, 1339
3577, 1347
3578, 1348
3579, 1347
3580, 1346
3581, 1344
3582, 1342
3583, 1344
3584, 1350
3585, 0
3586, 1364
3587, 1361
3588, 1358
3589, 1360
3590, 1362
3591, 1363
3592, 1366
3593, 0
3594, 0
3595, 1373
3596, 1372
3597, 1369
3598, 1368
3599, 1366
3600, 1367
3601, 1385
3602, 0
3603, 0
3604, 1381
3605, 1380
3606, 1377
3607, 1379
3608, 1389
3609, 0
3610, 0
3611, 1387
3612, 1388
3613, 1387
3614, 1388
3615, 1389
3616, 1398
3617, 0
3618, 1395
3619, 1395
3620, 0
3621, 1395
3622, 1397
3623, 0
3624, 1399
3625, 1418
3626, 1426
3627, 0
3628, 1422
3629, 1423
3630, 0
3631, 0
3632, 1423
3633, 1436
3634, 1434
3635, 1433
3636, 1433
3637, 1433
3638, 0
3639, 0
3640, 1439
3641, 1444
3642, 1442
3643, 1441
3644, 1441
3645, 1439
3646, 1439
3647, 1440
3648, 1448
3649, 1448
3650, 1451
3651, 0
3652, 1447
3653, 1448
3654, 1448
3655, 1450
3656, 0
3657, 1469
3658, 1467
3659, 1467
3660, 1465
3661, 1464
3662, 1466
3663, 1467
3664, 1472
3665, 1487
3666, 0
3667, 0
3668, 1482
3669, 1481
3670, 1479
3671, 1480
3672, 1480
3673, 1481
3674, 1487
3675, 0
3676, 0
3677, 1490
3678, 1490
3679, 1492
3680, 1498
3681, 1496
3682, 0
3683, 0
3684, 1505
3685, 1506
3686, 1505
3687, 1507
3688, 1522
3689, 0
3690, 1524
3691, 1524
3692, 0
3693, 1522
3694, 1521
3695, 1521
3696, 1522
3697, 1543
3698, 0
3699, 1541
3700, 1541
3701, 0
3702, 1537
3703, 1540
3704, 0
3705, 1543
3706, 0
3707, 1557
3708, 0
3709, 1554
3710, 1553
3711, 1551
3712, 1551
3713, 1558
3714, 1566
3715, 1566
3716, 0
3717, 1561
3718, 1562
3719, 0
3720, 1569
3721, 1583
3722, 1591
3723, 1591
3724, 0
3725, 1586
3726, 1585
3727, 1586
3728, 1594
3729, 0
3730, 0
3731, 1603
3732, 1603
3733, 1602
3734, 1601
3735, 1600
3736, 0
3737, 1612
3738, 1621
3739, 0
3740, 0
3741, 1616
3742, 1618
3743, 1618
3744, 0
3745, 1645
3746, 1645
3747, 1644
3748, 1642
3749, 0
3750, 1640
3751, 1642
3752, 1646
3753, 1653
3754, 0
3755, 1650
3756, 1648
3757, 1648
3758, 1649
3759, 0
3760, 1653
3761, 1668
3762, 0
3763, 1675
3764, 0
3765, 1673
3766, 0
3767, 0
3768, 0
3769, 0
3770, 0
3771, 0
3772, 0
3773, 0
3774, 0
3775, 0
3776, 0
3777, 0
3778, 0
3779, 0
3780, 0
3781, 0
3782, 0
3783, 0
3784, 0
3785, 0
3786, 0
3787, 0
3788, 0
3789, 0
3790, 0
3791, 0
3792, 0
3793, 0
3794, 0
3795, 1733
3796, 0
3797, 1730
3798, 1728
3799, 1730
3800, 0
3801, 1753
3802, 0
3803, 1753
3804, 1751
3805, 0
3806, 1753
3807, 0
3808, 1753
3809, 0
3810, 0
3811, 1782
3812, 0
3813, 1780
3814, 1780
3815, 0
3816, 1786
3817, 1797
3818, 1795
3819, 1797
3820, 1796
3821, 0
3822, 0
3823, 1793
3824, 1796
3825, 1824
3826, 1823
3827, 1822
3828, 0
3829, 1818
3830, 1816
3831, 1816
3832, 1822
3833, 0
3834, 1842
3835, 1840
3836, 0
3837, 1839
3838, 1837
3839, 0
3840, 1843
3841, 1866
3842, 0
3843, 0
3844, 1858
3845, 1857
3846, 1857
3847, 0
3848, 1856
3849, 0
3850, 1880
3851, 1879
3852, 1879
3853, 0
3854, 1876
3855, 0
3856, 1878
3857, 1890
3858, 1903
3859, 1903
3860, 1903
3861, 1900
3862, 0
3863, 0
3864, 1899
3865, 0
3866, 1933
3867, 1931
3868, 1929
3869, 0
3870, 1928
3871, 1929
3872, 0
3873, 1957
3874, 1956
3875, 0
3876, 1950
3877, 1950
3878, 1951
3879, 1949
3880, 0
3881, 0
3882, 1977
3883, 1977
3884, 1976
3885, 1973
3886, 0
3887, 0
3888, 1973
3889, 2001
3890, 0
3891, 2015
3892, 0
3893, 2013
3894, 2012
3895, 2013
3896, 0
3897, 2039
3898, 2040
3899, 0
3900, 2034
3901, 2034
3902, 2035
3903, 2036
3904, 0
3905, 0
3906, 2067
3907, 2065
3908, 2066
3909, 0
3910, 2064
3911, 2064
3912, 0
3913, 2088
3914, 0
3915, 2104
3916, 2103
3917, 0
3918, 2100
3919, 2102
3920, 0
3921, 0
3922, 2118
3923, 2126
3924, 2126
3925, 2125
3926, 0
3927, 0
3928, 2129
3929, 2134
3930, 2151
3931, 0
3932, 2163
3933, 2163
3934, 2161
3935, 2162
3936, 2167
3937, 0
3938, 0
3939, 2202
3940, 0
3941, 2198
3942, 2199
3943, 2200
3944, 0
3945, 2225
3946, 0
3947, 2221
3948, 0
3949, 2234
3950, 2234
3951, 2235
3952, 2236
3953, 0
3954, 2275
3955, 2276
3956, 2275
3957, 2274
3958, 0
3959, 0
3960, 2268
3961, 2297
3962, 0
3963, 2309
3964, 0
3965, 2307
3966, 2306
3967, 2308
3968, 2312
3969, 2333
3970, 0
3971, 2347
3972, 2345
3973, 0
3974, 2343
3975, 2343
3976, 0
3977, 2403
3978, 2401
3979, 2400
3980, 2399
3981, 0
3982, 0
3983, 2397
3984, 2403
3985, 0
3986, 2467
3987, 2466
3988, 0
3989, 2464
3990, 2464
3991, 0
3992, 0
3993, 0
3994, 2527
3995, 2526
3996, 0
3997, 2520
3998, 0
3999, 2520
4000, 2531
4001, 2548
4002, 0
4003, 0
4004, 2584
4005, 2583
4006, 2582
4007, 0
4008, 2600
4009, 2657
4010, 2677
4011, 2676
4012, 0
4013, 2670
4014, 2670
4015, 2671
4016, 0
4017, 2720
4018, 2744
4019, 0
4020, 2743
4021, 2741
4022, 2741
4023, 0
4024, 0
4025, 0
4026, 2805
4027, 2867
4028, 0
4029, 0
4030, 2893
4031, 2893
4032, 2929
4033, 2986
4034, 3091
4035, 0
