0, 0
1, 0
2, 0
3, 0
4, 0
5, 0
6, 0
7, 0
8, 0
9, 0
10, 0
11, 0
12, 0
13, 0
14, 0
15, 0
16, 0
17, 0
18, 0
19, 0
20, 0
21, 0
22, 0
23, 0
24, 0
25, 0
26, 0
27, 0
28, 0
29, 0
30, 0
31, 0
32, 0
33, 0
34, 0
35, 0
36, 0
37, 0
38, 0
39, 0
40, 0
41, 0
42, 0
43, 0
44, 0
45, 0
46, 0
47, 0
48, 0
49, 0
50, 0
51, 0
52, 0
53, 0
54, 0
55, 0
56, 0
57, 56
58, 56
59, 56
60, 57
61, 57
62, 57
63, 56
64, 56
65, 57
66, 57
67, 56
68, 56
69, 57
70, 57
71, 57
72, 56
73, 56
74, 56
75, 56
76, 57
77, 59
78, 55
79, 56
80, 58
81, 56
82, 56
83, 55
84, 55
85, 55
86, 55
87, 56
88, 56
89, 56
90, 58
91, 56
92, 56
93, 56
94, 56
95, 57
96, 56
97, 56
98, 56
99, 56
100, 57
101, 55
102, 56
103, 57
104, 57
105, 56
106, 55
107, 55
108, 55
109, 56
110, 56
111, 56
112, 56
113, 56
114, 56
115, 56
116, 56
117, 58
118, 57
119, 56
120, 56
121, 57
122, 57
123, 57
124, 57
125, 57
126, 56
127, 56
128, 57
129, 57
130, 0
131, 0
132, 56
133, 56
134, 56
135, 56
136, 57
137, 57
138, 57
139, 56
140, 56
141, 56
142, 57
143, 55
144, 55
145, 55
146, 57
147, 56
148, 56
149, 56
150, 56
151, 57
152, 56
153, 56
154, 57
155, 56
156, 56
157, 57
158, 56
159, 56
160, 57
161, 57
162, 57
163, 55
164, 54
165, 55
166, 54
167, 55
168, 57
169, 55
170, 56
171, 57
172, 56
173, 55
174, 56
175, 56
176, 57
177, 53
178, 0
179, 55
180, 55
181, 55
182, 55
183, 56
184, 56
185, 0
186, 52
187, 52
188, 53
189, 55
190, 53
191, 53
192, 56
193, 55
194, 56
195, 57
196, 56
197, 56
198, 57
199, 57
200, 0
201, 58
202, 58
203, 0
204, 55
205, 57
206, 57
207, 58
208, 56
209, 58
210, 56
211, 56
212, 57
213, 56
214, 56
215, 57
216, 57
217, 57
218, 56
219, 58
220, 57
221, 56
222, 56
223, 57
224, 57
225, 56
226, 0
227, 0
228, 54
229, 0
230, 0
231, 55
232, 54
233, 54
234, 57
235, 56
236, 56
237, 57
238, 56
239, 55
240, 56
241, 56
242, 57
243, 57
244, 55
245, 55
246, 56
247, 56
248, 56
249, 56
250, 56
251, 56
252, 56
253, 56
254, 56
255, 56
256, 57
257, 57
258, 57
259, 0
260, 58
261, 59
262, 58
263, 0
264, 55
265, 0
266, 0
267, 50
268, 0
269, 0
270, 0
271, 55
272, 55
273, 55
274, 56
275, 57
276, 57
277, 57
278, 58
279, 56
280, 56
281, 0
282, 0
283, 0
284, 0
285, 0
286, 0
287, 0
288, 0
289, 0
290, 0
291, 0
292, 0
293, 0
294, 0
295, 0
296, 0
297, 0
298, 0
299, 0
300, 0
301, 0
302, 0
303, 0
304, 0
305, 0
306, 0
307, 0
308, 0
309, 0
310, 0
311, 0
312, 0
313, 0
314, 0
315, 0
316, 0
317, 0
318, 0
319, 0
320, 0
321, 0
322, 0
323, 0
324, 0
325, 0
326, 0
327, 0
328, 0
329, 0
330, 0
331, 0
332, 0
333, 0
334, 0
335, 0
336, 0
337, 0
338, 0
339, 0
340, 0
341, 55
342, 55
343, 0
344, 58
345, 0
346, 0
347, 0
348, 0
349, 0
350, 0
351, 0
352, 0
353, 0
354, 68
355, 0
356, 0
357, 52
358, 52
359, 52
360, 54
361, 53
362, 0
363, 59
364, 59
365, 0
366, 49
367, 48
368, 50
369, 50
370, 49
371, 49
372, 49
373, 0
374, 51
375, 51
376, 51
377, 51
378, 51
379, 52
380, 53
381, 53
382, 53
383, 52
384, 52
385, 55
386, 0
387, 54
388, 57
389, 56
390, 54
391, 54
392, 54
393, 55
394, 54
395, 55
396, 53
397, 47
398, 47
399, 46
400, 0
401, 49
402, 48
403, 49
404, 50
405, 48
406, 48
407, 49
408, 48
409, 48
410, 50
411, 48
412, 0
413, 51
414, 50
415, 50
416, 50
417, 50
418, 51
419, 50
420, 51
421, 54
422, 52
423, 51
424, 52
425, 53
426, 51
427, 52
428, 52
429, 50
430, 51
431, 51
432, 51
433, 51
434, 50
435, 50
436, 50
437, 49
438, 49
439, 51
440, 51
441, 51
442, 51
443, 50
444, 50
445, 51
446, 50
447, 50
448, 51
449, 50
450, 50
451, 51
452, 51
453, 52
454, 49
455, 49
456, 0
457, 48
458, 49
459, 47
460, 47
461, 51
462, 49
463, 0
464, 0
465, 47
466, 47
467, 48
468, 0
469, 52
470, 49
471, 50
472, 50
473, 50
474, 50
475, 50
476, 50
477, 49
478, 0
479, 48
480, 47
481, 47
482, 48
483, 47
484, 48
485, 50
486, 47
487, 47
488, 48
489, 47
490, 48
491, 48
492, 48
493, 48
494, 48
495, 48
496, 48
497, 48
498, 47
499, 46
500, 49
501, 48
502, 54
503, 54
504, 54
505, 54
506, 55
507, 54
508, 55
509, 56
510, 54
511, 0
512, 58
513, 56
514, 57
515, 58
516, 57
517, 57
518, 58
519, 57
520, 57
521, 57
522, 56
523, 57
524, 57
525, 57
526, 58
527, 57
528, 57
529, 57
530, 57
531, 57
532, 57
533, 0
534, 54
535, 0
536, 0
537, 55
538, 54
539, 55
540, 55
541, 55
542, 55
543, 0
544, 0
545, 54
546, 54
547, 0
548, 56
549, 58
550, 56
551, 56
552, 59
553, 60
554, 58
555, 58
556, 58
557, 51
558, 51
559, 51
560, 51
561, 49
562, 50
563, 51
564, 51
565, 53
566, 51
567, 51
568, 52
569, 51
570, 51
571, 52
572, 52
573, 51
574, 50
575, 52
576, 50
577, 50
578, 51
579, 49
580, 49
581, 50
582, 50
583, 51
584, 52
585, 52
586, 52
587, 51
588, 50
589, 52
590, 50
591, 50
592, 52
593, 51
594, 51
595, 53
596, 52
597, 52
598, 54
599, 52
600, 51
601, 51
602, 52
603, 52
604, 51
605, 51
606, 51
607, 52
608, 53
609, 52
610, 54
611, 52
612, 52
613, 53
614, 53
615, 0
616, 56
617, 54
618, 54
619, 54
620, 0
621, 54
622, 54
623, 52
624, 53
625, 54
626, 55
627, 55
628, 56
629, 57
630, 54
631, 54
632, 54
633, 53
634, 0
635, 56
636, 57
637, 55
638, 55
639, 56
640, 55
641, 56
642, 57
643, 0
644, 58
645, 58
646, 0
647, 57
648, 56
649, 56
650, 57
651, 57
652, 56
653, 56
654, 0
655, 0
656, 56
657, 56
658, 57
659, 0
660, 0
661, 62
662, 61
663, 61
664, 60
665, 0
666, 59
667, 59
668, 59
669, 0
670, 61
671, 61
672, 61
673, 62
674, 62
675, 63
676, 63
677, 47
678, 46
679, 46
680, 46
681, 48
682, 50
683, 48
684, 48
685, 50
686, 49
687, 0
688, 50
689, 50
690, 51
691, 50
692, 50
693, 0
694, 52
695, 52
696, 53
697, 53
698, 52
699, 53
700, 53
701, 53
702, 54
703, 55
704, 58
705, 57
706, 55
707, 55
708, 55
709, 54
710, 54
711, 55
712, 55
713, 55
714, 54
715, 54
716, 55
717, 56
718, 56
719, 55
720, 56
721, 57
722, 58
723, 56
724, 57
725, 57
726, 56
727, 56
728, 0
729, 59
730, 59
731, 60
732, 0
733, 53
734, 54
735, 54
736, 53
737, 53
738, 53
739, 53
740, 54
741, 49
742, 48
743, 48
744, 47
745, 47
746, 47
747, 48
748, 0
749, 56
750, 52
751, 0
752, 50
753, 0
754, 52
755, 53
756, 55
757, 53
758, 53
759, 54
760, 54
761, 53
762, 54
763, 55
764, 54
765, 55
766, 55
767, 55
768, 56
769, 0
770, 56
771, 58
772, 58
773, 50
774, 50
775, 50
776, 51
777, 54
778, 53
779, 0
780, 53
781, 54
782, 56
783, 54
784, 0
785, 58
786, 56
787, 57
788, 57
789, 56
790, 57
791, 57
792, 58
793, 59
794, 59
795, 59
796, 59
797, 0
798, 57
799, 54
800, 54
801, 54
802, 54
803, 0
804, 56
805, 49
806, 49
807, 49
808, 49
809, 49
810, 49
811, 51
812, 51
813, 52
814, 52
815, 52
816, 53
817, 54
818, 52
819, 52
820, 0
821, 56
822, 57
823, 58
824, 58
825, 58
826, 58
827, 58
828, 58
829, 53
830, 51
831, 51
832, 0
833, 54
834, 53
835, 0
836, 56
837, 49
838, 49
839, 50
840, 49
841, 0
842, 53
843, 54
844, 54
845, 55
846, 53
847, 53
848, 56
849, 60
850, 55
851, 54
852, 54
853, 56
854, 57
855, 57
856, 57
857, 58
858, 60
859, 59
860, 60
861, 53
862, 0
863, 53
864, 53
865, 54
866, 0
867, 56
868, 56
869, 49
870, 50
871, 49
872, 0
873, 53
874, 53
875, 53
876, 54
877, 0
878, 55
879, 55
880, 58
881, 58
882, 58
883, 57
884, 0
885, 56
886, 55
887, 54
888, 54
889, 0
890, 56
891, 60
892, 58
893, 0
894, 51
895, 52
896, 52
897, 52
898, 53
899, 53
900, 0
901, 56
902, 56
903, 56
904, 56
905, 56
906, 59
907, 58
908, 58
909, 53
910, 0
911, 0
912, 56
913, 56
914, 57
915, 58
916, 0
917, 55
918, 55
919, 52
920, 53
921, 53
922, 54
923, 55
924, 0
925, 57
926, 57
927, 57
928, 58
929, 0
930, 60
931, 61
932, 61
933, 45
934, 0
935, 49
936, 49
937, 50
938, 0
939, 52
940, 53
941, 54
942, 53
943, 55
944, 0
945, 0
946, 61
947, 60
948, 60
949, 52
950, 53
951, 54
952, 54
953, 0
954, 57
955, 56
956, 0
957, 54
958, 53
959, 53
960, 52
961, 0
962, 53
963, 0
964, 56
965, 58
966, 58
967, 59
968, 60
969, 60
970, 0
971, 63
972, 64
973, 49
974, 49
975, 0
976, 46
977, 0
978, 50
979, 49
980, 50
981, 54
982, 0
983, 57
984, 55
985, 0
986, 57
987, 59
988, 60
989, 47
990, 43
991, 44
992, 0
993, 0
994, 50
995, 50
996, 50
997, 50
998, 51
999, 54
1000, 53
1001, 0
1002, 0
1003, 56
1004, 57
1005, 50
1006, 51
1007, 51
1008, 52
1009, 53
1010, 54
1011, 0
1012, 56
1013, 49
1014, 49
1015, 50
1016, 52
1017, 0
1018, 54
1019, 0
1020, 57
1021, 49
1022, 0
1023, 54
1024, 52
1025, 54
1026, 53
1027, 54
1028, 55
1029, 0
1030, 0
1031, 51
1032, 53
1033, 56
1034, 57
1035, 0
1036, 59
1037, 51
1038, 51
1039, 52
1040, 0
1041, 54
1042, 0
1043, 57
1044, 56
1045, 50
1046, 0
1047, 53
1048, 55
1049, 57
1050, 0
1051, 57
1052, 59
1053, 0
1054, 53
1055, 53
1056, 54
1057, 54
1058, 55
1059, 0
1060, 60
1061, 45
1062, 45
1063, 47
1064, 46
1065, 0
1066, 49
1067, 51
1068, 50
1069, 0
1070, 53
1071, 55
1072, 54
1073, 0
1074, 59
1075, 57
1076, 0
1077, 50
1078, 45
1079, 0
1080, 49
1081, 52
1082, 50
1083, 51
1084, 0
1085, 48
1086, 48
1087, 49
1088, 49
1089, 49
1090, 0
1091, 52
1092, 53
1093, 48
1094, 0
1095, 51
1096, 48
1097, 49
1098, 0
1099, 52
1100, 0
1101, 48
1102, 49
1103, 50
1104, 0
1105, 55
1106, 56
1107, 57
1108, 59
1109, 53
1110, 52
1111, 52
1112, 0
1113, 0
1114, 58
1115, 0
1116, 60
1117, 47
1118, 0
1119, 48
1120, 50
1121, 49
1122, 50
1123, 0
1124, 0
1125, 0
1126, 48
1127, 0
1128, 52
1129, 54
1130, 0
1131, 57
1132, 0
1133, 47
1134, 45
1135, 0
1136, 47
1137, 0
1138, 51
1139, 51
1140, 53
1141, 48
1142, 0
1143, 48
1144, 49
1145, 0
1146, 51
1147, 0
1148, 55
1149, 51
1150, 0
1151, 52
1152, 54
1153, 0
1154, 56
1155, 0
1156, 59
1157, 46
1158, 44
1159, 0
1160, 47
1161, 47
1162, 0
1163, 51
1164, 53
1165, 0
1166, 49
1167, 50
1168, 0
1169, 52
1170, 53
1171, 0
1172, 0
1173, 50
1174, 51
1175, 52
1176, 53
1177, 0
1178, 0
1179, 59
1180, 0
1181, 0
1182, 53
1183, 49
1184, 51
1185, 53
1186, 0
1187, 60
1188, 57
1189, 46
1190, 0
1191, 0
1192, 0
1193, 51
1194, 50
1195, 0
1196, 0
1197, 45
1198, 44
1199, 44
1200, 0
1201, 47
1202, 0
1203, 51
1204, 0
1205, 0
1206, 40
1207, 43
1208, 43
1209, 44
1210, 0
1211, 49
1212, 52
1213, 0
1214, 46
1215, 0
1216, 0
1217, 48
1218, 51
1219, 50
1220, 51
1221, 0
1222, 49
1223, 51
1224, 52
1225, 0
1226, 0
1227, 0
1228, 61
1229, 51
1230, 47
1231, 0
1232, 0
1233, 53
1234, 0
1235, 0
1236, 59
1237, 0
1238, 0
1239, 50
1240, 0
1241, 53
1242, 54
1243, 55
1244, 53
1245, 41
1246, 0
1247, 0
1248, 45
1249, 48
1250, 0
1251, 0
1252, 53
1253, 38
1254, 39
1255, 0
1256, 47
1257, 48
1258, 0
1259, 52
1260, 53
1261, 42
1262, 0
1263, 44
1264, 46
1265, 47
1266, 47
1267, 0
1268, 0
1269, 46
1270, 46
1271, 46
1272, 0
1273, 0
1274, 0
1275, 0
1276, 0
1277, 46
1278, 44
1279, 45
1280, 0
1281, 50
1282, 0
1283, 0
1284, 56
1285, 35
1286, 36
1287, 0
1288, 0
1289, 42
1290, 0
1291, 45
1292, 0
1293, 43
1294, 43
1295, 0
1296, 0
1297, 47
1298, 51
1299, 0
1300, 0
1301, 39
1302, 40
1303, 42
1304, 0
1305, 49
1306, 52
1307, 0
1308, 0
1309, 41
1310, 41
1311, 0
1312, 0
1313, 49
1314, 50
1315, 51
1316, 0
1317, 0
1318, 43
1319, 46
1320, 44
1321, 45
1322, 46
1323, 0
1324, 0
1325, 0
1326, 0
1327, 43
1328, 0
1329, 43
1330, 0
1331, 0
1332, 54
1333, 28
1334, 0
1335, 32
1336, 0
1337, 37
1338, 38
1339, 0
1340, 42
1341, 28
1342, 0
1343, 32
1344, 32
1345, 0
1346, 36
1347, 0
1348, 0
1349, 31
1350, 0
1351, 0
1352, 0
1353, 0
1354, 0
1355, 45
1356, 49
1357, 35
1358, 0
1359, 35
1360, 0
1361, 40
1362, 39
1363, 40
1364, 0
1365, 0
1366, 31
1367, 0
1368, 36
1369, 0
1370, 40
1371, 0
1372, 0
1373, 31
1374, 31
1375, 0
1376, 35
1377, 0
1378, 0
1379, 42
1380, 0
1381, 32
1382, 32
1383, 0
1384, 38
1385, 40
1386, 40
1387, 0
1388, 47
1389, 36
1390, 0
1391, 0
1392, 37
1393, 40
1394, 41
1395, 0
1396, 45
1397, 36
1398, 33
1399, 0
1400, 34
1401, 0
1402, 0
1403, 41
1404, 0
1405, 0
1406, 0
1407, 0
1408, 38
1409, 40
1410, 0
1411, 42
1412, 42
1413, 0
1414, 0
1415, 0
1416, 36
1417, 38
1418, 0
1419, 42
1420, 0
1421, 34
1422, 0
1423, 36
1424, 0
1425, 39
1426, 0
1427, 0
1428, 44
1429, 0
1430, 33
1431, 34
1432, 0
1433, 37
1434, 38
1435, 0
1436, 0
1437, 30
1438, 0
1439, 33
1440, 34
1441, 0
1442, 40
1443, 0
1444, 42
1445, 30
1446, 28
1447, 0
1448, 33
1449, 35
1450, 0
1451, 38
1452, 37
1453, 0
1454, 35
1455, 0
1456, 0
1457, 40
1458, 40
1459, 42
1460, 0
1461, 0
1462, 30
1463, 0
1464, 29
1465, 0
1466, 35
1467, 35
1468, 0
1469, 32
1470, 0
1471, 33
1472, 35
1473, 0
1474, 0
1475, 42
1476, 43
1477, 0
1478, 0
1479, 35
1480, 36
1481, 0
1482, 0
1483, 40
1484, 41
1485, 32
1486, 0
1487, 33
1488, 35
1489, 0
1490, 36
1491, 0
1492, 40
1493, 26
1494, 25
1495, 27
1496, 0
1497, 34
1498, 35
1499, 0
1500, 38
1501, 0
1502, 25
1503, 27
1504, 0
1505, 33
1506, 33
1507, 33
1508, 37
1509, 0
1510, 25
1511, 26
1512, 27
1513, 27
1514, 0
1515, 33
1516, 0
1517, 0
1518, 23
1519, 23
1520, 25
1521, 28
1522, 30
1523, 0
1524, 0
1525, 20
1526, 21
1527, 0
1528, 0
1529, 25
1530, 0
1531, 27
1532, 0
1533, 0
1534, 0
1535, 27
1536, 29
1537, 30
1538, 0
1539, 0
1540, 38
1541, 0
1542, 23
1543, 24
1544, 27
1545, 26
1546, 0
1547, 31
1548, 32
1549, 24
1550, 26
1551, 0
1552, 31
1553, 31
1554, 33
1555, 37
1556, 36
1557, 0
1558, 24
1559, 26
1560, 26
1561, 0
1562, 31
1563, 34
1564, 33
1565, 0
1566, 21
1567, 0
1568, 25
1569, 25
1570, 0
1571, 30
1572, 0
1573, 17
1574, 18
1575, 19
1576, 0
1577, 32
1578, 34
1579, 0
1580, 36
1581, 31
1582, 29
1583, 0
1584, 0
1585, 27
1586, 0
1587, 0
1588, 33
1589, 24
1590, 24
1591, 27
1592, 0
1593, 0
1594, 32
1595, 33
1596, 34
1597, 0
1598, 0
1599, 24
1600, 27
1601, 26
1602, 0
1603, 28
1604, 0
1605, 26
1606, 26
1607, 0
1608, 28
1609, 0
1610, 33
1611, 33
1612, 34
1613, 0
1614, 0
1615, 23
1616, 23
1617, 25
1618, 27
1619, 0
1620, 29
1621, 0
1622, 25
1623, 26
1624, 0
1625, 29
1626, 0
1627, 34
1628, 35
1629, 0
1630, 0
1631, 24
1632, 25
1633, 25
1634, 0
1635, 28
1636, 0
1637, 5
1638, 0
1639, 6
1640, 0
1641, 0
1642, 17
1643, 0
1644, 21
1645, 0
1646, 8
1647, 0
1648, 12
1649, 16
1650, 0
1651, 0
1652, 21
1653, 23
1654, 0
1655, 24
1656, 24
1657, 0
1658, 28
1659, 0
1660, 35
1661, 20
1662, 19
1663, 20
1664, 19
1665, 21
1666, 23
1667, 0
1668, 25
1669, 19
1670, 0
1671, 18
1672, 19
1673, 0
1674, 23
1675, 24
1676, 26
1677, 0
1678, 21
1679, 22
1680, 21
1681, 0
1682, 23
1683, 0
1684, 28
1685, 21
1686, 19
1687, 20
1688, 0
1689, 23
1690, 24
1691, 0
1692, 27
1693, 19
1694, 0
1695, 0
1696, 0
1697, 0
1698, 0
1699, 0
1700, 0
1701, 0
1702, 0
1703, 0
1704, 0
1705, 0
1706, 0
1707, 0
1708, 30
1709, 0
1710, 32
1711, 32
1712, 0
1713, 37
1714, 0
1715, 41
1716, 41
1717, 25
1718, 0
1719, 30
1720, 30
1721, 31
1722, 33
1723, 0
1724, 0
1725, 12
1726, 12
1727, 14
1728, 15
1729, 17
1730, 0
1731, 0
1732, 21
1733, 5
1734, 6
1735, 0
1736, 9
1737, 0
1738, 15
1739, 15
1740, 16
1741, 18
1742, 0
1743, 21
1744, 22
1745, 23
1746, 23
1747, 0
1748, 28
1749, 24
1750, 0
1751, 23
1752, 25
1753, 27
1754, 0
1755, 0
1756, 32
1757, 19
1758, 19
1759, 18
1760, 0
1761, 21
1762, 0
1763, 24
1764, 27
1765, 0
1766, 20
1767, 21
1768, 0
1769, 24
1770, 0
1771, 27
1772, 27
1773, 14
1774, 14
1775, 13
1776, 15
1777, 0
1778, 17
1779, 18
1780, 0
1781, 13
1782, 13
1783, 13
1784, 14
1785, 0
1786, 20
1787, 19
1788, 18
1789, 0
1790, 0
1791, 17
1792, 20
1793, 18
1794, 19
1795, 0
1796, 22
1797, 10
1798, 8
1799, 9
1800, 10
1801, 11
1802, 0
1803, 13
1804, 0
1805, 18
1806, 17
1807, 20
1808, 22
1809, 22
1810, 20
1811, 0
1812, 0
1813, 0
1814, 0
1815, 0
1816, 0
1817, 0
1818, 24
1819, 22
1820, 0
1821, 0
1822, 0
1823, 15
1824, 13
1825, 14
1826, 13
1827, 0
1828, 18
1829, 14
1830, 11
1831, 0
1832, 0
1833, 16
1834, 18
1835, 18
1836, 18
1837, 0
1838, 4
1839, 0
1840, 10
1841, 10
1842, 11
1843, 0
1844, 12
1845, 0
1846, 0
1847, 18
1848, 19
1849, 18
1850, 19
1851, 22
1852, 22
1853, 0
1854, 7
1855, 10
1856, 10
1857, 11
1858, 12
1859, 0
1860, 15
1861, 16
1862, 0
1863, 19
1864, 19
1865, 19
1866, 21
1867, 21
1868, 0
1869, 8
1870, 0
1871, 11
1872, 11
1873, 13
1874, 12
1875, 0
1876, 15
1877, 0
1878, 11
1879, 11
1880, 13
1881, 12
1882, 0
1883, 19
1884, 17
1885, 10
1886, 9
1887, 11
1888, 15
1889, 13
1890, 14
1891, 0
1892, 0
1893, 11
1894, 11
1895, 13
1896, 12
1897, 13
1898, 0
1899, 0
1900, 17
1901, 16
1902, 10
1903, 12
1904, 15
1905, 14
1906, 14
1907, 0
1908, 16
1909, 8
1910, 0
1911, 12
1912, 13
1913, 13
1914, 13
1915, 0
1916, 18
1917, 11
1918, 11
1919, 11
1920, 12
1921, 14
1922, 12
1923, 12
1924, 0
1925, 7
1926, 0
1927, 13
1928, 12
1929, 14
1930, 0
1931, 15
1932, 16
1933, 0
1934, 12
1935, 12
1936, 12
1937, 13
1938, 15
1939, 0
1940, 0
1941, 13
1942, 13
1943, 13
1944, 15
1945, 0
1946, 0
1947, 18
1948, 17
1949, 11
1950, 11
1951, 11
1952, 14
1953, 13
1954, 0
1955, 18
1956, 17
1957, 10
1958, 11
1959, 11
1960, 12
1961, 14
1962, 15
1963, 0
1964, 17
1965, 10
1966, 0
1967, 11
1968, 13
1969, 14
1970, 13
1971, 15
1972, 0
1973, 8
1974, 0
1975, 12
1976, 12
1977, 11
1978, 13
1979, 15
1980, 14
1981, 7
1982, 8
1983, 11
1984, 12
1985, 13
1986, 13
1987, 13
1988, 14
1989, 10
1990, 10
1991, 0
1992, 11
1993, 13
1994, 12
1995, 13
1996, 13
1997, 13
1998, 0
1999, 16
2000, 0
2001, 20
2002, 19
2003, 19
2004, 19
2005, 0
2006, 0
2007, 8
2008, 9
2009, 9
2010, 11
2011, 0
2012, 15
2013, 0
2014, 15
2015, 16
2016, 15
2017, 16
2018, 17
2019, 0
2020, 22
2021, 0
2022, 0
2023, 0
2024, 0
2025, 6
2026, 7
2027, 7
2028, 0
2029, 0
2030, 13
2031, 12
2032, 12
2033, 12
2034, 0
2035, 17
2036, 18
2037, 0
2038, 1
2039, 4
2040, 0
2041, 0
2042, 6
2043, 0
2044, 7
2045, 9
2046, 7
2047, 0
2048, 11
2049, 12
2050, 0
2051, 0
2052, 15
2053, 0
2054, 1
2055, 1
2056, 1
2057, 0
2058, 6
2059, 0
2060, 0
2061, 0
2062, 8
2063, 7
2064, 0
2065, 7
2066, 0
2067, 10
2068, 13
2069, 12
2070, 11
2071, 11
2072, 0
2073, 0
2074, 17
2075, 17
2076, 17
2077, 4
2078, 0
2079, 0
2080, 5
2081, 0
2082, 7
2083, 0
2084, 13
2085, 8
2086, 8
2087, 9
2088, 10
2089, 0
2090, 14
2091, 14
2092, 0
2093, 18
2094, 17
2095, 18
2096, 19
2097, 19
2098, 21
2099, 20
2100, 20
2101, 5
2102, 0
2103, 7
2104, 8
2105, 10
2106, 10
2107, 9
2108, 10
2109, 12
2110, 14
2111, 14
2112, 13
2113, 13
2114, 15
2115, 0
2116, 0
2117, 6
2118, 5
2119, 0
2120, 0
2121, 4
2122, 5
2123, 5
2124, 5
2125, 0
2126, 0
2127, 8
2128, 10
2129, 10
2130, 12
2131, 11
2132, 12
2133, 16
2134, 15
2135, 15
2136, 16
2137, 16
2138, 16
2139, 17
2140, 19
2141, 4
2142, 4
2143, 4
2144, 4
2145, 5
2146, 5
2147, 0
2148, 0
2149, 9
2150, 11
2151, 11
2152, 10
2153, 11
2154, 11
2155, 12
2156, 13
2157, 0
2158, 1
2159, 0
2160, 0
2161, 0
2162, 11
2163, 10
2164, 11
2165, 5
2166, 4
2167, 4
2168, 0
2169, 8
2170, 7
2171, 9
2172, 7
2173, 9
2174, 12
2175, 12
2176, 15
2177, 12
2178, 12
2179, 0
2180, 0
2181, 0
2182, 0
2183, 0
2184, 0
2185, 1
2186, 0
2187, 7
2188, 4
2189, 4
2190, 0
2191, 7
2192, 7
2193, 8
2194, 8
2195, 0
2196, 10
2197, 10
2198, 13
2199, 11
2200, 11
2201, 12
2202, 13
2203, 15
2204, 15
2205, 5
2206, 0
2207, 0
2208, 3
2209, 0
2210, 4
2211, 5
2212, 6
2213, 7
2214, 0
2215, 7
2216, 8
2217, 0
2218, 12
2219, 10
2220, 10
2221, 10
2222, 10
2223, 12
2224, 11
2225, 9
2226, 0
2227, 0
2228, 13
2229, 10
2230, 9
2231, 9
2232, 0
2233, 0
2234, 9
2235, 9
2236, 10
2237, 0
2238, 4
2239, 4
2240, 4
2241, 6
2242, 6
2243, 6
2244, 6
2245, 7
2246, 8
2247, 10
2248, 9
2249, 0
2250, 12
2251, 12
2252, 13
2253, 7
2254, 0
2255, 0
2256, 0
2257, 0
2258, 0
2259, 10
2260, 10
2261, 3
2262, 0
2263, 0
2264, 0
2265, 0
2266, 5
2267, 5
2268, 7
2269, 9
2270, 7
2271, 7
2272, 8
2273, 8
2274, 8
2275, 9
2276, 10
2277, 11
2278, 13
2279, 13
2280, 13
2281, 15
2282, 14
2283, 13
2284, 0
2285, 10
2286, 0
2287, 0
2288, 10
2289, 9
2290, 9
2291, 10
2292, 10
2293, 6
2294, 4
2295, 0
2296, 6
2297, 6
2298, 7
2299, 8
2300, 8
2301, 8
2302, 9
2303, 10
2304, 8
2305, 9
2306, 11
2307, 11
2308, 11
2309, 0
2310, 0
2311, 4
2312, 0
2313, 7
2314, 0
2315, 10
2316, 0
2317, 0
2318, 0
2319, 0
2320, 0
2321, 2
2322, 3
2323, 0
2324, 0
2325, 5
2326, 0
2327, 0
2328, 9
2329, 7
2330, 7
2331, 8
2332, 9
2333, 10
2334, 10
2335, 12
2336, 11
2337, 11
2338, 11
2339, 10
2340, 12
2341, 5
2342, 0
2343, 3
2344, 0
2345, 9
2346, 9
2347, 0
2348, 8
2349, 0
2350, 0
2351, 0
2352, 0
2353, 4
2354, 5
2355, 3
2356, 4
2357, 5
2358, 3
2359, 4
2360, 0
2361, 7
2362, 8
2363, 7
2364, 7
2365, 9
2366, 9
2367, 11
2368, 10
2369, 11
2370, 9
2371, 10
2372, 12
2373, 0
2374, 3
2375, 4
2376, 6
2377, 0
2378, 0
2379, 0
2380, 0
2381, 6
2382, 6
2383, 9
2384, 8
2385, 9
2386, 11
2387, 10
2388, 10
2389, 0
2390, 0
2391, 0
2392, 0
2393, 3
2394, 0
2395, 7
2396, 6
2397, 8
2398, 0
2399, 8
2400, 10
2401, 9
2402, 8
2403, 10
2404, 9
2405, 0
2406, 3
2407, 3
2408, 3
2409, 2
2410, 3
2411, 4
2412, 4
2413, 0
2414, 0
2415, 10
2416, 0
2417, 0
2418, 0
2419, 0
2420, 9
2421, 9
2422, 0
2423, 0
2424, 0
2425, 9
2426, 9
2427, 10
2428, 12
2429, 13
2430, 11
2431, 11
2432, 0
2433, 14
2434, 0
2435, 0
2436, 0
2437, 0
2438, 5
2439, 5
2440, 6
2441, 6
2442, 6
2443, 7
2444, 7
2445, 1
2446, 6
2447, 3
2448, 2
2449, 2
2450, 2
2451, 3
2452, 7
2453, 6
2454, 0
2455, 0
2456, 7
2457, 7
2458, 6
2459, 6
2460, 0
2461, 0
2462, 0
2463, 8
2464, 0
2465, 7
2466, 6
2467, 6
2468, 7
2469, 0
2470, 10
2471, 10
2472, 11
2473, 11
2474, 14
2475, 13
2476, 12
2477, 4
2478, 4
2479, 4
2480, 4
2481, 0
2482, 6
2483, 6
2484, 6
2485, 0
2486, 0
2487, -1
2488, -1
2489, 0
2490, 0
2491, 0
2492, 0
2493, 2
2494, 3
2495, 3
2496, 4
2497, 4
2498, 0
2499, 0
2500, 7
2501, 6
2502, 6
2503, 9
2504, 9
2505, 9
2506, 8
2507, 8
2508, 8
2509, 8
2510, 10
2511, 9
2512, 9
2513, 8
2514, 10
2515, 7
2516, 8
2517, 10
2518, 10
2519, 10
2520, 11
2521, 9
2522, 9
2523, 0
2524, 0
2525, 0
2526, 11
2527, 13
2528, 14
2529, 14
2530, 16
2531, 14
2532, 14
2533, 0
2534, 4
2535, -2
2536, -2
2537, 0
2538, 1
2539, 1
2540, 1
2541, 0
2542, 0
2543, 0
2544, 0
2545, 0
2546, 0
2547, 2
2548, 0
2549, 0
2550, 0
2551, 0
2552, 5
2553, 0
2554, 0
2555, 7
2556, 7
2557, 8
2558, 8
2559, 7
2560, 7
2561, 7
2562, 6
2563, 7
2564, 8
2565, 7
2566, 9
2567, 10
2568, 10
2569, 11
2570, 11
2571, 10
2572, 11
2573, 11
2574, 11
2575, 11
2576, 11
2577, 13
2578, 13
2579, 11
2580, 12
2581, 12
2582, 13
2583, 13
2584, 13
2585, 12
2586, 14
2587, 13
2588, 13
2589, 14
2590, 14
2591, 15
2592, 14
2593, 14
2594, 14
2595, 0
2596, 12
2597, 13
2598, 13
2599, 0
2600, 16
2601, 16
2602, 0
2603, 15
2604, 15
2605, 0
2606, 9
2607, 7
2608, 8
2609, 7
2610, 7
2611, 7
2612, 8
2613, 1
2614, 3
2615, 3
2616, 4
2617, 4
2618, 5
2619, 4
2620, 3
2621, 3
2622, 0
2623, 4
2624, 0
2625, 7
2626, 6
2627, 5
2628, 7
2629, 9
2630, 0
2631, 8
2632, 9
2633, 10
2634, 9
2635, 10
2636, 11
2637, 11
2638, 9
2639, 8
2640, 10
2641, 10
2642, 8
2643, 7
2644, 0
2645, 9
2646, 11
2647, 10
2648, 10
2649, 12
2650, 10
2651, 10
2652, 11
2653, 0
2654, 13
2655, 16
2656, 15
2657, 13
2658, 0
2659, 12
2660, 12
2661, 12
2662, 12
2663, 11
2664, 12
2665, 12
2666, 0
2667, 15
2668, 16
2669, 14
2670, 13
2671, 13
2672, 14
2673, 14
2674, 14
2675, 14
2676, 14
2677, 16
2678, 17
2679, 17
2680, 16
2681, 0
2682, 14
2683, 0
2684, 16
2685, 17
2686, 17
2687, 0
2688, 0
2689, 13
2690, 13
2691, 0
2692, 16
2693, 0
2694, 10
2695, 0
2696, 0
2697, 0
2698, 0
2699, 9
2700, 8
2701, 8
2702, 9
2703, 11
2704, 11
2705, 10
2706, 10
2707, 0
2708, 10
2709, 11
2710, 11
2711, 11
2712, 11
2713, 11
2714, 11
2715, 12
2716, 13
2717, 13
2718, 13
2719, 12
2720, 12
2721, 15
2722, 13
2723, 12
2724, 13
2725, 5
2726, 5
2727, 0
2728, 6
2729, 0
2730, 7
2731, 0
2732, 6
2733, 8
2734, 6
2735, 6
2736, 5
2737, 6
2738, 6
2739, 6
2740, 7
2741, 7
2742, 7
2743, 8
2744, 7
2745, 7
2746, 6
2747, 6
2748, 8
2749, 8
2750, 6
2751, 6
2752, 6
2753, 7
2754, 7
2755, 7
2756, 6
2757, 7
2758, 7
2759, 7
2760, 8
2761, 0
2762, 9
2763, 0
2764, 6
2765, 8
2766, 0
2767, 8
2768, 0
2769, 6
2770, 6
2771, 0
2772, 10
2773, 9
2774, 8
2775, 0
2776, 5
2777, 7
2778, 0
2779, 0
2780, 9
2781, 10
2782, 9
2783, 9
2784, 8
2785, 9
2786, 10
2787, 11
2788, 10
2789, 11
2790, 10
2791, 11
2792, 11
2793, 10
2794, 9
2795, 9
2796, 9
2797, 9
2798, 9
2799, 9
2800, 12
2801, 13
2802, 12
2803, 11
2804, 10
2805, 10
2806, 9
2807, 8
2808, 8
2809, 8
2810, 8
2811, 9
2812, 10
2813, 0
2814, 7
2815, 8
2816, 9
2817, 8
2818, 9
2819, 11
2820, 9
2821, 9
2822, 8
2823, 8
2824, 9
2825, 7
2826, 8
2827, 9
2828, 9
2829, 9
2830, 7
2831, 7
2832, 7
2833, 7
2834, 7
2835, 7
2836, 9
2837, 8
2838, 8
2839, 9
2840, 10
2841, 9
2842, 8
2843, 9
2844, 11
2845, 13
2846, 19
2847, 17
2848, 17
2849, 18
2850, 0
2851, 14
2852, 15
2853, 0
2854, 15
2855, 15
2856, 15
2857, 17
2858, 0
2859, 14
2860, 15
2861, 0
2862, 17
2863, 17
2864, 17
2865, 16
2866, 15
2867, 15
2868, 16
2869, 17
2870, 24
2871, 24
2872, 23
2873, 23
2874, 0
2875, 21
2876, 21
2877, 22
2878, 22
2879, 22
2880, 22
2881, 22
2882, 21
2883, 0
2884, 20
2885, 20
2886, 19
2887, 19
2888, 19
2889, 20
2890, 18
2891, 18
2892, 19
2893, 19
2894, 20
2895, 19
2896, 20
2897, 21
2898, 19
2899, 19
2900, 19
2901, 20
2902, 18
2903, 18
2904, 19
2905, 19
2906, 20
2907, 18
2908, 19
2909, 21
2910, 19
2911, 19
2912, 19
2913, 17
2914, 17
2915, 16
2916, 17
2917, 19
2918, 19
2919, 18
2920, 17
2921, 19
2922, 19
2923, 17
2924, 17
2925, 18
2926, 16
2927, 16
2928, 17
2929, 18
2930, 18
2931, 18
2932, 18
2933, 16
2934, 16
2935, 16
2936, 16
2937, 17
2938, 16
2939, 16
2940, 17
2941, 18
2942, 18
2943, 17
2944, 16
2945, 15
2946, 0
2947, 14
2948, 16
2949, 14
2950, 14
2951, 14
2952, 15
2953, 16
2954, 13
2955, 13
2956, 14
2957, 13
2958, 12
2959, 13
2960, 14
2961, 12
2962, 12
2963, 0
2964, 11
2965, 9
2966, 17
2967, 17
2968, 18
2969, 20
2970, 19
2971, 19
2972, 18
2973, 19
2974, 18
2975, 18
2976, 19
2977, 18
2978, 19
2979, 16
2980, 16
2981, 20
2982, 16
2983, 16
2984, 16
2985, 15
2986, 16
2987, 16
2988, 0
2989, 17
2990, 14
2991, 15
2992, 16
2993, 16
2994, 17
2995, 14
2996, 14
2997, 15
2998, 13
2999, 13
3000, 13
3001, 13
3002, 15
3003, 0
3004, 11
3005, 12
3006, 11
3007, 0
3008, 0
3009, 11
3010, 11
3011, 11
3012, 10
3013, 13
3014, 17
3015, 17
3016, 18
3017, 18
3018, 18
3019, 18
3020, 18
3021, 18
3022, 20
3023, 18
3024, 18
3025, 18
3026, 18
3027, 0
3028, 15
3029, 16
3030, 14
3031, 13
3032, 13
3033, 14
3034, 13
3035, 14
3036, 15
3037, 16
3038, 14
3039, 12
3040, 13
3041, 13
3042, 12
3043, 12
3044, 12
3045, 13
3046, 13
3047, 0
3048, 11
3049, 12
3050, 0
3051, 13
3052, 12
3053, 0
3054, 18
3055, 19
3056, 20
3057, 18
3058, 19
3059, 20
3060, 18
3061, 18
3062, 19
3063, 17
3064, 0
3065, 15
3066, 16
3067, 14
3068, 15
3069, 18
3070, 23
3071, 23
3072, 22
3073, 21
3074, 22
3075, 20
3076, 20
3077, 22
3078, 21
3079, 21
3080, 21
3081, 22
3082, 20
3083, 19
3084, 20
3085, 19
3086, 0
3087, 19
3088, 18
3089, 18
3090, 18
3091, 19
3092, 18
3093, 17
3094, 17
3095, 18
3096, 0
3097, 0
3098, 16
3099, 18
3100, 0
3101, 16
3102, 25
3103, 25
3104, 23
3105, 23
3106, 23
3107, 24
3108, 23
3109, 23
3110, 0
3111, 21
3112, 21
3113, 19
3114, 20
3115, 21
3116, 0
3117, 0
3118, 15
3119, 16
3120, 16
3121, 17
3122, 17
3123, 16
3124, 16
3125, 0
3126, 22
3127, 21
3128, 21
3129, 21
3130, 22
3131, 22
3132, 21
3133, 20
3134, 20
3135, 20
3136, 20
3137, 20
3138, 20
3139, 19
3140, 20
3141, 19
3142, 18
3143, 19
3144, 0
3145, 16
3146, 0
3147, 18
3148, 0
3149, 17
3150, 23
3151, 23
3152, 28
3153, 26
3154, 23
3155, 0
3156, 21
3157, 22
3158, 20
3159, 19
3160, 19
3161, 18
3162, 18
3163, 18
3164, 17
3165, 0
3166, 24
3167, 0
3168, 0
3169, 23
3170, 0
3171, 22
3172, 22
3173, 22
3174, 22
3175, 21
3176, 20
3177, 20
3178, 20
3179, 19
3180, 19
3181, 18
3182, 27
3183, 26
3184, 26
3185, 0
3186, 24
3187, 0
3188, 24
3189, 24
3190, 24
3191, 25
3192, 23
3193, 22
3194, 23
3195, 23
3196, 0
3197, 21
3198, 21
3199, 23
3200, 21
3201, 20
3202, 21
3203, 19
3204, 19
3205, 20
3206, 0
3207, 24
3208, 23
3209, 24
3210, 23
3211, 23
3212, 24
3213, 26
3214, 0
3215, 20
3216, 22
3217, 21
3218, 20
3219, 20
3220, 20
3221, 20
3222, 26
3223, 26
3224, 26
3225, 0
3226, 25
3227, 24
3228, 24
3229, 25
3230, 24
3231, 23
3232, 22
3233, 23
3234, 24
3235, 0
3236, 22
3237, 22
3238, 27
3239, 28
3240, 27
3241, 26
3242, 28
3243, 27
3244, 0
3245, 25
3246, 23
3247, 23
3248, 0
3249, 20
3250, 20
3251, 20
3252, 20
3253, 21
3254, 27
3255, 27
3256, 25
3257, 25
3258, 0
3259, 0
3260, 21
3261, 22
3262, 22
3263, 22
3264, 20
3265, 21
3266, 21
3267, 21
3268, 20
3269, 20
3270, 27
3271, 29
3272, 29
3273, 27
3274, 26
3275, 26
3276, 27
3277, 27
3278, 0
3279, 24
3280, 24
3281, 21
3282, 20
3283, 22
3284, 20
3285, 20
3286, 27
3287, 28
3288, 26
3289, 26
3290, 28
3291, 0
3292, 23
3293, 23
3294, 24
3295, 24
3296, 0
3297, 21
3298, 23
3299, 21
3300, 20
3301, 0
3302, 0
3303, 20
3304, 21
3305, 20
3306, 20
3307, 20
3308, 22
3309, 0
3310, 26
3311, 0
3312, 25
3313, 23
3314, 22
3315, 21
3316, 22
3317, 21
3318, 28
3319, 28
3320, 0
3321, 0
3322, 25
3323, 24
3324, 24
3325, 23
3326, 0
3327, 20
3328, 20
3329, 20
3330, 21
3331, 18
3332, 19
3333, 20
3334, 26
3335, 27
3336, 25
3337, 25
3338, 25
3339, 0
3340, 22
3341, 23
3342, 31
3343, 33
3344, 33
3345, 30
3346, 32
3347, 29
3348, 0
3349, 28
3350, 0
3351, 27
3352, 25
3353, 24
3354, 24
3355, 24
3356, 24
3357, 24
3358, 30
3359, 30
3360, 0
3361, 27
3362, 27
3363, 0
3364, 26
3365, 28
3366, 33
3367, 0
3368, 31
3369, 30
3370, 31
3371, 0
3372, 28
3373, 28
3374, 30
3375, 28
3376, 29
3377, 27
3378, 26
3379, 26
3380, 25
3381, 26
3382, 0
3383, 30
3384, 27
3385, 27
3386, 26
3387, 26
3388, 27
3389, 25
3390, 26
3391, 26
3392, 26
3393, 24
3394, 24
3395, 0
3396, 23
3397, 26
3398, 0
3399, 28
3400, 28
3401, 30
3402, 27
3403, 27
3404, 27
3405, 27
3406, 33
3407, 33
3408, 33
3409, 32
3410, 0
3411, 31
3412, 29
3413, 0
3414, 29
3415, 27
3416, 26
3417, 26
3418, 27
3419, 26
3420, 25
3421, 28
3422, 0
3423, 0
3424, 28
3425, 29
3426, 29
3427, 27
3428, 28
3429, 27
3430, 26
3431, 26
3432, 25
3433, 24
3434, 24
3435, 0
3436, 22
3437, 21
3438, 29
3439, 0
3440, 0
3441, 26
3442, 26
3443, 26
3444, 24
3445, 27
3446, 34
3447, 32
3448, 31
3449, 32
3450, 29
3451, 29
3452, 30
3453, 28
3454, 0
3455, 27
3456, 25
3457, 25
3458, 26
3459, 26
3460, 25
3461, 25
3462, 31
3463, 30
3464, 0
3465, 29
3466, 27
3467, 27
3468, 26
3469, 25
3470, 33
3471, 32
3472, 30
3473, 30
3474, 35
3475, 30
3476, 31
3477, 0
3478, 27
3479, 0
3480, 23
3481, 24
3482, 23
3483, 23
3484, 0
3485, 0
3486, 35
3487, 36
3488, 36
3489, 34
3490, 35
3491, 33
3492, 33
3493, 34
3494, 32
3495, 31
3496, 0
3497, 29
3498, 0
3499, 26
3500, 28
3501, 29
3502, 34
3503, 33
3504, 34
3505, 32
3506, 31
3507, 31
3508, 0
3509, 28
3510, 35
3511, 0
3512, 34
3513, 33
3514, 32
3515, 31
3516, 31
3517, 0
3518, 27
3519, 27
3520, 29
3521, 0
3522, 25
3523, 25
3524, 26
3525, 26
3526, 39
3527, 38
3528, 0
3529, 37
3530, 0
3531, 33
3532, 34
3533, 33
3534, 32
3535, 31
3536, 32
3537, 33
3538, 0
3539, 28
3540, 28
3541, 30
3542, 34
3543, 0
3544, 34
3545, 0
3546, 30
3547, 30
3548, 31
3549, 28
3550, 36
3551, 37
3552, 35
3553, 34
3554, 0
3555, 32
3556, 32
3557, 0
3558, 36
3559, 36
3560, 35
3561, 35
3562, 0
3563, 33
3564, 30
3565, 30
3566, 37
3567, 37
3568, 37
3569, 38
3570, 34
3571, 34
3572, 0
3573, 31
3574, 40
3575, 0
3576, 37
3577, 36
3578, 36
3579, 36
3580, 34
3581, 34
3582, 41
3583, 42
3584, 41
3585, 0
3586, 37
3587, 35
3588, 34
3589, 36
3590, 35
3591, 36
3592, 34
3593, 0
3594, 0
3595, 29
3596, 29
3597, 32
3598, 44
3599, 42
3600, 41
3601, 41
3602, 0
3603, 0
3604, 37
3605, 37
3606, 36
3607, 35
3608, 35
3609, 0
3610, 0
3611, 30
3612, 29
3613, 30
3614, 36
3615, 35
3616, 37
3617, 0
3618, 31
3619, 31
3620, 0
3621, 29
3622, 39
3623, 0
3624, 35
3625, 35
3626, 37
3627, 0
3628, 32
3629, 35
3630, 0
3631, 0
3632, 44
3633, 47
3634, 43
3635, 42
3636, 44
3637, 42
3638, 0
3639, 0
3640, 37
3641, 36
3642, 35
3643, 34
3644, 33
3645, 39
3646, 47
3647, 46
3648, 45
3649, 45
3650, 45
3651, 0
3652, 42
3653, 43
3654, 41
3655, 40
3656, 0
3657, 37
3658, 36
3659, 37
3660, 35
3661, 34
3662, 43
3663, 44
3664, 41
3665, 40
3666, 0
3667, 0
3668, 36
3669, 39
3670, 41
3671, 41
3672, 42
3673, 40
3674, 39
3675, 0
3676, 0
3677, 34
3678, 42
3679, 45
3680, 41
3681, 39
3682, 0
3683, 0
3684, 37
3685, 37
3686, 41
3687, 41
3688, 41
3689, 0
3690, 37
3691, 38
3692, 0
3693, 37
3694, 43
3695, 41
3696, 42
3697, 40
3698, 0
3699, 38
3700, 38
3701, 0
3702, 42
3703, 44
3704, 0
3705, 40
3706, 0
3707, 37
3708, 0
3709, 36
3710, 50
3711, 50
3712, 50
3713, 48
3714, 48
3715, 48
3716, 0
3717, 43
3718, 43
3719, 0
3720, 41
3721, 39
3722, 39
3723, 40
3724, 0
3725, 36
3726, 50
3727, 51
3728, 50
3729, 0
3730, 0
3731, 45
3732, 43
3733, 42
3734, 42
3735, 42
3736, 0
3737, 38
3738, 37
3739, 0
3740, 0
3741, 36
3742, 52
3743, 49
3744, 0
3745, 46
3746, 48
3747, 45
3748, 44
3749, 0
3750, 57
3751, 58
3752, 56
3753, 55
3754, 0
3755, 52
3756, 51
3757, 52
3758, 57
3759, 0
3760, 53
3761, 54
3762, 0
3763, 52
3764, 0
3765, 51
3766, 0
3767, 0
3768, 0
3769, 0
3770, 0
3771, 0
3772, 0
3773, 0
3774, 0
3775, 0
3776, 0
3777, 0
3778, 0
3779, 0
3780, 0
3781, 0
3782, 0
3783, 0
3784, 0
3785, 0
3786, 0
3787, 0
3788, 0
3789, 0
3790, 0
3791, 0
3792, 0
3793, 0
3794, 0
3795, 38
3796, 0
3797, 37
3798, 42
3799, 43
3800, 0
3801, 43
3802, 0
3803, 42
3804, 41
3805, 0
3806, 58
3807, 0
3808, 56
3809, 0
3810, 0
3811, 55
3812, 0
3813, 52
3814, 60
3815, 0
3816, 56
3817, 56
3818, 55
3819, 55
3820, 55
3821, 0
3822, 0
3823, 56
3824, 57
3825, 57
3826, 55
3827, 55
3828, 0
3829, 51
3830, 66
3831, 63
3832, 63
3833, 0
3834, 59
3835, 58
3836, 0
3837, 58
3838, 54
3839, 0
3840, 55
3841, 53
3842, 0
3843, 0
3844, 44
3845, 42
3846, 58
3847, 0
3848, 55
3849, 0
3850, 51
3851, 48
3852, 48
3853, 0
3854, 61
3855, 0
3856, 58
3857, 57
3858, 57
3859, 57
3860, 57
3861, 56
3862, 0
3863, 0
3864, 50
3865, 0
3866, 45
3867, 44
3868, 44
3869, 0
3870, 57
3871, 58
3872, 0
3873, 53
3874, 53
3875, 0
3876, 49
3877, 52
3878, 65
3879, 63
3880, 0
3881, 0
3882, 57
3883, 57
3884, 59
3885, 56
3886, 0
3887, 0
3888, 49
3889, 51
3890, 0
3891, 48
3892, 0
3893, 46
3894, 60
3895, 61
3896, 0
3897, 57
3898, 58
3899, 0
3900, 52
3901, 54
3902, 60
3903, 59
3904, 0
3905, 0
3906, 52
3907, 51
3908, 51
3909, 0
3910, 56
3911, 55
3912, 0
3913, 52
3914, 0
3915, 49
3916, 48
3917, 0
3918, 60
3919, 62
3920, 0
3921, 0
3922, 56
3923, 55
3924, 54
3925, 54
3926, 0
3927, 0
3928, 66
3929, 65
3930, 65
3931, 0
3932, 60
3933, 62
3934, 66
3935, 65
3936, 64
3937, 0
3938, 0
3939, 60
3940, 0
3941, 55
3942, 63
3943, 62
3944, 0
3945, 59
3946, 0
3947, 54
3948, 0
3949, 54
3950, 58
3951, 60
3952, 59
3953, 0
3954, 53
3955, 52
3956, 51
3957, 53
3958, 0
3959, 0
3960, 60
3961, 58
3962, 0
3963, 56
3964, 0
3965, 53
3966, 66
3967, 67
3968, 67
3969, 64
3970, 0
3971, 60
3972, 58
3973, 0
3974, 64
3975, 64
3976, 0
3977, 60
3978, 59
3979, 58
3980, 60
3981, 0
3982, 0
3983, 68
3984, 69
3985, 0
3986, 61
3987, 60
3988, 0
3989, 56
3990, 64
3991, 0
3992, 0
3993, 0
3994, 57
3995, 56
3996, 0
3997, 54
3998, 0
3999, 65
4000, 63
4001, 63
4002, 0
4003, 0
4004, 56
4005, 56
4006, 70
4007, 0
4008, 65
4009, 65
4010, 63
4011, 61
4012, 0
4013, 60
4014, 65
4015, 62
4016, 0
4017, 62
4018, 60
4019, 0
4020, 59
4021, 58
4022, 71
4023, 0
4024, 0
4025, 0
4026, 61
4027, 60
4028, 0
4029, 0
4030, 72
4031, 68
4032, 68
4033, 67
4034, 66
4035, 0
4036, 62
4037, 60
4038, 67
4039, 66
4040, 0
4041, 66
4042, 63
4043, 0
4044, 0
4045, 55
4046, 0
4047, 0
4048, 0
4049, 0
4050, 59
4051, 60
4052, 0
4053, 59
4054, 72
4055, 0
4056, 0
4057, 66
4058, 65
4059, 65
4060, 63
4061, 66
4062, 0
4063, 76
4064, 77
4065, 0
4066, 71
4067, 0
4068, 68
4069, 0
4070, 0
4071, 70
4072, 0
4073, 66
4074, 63
4075, 64
4076, 0
4077, 62
4078, 72
4079, 71
4080, 0
4081, 0
4082, 65
4083, 66
4084, 0
4085, 0
4086, 74
4087, 75
4088, 73
4089, 0
4090, 0
4091, 65
4092, 64
4093, 0
4094, 77
4095, 79
4096, 76
4097, 0
4098, 0
4099, 0
4100, 69
4101, 0
4102, 73
4103, 0
4104, 72
4105, 72
4106, 69
4107, 0
4108, 66
4109, 66
4110, 79
4111, 79
4112, 0
4113, 75
4114, 72
4115, 0
4116, 71
4117, 0
4118, 83
4119, 81
4120, 0
4121, 0
4122, 73
4123, 72
4124, 0
4125, 0
4126, 82
4127, 0
4128, 77
4129, 76
4130, 76
4131, 0
4132, 71
4133, 70
4134, 0
4135, 82
4136, 0
4137, 77
4138, 0
4139, 74
4140, 71
4141, 0
4142, 0
4143, 75
4144, 74
4145, 0
4146, 0
4147, 66
4148, 69
4149, 68
4150, 0
4151, 76
4152, 0
4153, 74
4154, 72
4155, 0
4156, 0
4157, 69
4158, 80
4159, 80
4160, 0
4161, 0
4162, 74
4163, 73
4164, 75
4165, 0
4166, 0
4167, 0
4168, 0
4169, 0
4170, 74
4171, 72
4172, 71
4173, 0
4174, 0
4175, 74
4176, 73
4177, 0
4178, 0
4179, 66
4180, 67
4181, 0
4182, 79
4183, 76
4184, 0
4185, 0
4186, 0
4187, 0
4188, 0
4189, 68
4190, 0
4191, 0
4192, 0
4193, 0
4194, 70
4195, 71
4196, 74
4197, 73
4198, 0
4199, 0
4200, 81
4201, 78
4202, 0
4203, 0
4204, 0
4205, 65
4206, 0
4207, 86
4208, 0
4209, 82
4210, 80
4211, 0
4212, 76
4213, 0
4214, 92
4215, 0
4216, 85
4217, 0
4218, 79
4219, 0
4220, 0
4221, 0
4222, 0
4223, 0
4224, 0
4225, 80
4226, 0
4227, 77
4228, 0
4229, 0
4230, 85
4231, 84
4232, 0
4233, 80
4234, 80
4235, 78
4236, 0
4237, 77
4238, 99
4239, 101
4240, 0
4241, 88
4242, 85
4243, 0
4244, 0
4245, 0
4246, 95
4247, 0
4248, 88
4249, 87
4250, 0
4251, 0
4252, 0
4253, 79
4254, 95
4255, 94
4256, 0
4257, 87
4258, 0
4259, 79
4260, 78
4261, 80
4262, 0
4263, 0
4264, 0
4265, 83
4266, 0
4267, 79
4268, 79
4269, 0
4270, 0
4271, 87
4272, 85
4273, 0
4274, 83
4275, 81
4276, 0
4277, 0
4278, 0
4279, 0
4280, 85
4281, 0
4282, 79
4283, 0
4284, 75
4285, 76
4286, 0
4287, 86
4288, 88
4289, 0
4290, 0
4291, 80
4292, 0
4293, 76
4294, 0
4295, 0
4296, 92
4297, 92
4298, 91
4299, 0
4300, 83
4301, 0
4302, 95
4303, 93
4304, 0
4305, 0
4306, 0
4307, 86
4308, 0
4309, 88
4310, 102
4311, 0
4312, 0
4313, 0
4314, 86
4315, 0
4316, 0
4317, 83
4318, 0
4319, 90
4320, 89
4321, 88
4322, 0
4323, 0
4324, 80
4325, 0
4326, 93
4327, 0
4328, 89
4329, 0
4330, 84
4331, 82
4332, 81
4333, 83
4334, 0
4335, 90
4336, 90
4337, 0
4338, 0
4339, 83
4340, 84
4341, 83
4342, 0
4343, 90
4344, 90
4345, 88
4346, 0
4347, 0
4348, 82
4349, 82
4350, 0
4351, 0
4352, 90
4353, 0
4354, 0
4355, 0
4356, 82
4357, 81
4358, 90
4359, 87
4360, 0
4361, 81
4362, 80
4363, 79
4364, 0
4365, 0
4366, 90
4367, 0
4368, 85
4369, 84
4370, 0
4371, 0
4372, 0
4373, 76
4374, 89
4375, 88
4376, 0
4377, 88
4378, 0
4379, 80
4380, 78
4381, 81
4382, 92
4383, 0
4384, 87
4385, 86
4386, 85
4387, 85
4388, 0
4389, 0
4390, 94
4391, 0
4392, 92
4393, 89
4394, 0
4395, 86
4396, 0
4397, 82
4398, 88
4399, 88
4400, 87
4401, 0
4402, 80
4403, 79
4404, 77
4405, 80
4406, 0
4407, 88
4408, 87
4409, 85
4410, 0
4411, 0
4412, 80
4413, 80
4414, 86
4415, 0
4416, 81
4417, 80
4418, 79
4419, 78
4420, 0
4421, 0
4422, 88
4423, 88
4424, 87
4425, 0
4426, 83
4427, 0
4428, 79
4429, 80
4430, 0
4431, 83
4432, 0
4433, 79
4434, 77
4435, 0
4436, 77
4437, 76
4438, 0
4439, 0
4440, 83
4441, 84
4442, 83
4443, 81
4444, 0
4445, 0
4446, 84
4447, 84
4448, 82
4449, 0
4450, 78
4451, 75
4452, 75
4453, 76
4454, 0
4455, 77
4456, 76
4457, 74
4458, 74
4459, 0
4460, 0
4461, 70
4462, 85
4463, 84
4464, 82
4465, 81
4466, 0
4467, 0
4468, 76
4469, 75
4470, 90
4471, 0
4472, 0
4473, 84
4474, 84
4475, 0
4476, 0
4477, 79
4478, 78
4479, 77
4480, 76
4481, 0
4482, 0
4483, 71
4484, 70
4485, 71
4486, 84
4487, 0
4488, 0
4489, 78
4490, 78
4491, 78
4492, 75
4493, 0
4494, 89
4495, 89
4496, 0
4497, 86
4498, 0
4499, 81
4500, 81
4501, 81
4502, 80
4503, 78
4504, 0
4505, 73
4506, 72
4507, 72
4508, 71
4509, 0
4510, 82
4511, 83
4512, 81
4513, 81
4514, 81
4515, 0
4516, 0
4517, 75
4518, 73
4519, 73
4520, 74
4521, 71
4522, 0
4523, 0
4524, 65
4525, 68
4526, 80
4527, 0
4528, 79
4529, 76
4530, 76
4531, 78
4532, 0
4533, 74
4534, 88
4535, 88
4536, 87
4537, 89
4538, 86
4539, 0
4540, 83
4541, 80
4542, 88
4543, 88
4544, 0
4545, 84
4546, 0
4547, 81
4548, 81
4549, 82
4550, 0
4551, 77
4552, 76
4553, 0
4554, 74
4555, 74
4556, 0
4557, 72
4558, 0
4559, 0
4560, 0
4561, 0
4562, 0
4563, 0
4564, 70
4565, 70
4566, 68
4567, 69
4568, 0
4569, 69
4570, 67
4571, 67
4572, 66
4573, 66
4574, 82
4575, 0
4576, 79
4577, 80
4578, 77
4579, 0
4580, 74
4581, 75
4582, 75
4583, 73
4584, 0
4585, 70
4586, 69
4587, 0
4588, 66
4589, 67
4590, 81
4591, 81
4592, 0
4593, 78
4594, 78
4595, 0
4596, 75
4597, 77
4598, 74
4599, 73
4600, 74
4601, 0
4602, 69
4603, 0
4604, 67
4605, 68
4606, 74
4607, 0
4608, 73
4609, 72
4610, 71
4611, 69
4612, 0
4613, 66
4614, 74
4615, 74
4616, 74
4617, 0
4618, 69
4619, 69
4620, 69
4621, 0
4622, 75
4623, 74
4624, 0
4625, 71
4626, 70
4627, 70
4628, 0
4629, 67
4630, 74
4631, 74
4632, 74
4633, 73
4634, 73
4635, 74
4636, 72
4637, 0
4638, 70
4639, 0
4640, 70
4641, 69
4642, 0
4643, 62
4644, 61
4645, 62
4646, 78
4647, 75
4648, 76
4649, 74
4650, 73
4651, 74
4652, 0
4653, 71
4654, 0
4655, 69
4656, 68
4657, 68
4658, 68
4659, 0
4660, 67
4661, 70
4662, 79
4663, 79
4664, 0
4665, 78
4666, 78
4667, 76
4668, 75
4669, 0
4670, 73
4671, 0
4672, 0
4673, 0
4674, 70
4675, 70
4676, 71
4677, 68
4678, 69
4679, 67
4680, 67
4681, 0
4682, 66
4683, 65
4684, 0
4685, 63
4686, 76
4687, 76
4688, 76
4689, 75
4690, 0
4691, 73
4692, 73
4693, 73
4694, 72
4695, 0
4696, 70
4697, 68
4698, 67
4699, 68
4700, 0
4701, 65
4702, 65
4703, 64
4704, 64
4705, 65
4706, 65
4707, 0
4708, 60
4709, 60
4710, 69
4711, 0
4712, 65
4713, 65
4714, 65
4715, 0
4716, 64
4717, 63
4718, 71
4719, 69
4720, 69
4721, 70
4722, 69
4723, 0
4724, 66
4725, 65
4726, 66
4727, 68
4728, 64
4729, 63
4730, 64
4731, 63
4732, 62
4733, 64
4734, 0
4735, 76
4736, 0
4737, 75
4738, 74
4739, 73
4740, 73
4741, 72
4742, 72
4743, 71
4744, 0
4745, 68
4746, 69
4747, 69
4748, 68
4749, 68
4750, 69
4751, 0
4752, 65
4753, 64
4754, 63
4755, 0
4756, 62
4757, 61
4758, 60
4759, 60
4760, 62
4761, 60
4762, 57
4763, 0
4764, 58
4765, 59
4766, 71
4767, 71
4768, 70
4769, 71
4770, 69
4771, 69
4772, 68
4773, 67
4774, 68
4775, 67
4776, 68
4777, 0
4778, 66
4779, 67
4780, 65
4781, 63
4782, 62
4783, 62
4784, 62
4785, 60
4786, 61
4787, 61
4788, 60
4789, 62
4790, 67
4791, 65
4792, 66
4793, 65
4794, 0
4795, 63
4796, 0
4797, 0
4798, 63
4799, 62
4800, 62
4801, 62
4802, 0
4803, 60
4804, 59
4805, 63
4806, 65
4807, 65
4808, 66
4809, 65
4810, 66
4811, 66
4812, 64
4813, 65
4814, 65
4815, 0
4816, 62
4817, 62
4818, 0
4819, 0
4820, 0
4821, 64
4822, 70
4823, 70
4824, 0
4825, 67
4826, 66
4827, 68
4828, 0
4829, 63
4830, 61
4831, 61
4832, 61
4833, 61
4834, 61
4835, 0
4836, 59
4837, 58
4838, 58
4839, 59
4840, 58
4841, 58
4842, 58
4843, 56
4844, 56
4845, 57
4846, 57
4847, 0
4848, 54
4849, 54
4850, 55
4851, 54
4852, 55
4853, 56
4854, 63
4855, 62
4856, 61
4857, 62
4858, 62
4859, 0
4860, 59
4861, 0
4862, 0
4863, 0
4864, 64
4865, 64
4866, 65
4867, 65
4868, 65
4869, 65
4870, 63
4871, 63
4872, 64
4873, 63
4874, 63
4875, 62
4876, 62
4877, 61
4878, 60
4879, 60
4880, 0
4881, 59
4882, 58
4883, 58
4884, 59
4885, 61
4886, 0
4887, 56
4888, 59
4889, 56
4890, 56
4891, 58
4892, 58
4893, 56
4894, 55
4895, 57
4896, 55
4897, 55
4898, 56
4899, 54
4900, 54
4901, 53
4902, 53
4903, 53
4904, 54
4905, 53
4906, 54
4907, 55
4908, 53
4909, 0
4910, 66
4911, 66
4912, 67
4913, 66
4914, 0
4915, 65
4916, 66
4917, 65
4918, 63
4919, 64
4920, 65
4921, 0
4922, 65
4923, 65
4924, 0
4925, 62
4926, 61
4927, 62
4928, 62
4929, 62
4930, 0
4931, 60
4932, 60
4933, 60
4934, 59
4935, 59
4936, 58
4937, 58
4938, 59
4939, 58
4940, 0
4941, 59
4942, 0
4943, 59
4944, 57
4945, 57
4946, 57
4947, 57
4948, 57
4949, 0
4950, 55
4951, 0
4952, 59
4953, 57
4954, 0
4955, 55
4956, 54
4957, 55
4958, 54
4959, 55
4960, 55
4961, 53
4962, 53
4963, 54
4964, 54
4965, 56
4966, 55
4967, 0
4968, 52
4969, 53
4970, 0
4971, 53
4972, 55
4973, 55
4974, 53
4975, 54
4976, 56
4977, 0
4978, 52
4979, 52
4980, 52
4981, 55
4982, 0
4983, 54
4984, 54
4985, 53
4986, 53
4987, 53
4988, 0
4989, 51
4990, 51
4991, 50
4992, 49
4993, 51
4994, 49
4995, 0
4996, 56
4997, 56
4998, 52
4999, 53
5000, 56
5001, 55
5002, 54
5003, 54
5004, 53
5005, 0
5006, 50
5007, 51
5008, 50
5009, 49
5010, 49
5011, 49
5012, 50
5013, 52
5014, 50
5015, 49
5016, 49
5017, 51
5018, 50
5019, 49
5020, 51
5021, 52
5022, 50
5023, 49
5024, 51
5025, 52
5026, 50
5027, 49
5028, 51
5029, 50
5030, 50
5031, 50
5032, 49
5033, 49
5034, 49
5035, 49
5036, 50
5037, 51
5038, 58
5039, 57
5040, 57
5041, 59
5042, 57
5043, 57
5044, 58
5045, 58
5046, 56
5047, 57
5048, 58
5049, 59
5050, 58
5051, 56
5052, 56
5053, 56
5054, 56
5055, 56
5056, 56
5057, 56
5058, 56
5059, 56
5060, 57
5061, 57
5062, 0
5063, 52
5064, 52
5065, 0
5066, 54
5067, 54
5068, 54
5069, 0
5070, 0
5071, 0
5072, 54
5073, 55
5074, 0
5075, 58
5076, 56
5077, 0
5078, 55
5079, 54
5080, 54
5081, 54
5082, 0
5083, 56
5084, 0
5085, 57
5086, 56
5087, 56
5088, 57
5089, 55
5090, 55
5091, 55
5092, 55
5093, 55
5094, 55
5095, 0
5096, 57
5097, 0
5098, 56
5099, 55
5100, 54
5101, 55
5102, 55
5103, 54
5104, 54
5105, 54
5106, 54
5107, 54
5108, 56
5109, 57
5110, 56
5111, 55
5112, 56
5113, 57
5114, 54
5115, 54
5116, 56
5117, 56
5118, 54
5119, 55
5120, 56
5121, 56
5122, 56
5123, 55
5124, 55
5125, 55
5126, 55
5127, 54
5128, 54
5129, 54
5130, 53
5131, 53
5132, 54
5133, 55
5134, 53
5135, 53
5136, 54
5137, 53
5138, 53
5139, 53
5140, 53
5141, 54
5142, 53
5143, 53
5144, 54
5145, 53
5146, 53
5147, 53
5148, 53
5149, 55
5150, 55
5151, 54
5152, 54
5153, 53
5154, 53
5155, 53
5156, 55
5157, 57
5158, 55
5159, 55
5160, 56
5161, 55
5162, 55
5163, 55
5164, 55
5165, 56
5166, 55
5167, 54
5168, 54
5169, 53
5170, 54
5171, 55
5172, 55
5173, 56
5174, 56
5175, 55
5176, 55
5177, 54
5178, 54
5179, 54
5180, 55
5181, 55
5182, 54
5183, 54
5184, 58
5185, 56
5186, 55
5187, 54
5188, 54
5189, 54
5190, 54
5191, 55
5192, 56
5193, 54
5194, 54
5195, 55
5196, 53
5197, 53
5198, 54
5199, 55
5200, 55
5201, 55
5202, 54
5203, 54
5204, 54
5205, 55
5206, 55
5207, 55
5208, 55
5209, 55
5210, 57
5211, 56
5212, 56
5213, 50
5214, 50
5215, 49
5216, 48
5217, 48
5218, 48
5219, 49
5220, 0
5221, 50
5222, 50
5223, 51
5224, 50
5225, 50
5226, 51
5227, 50
5228, 0
5229, 54
5230, 53
5231, 52
5232, 53
5233, 53
5234, 53
5235, 55
5236, 55
5237, 54
5238, 54
5239, 54
5240, 55
5241, 55
5242, 54
5243, 54
5244, 55
5245, 58
5246, 70
5247, 70
5248, 69
5249, 69
5250, 70
5251, 69
5252, 71
5253, 72
5254, 77
5255, 79
5256, 81
5257, 80
5258, 79
5259, 79
5260, 79
5261, 78
5262, 110
5263, 112
5264, 0
5265, 107
5266, 109
5267, 105
5268, 104
5269, 0
5270, 0
5271, 0
5272, 74
5273, 0
5274, 0
5275, 71
5276, 70
5277, 1
5278, 0
5279, 0
5280, -1484
5281, -1485
5282, 0
5283, -1489
5284, 0
5285, 0
5286, 0
5287, 0
5288, 0
5289, 0
5290, 0
5291, 0
5292, 0
5293, 0
5294, 0
5295, 0
5296, 0
5297, 0
5298, 0
5299, 0
5300, 0
5301, 0
5302, 0
5303, 0
5304, 0
5305, 0
5306, 0
5307, 0
5308, 0
5309, 0
5310, 0
5311, 55
5312, 56
5313, 0
5314, 57
5315, 57
5316, 56
5317, 56
5318, 56
5319, 57
5320, 0
5321, 60
5322, 59
5323, 59
5324, 59
5325, 59
5326, 59
5327, 59
5328, 61
5329, 59
5330, 59
5331, 59
5332, 59
5333, 0
5334, 58
5335, 56
5336, 56
5337, 57
5338, 57
5339, 57
5340, 58
5341, 57
5342, 57
5343, 57
5344, 58
5345, 58
5346, 57
5347, 57
5348, 57
5349, 57
5350, 57
5351, 57
5352, 58
5353, 57
5354, 57
5355, 57
5356, 57
5357, 58
5358, 57
5359, 57
5360, 0
5361, 0
5362, 58
5363, 57
5364, 57
5365, 0
5366, 0
5367, 58
5368, 57
5369, 57
5370, 0
5371, 0
5372, 58
5373, 58
5374, 57
5375, 57
5376, 57
5377, 57
5378, 57
5379, 58
5380, 57
5381, 57
5382, 57
5383, 57
5384, 57
5385, 58
5386, 58
5387, 57
5388, 57
5389, 58
5390, 57
5391, 57
5392, 58
5393, 58
5394, 57
5395, 57
5396, 0
5397, 59
5398, 59
5399, 59
5400, 58
5401, 0
5402, 57
5403, 57
5404, 57
5405, 58
5406, 57
5407, 57
5408, 58
5409, 57
5410, 56
5411, 56
5412, 57
5413, 57
5414, 57
5415, 57
5416, 57
5417, 57
5418, 57
5419, 58
5420, 57
5421, 57
5422, 58
5423, 58
5424, 58
5425, 57
5426, 57
5427, 57
5428, 57
5429, 57
5430, 57
5431, 57
5432, 57
5433, 57
5434, 57
5435, 0
5436, 55
5437, 0
5438, 58
5439, 58
5440, 58
5441, 57
5442, 57
5443, 58
5444, 57
5445, 57
5446, 57
5447, 57
5448, 57
5449, 57
5450, 57
5451, 57
5452, 57
5453, 57
5454, 0
5455, 0
5456, 57
5457, 57
5458, 58
5459, 57
5460, 56
5461, 57
5462, 57
5463, 57
5464, 56
5465, 56
5466, 57
5467, 57
5468, 57
5469, 58
5470, 58
5471, 57
5472, 57
5473, 58
5474, 57
5475, 56
5476, 57
5477, 57
5478, 57
5479, 57
5480, 58
5481, 56
5482, 57
5483, 57
5484, 57
5485, 58
5486, 58
5487, 0
5488, 0
5489, 0
5490, 0
5491, 0
5492, 0
5493, 0
5494, 0
5495, 0
5496, 0
5497, 0
5498, 0
5499, 0
5500, 0
5501, 0
5502, 0
5503, 0
5504, 0
5505, 0
5506, 0
5507, 0
