0, 0
1, 0
2, 0
3, 0
4, 0
5, 0
6, 0
7, 0
8, 0
9, 0
10, 0
11, 0
12, 0
13, 0
14, 0
15, 0
16, 0
17, 0
18, 0
19, 0
20, 0
21, 0
22, 0
23, 0
24, 0
25, 0
26, 0
27, 0
28, 0
29, 0
30, 0
31, 0
32, 0
33, 0
34, 0
35, 0
36, 0
37, 0
38, 0
39, 0
40, 0
41, 0
42, 0
43, 0
44, 0
45, 0
46, 0
47, 0
48, 0
49, 0
50, 0
51, 0
52, 0
53, 0
54, 0
55, 0
56, 0
57, 0
58, 0
59, 0
60, 0
61, 0
62, 0
63, 0
64, 0
65, 0
66, 0
67, 0
68, 0
69, 0
70, 0
71, 0
72, 0
73, 0
74, 0
75, 0
76, 0
77, 0
78, 0
79, 0
80, 0
81, 0
82, 0
83, 0
84, 0
85, 0
86, 0
87, 0
88, 0
89, 0
90, 0
91, 0
92, 0
93, 0
94, 0
95, 0
96, 0
97, 0
98, 0
99, 0
100, 0
101, 0
102, 0
103, 0
104, 0
105, 0
106, 0
107, 0
108, 0
109, 0
110, 0
111, 0
112, 0
113, 0
114, 0
115, 0
116, 0
117, 0
118, 0
119, 0
120, 0
121, 0
122, 0
123, 0
124, 0
125, 0
126, 0
127, 0
128, 0
129, 0
130, 0
131, 0
132, 0
133, 0
134, 0
135, 0
136, 0
137, 0
138, 0
139, 0
140, 0
141, 0
142, 0
143, 0
144, 0
145, 0
146, 0
147, 0
148, 0
149, 0
150, 0
151, 0
152, 0
153, 0
154, 0
155, 0
156, 0
157, 0
158, 0
159, 0
160, 0
161, 0
162, 0
163, 0
164, 0
165, 0
166, 0
167, 0
168, 0
169, 0
170, 0
171, 0
172, 0
173, 0
174, 0
175, 0
176, 0
177, 0
178, 0
179, 0
180, 0
181, 0
182, 0
183, 0
184, 0
185, 0
186, 0
187, 0
188, 0
189, 0
190, 0
191, 0
192, 0
193, 0
194, 0
195, 0
196, 0
197, 0
198, 0
199, 0
200, 0
201, 0
202, 0
203, 0
204, 0
205, 0
206, 0
207, 0
208, 0
209, 0
210, 0
211, 0
212, 0
213, 0
214, 0
215, 0
216, 0
217, 0
218, 0
219, 0
220, 0
221, 0
222, 0
223, 0
224, 0
225, 0
226, 0
227, 0
228, 0
229, 0
230, 0
231, 0
232, 0
233, 0
234, 0
235, 0
236, 0
237, 0
238, 0
239, 0
240, 0
241, 0
242, 0
243, 0
244, 0
245, 0
246, 0
247, 0
248, 0
249, 0
250, 0
251, 0
252, 0
253, 0
254, 0
255, 0
256, 0
257, 0
258, 0
259, 0
260, 0
261, 0
262, 0
263, 0
264, 0
265, 0
266, 0
267, 0
268, 0
269, 0
270, 0
271, 0
272, 0
273, 0
274, 0
275, 0
276, 0
277, 0
278, 0
279, 0
280, 0
281, 0
282, 0
283, 0
284, 0
285, 0
286, 0
287, 0
288, 0
289, 0
290, 0
291, 0
292, 0
293, 0
294, 0
295, 0
296, 0
297, 0
298, 0
299, 0
300, 0
301, 0
302, 0
303, 0
304, 0
305, 0
306, 0
307, 0
308, 0
309, 0
310, 0
311, 0
312, 0
313, 0
314, 0
315, 0
316, 0
317, 0
318, 0
319, 0
320, 0
321, 0
322, 0
323, 0
324, 0
325, 0
326, 0
327, 0
328, 0
329, 0
330, 0
331, 0
332, 0
333, 0
334, 0
335, 0
336, 0
337, 0
338, 0
339, 0
340, 0
341, 0
342, 0
343, 0
344, 0
345, 0
346, 0
347, 0
348, 0
349, 0
350, 0
351, 0
352, 0
353, 0
354, 0
355, 0
356, 0
357, 0
358, 0
359, 0
360, 0
361, 0
362, 0
363, 0
364, 0
365, 0
366, 0
367, 0
368, 0
369, 0
370, 0
371, 0
372, 0
373, 0
374, 0
375, 0
376, 0
377, 0
378, 0
379, 0
380, 0
381, 0
382, 0
383, 0
384, 0
385, 0
386, 0
387, 0
388, 0
389, 0
390, 0
391, 0
392, 0
393, 0
394, 0
395, 0
396, 0
397, 0
398, 0
399, 0
400, 0
401, 0
402, 0
403, 0
404, 0
405, 0
406, 0
407, 0
408, 0
409, 0
410, 0
411, 0
412, 0
413, 0
414, 0
415, 0
416, 0
417, 0
418, 0
419, 0
420, 0
421, 0
422, 0
423, 0
424, 0
425, 0
426, 0
427, 0
428, 0
429, 0
430, 0
431, 0
432, 0
433, 0
434, 0
435, 0
436, 0
437, 0
438, 0
439, 0
440, 0
441, 0
442, 0
443, 0
444, 0
445, 0
446, 0
447, 0
448, 0
449, 0
450, 0
451, 0
452, 0
453, 0
454, 0
455, 0
456, 0
457, 0
458, 0
459, 0
460, 0
461, 0
462, 0
463, 0
464, 0
465, 0
466, 0
467, 0
468, 0
469, 0
470, 0
471, 0
472, 0
473, 0
474, 0
475, 0
476, 0
477, 0
478, 0
479, 0
480, 0
481, 0
482, 0
483, 0
484, 0
485, 0
486, 0
487, 0
488, 0
489, 0
490, 0
491, 0
492, 0
493, 0
494, 0
495, 0
496, 0
497, 0
498, 0
499, 0
500, 0
501, 0
502, 0
503, 0
504, 0
505, 0
506, 0
507, 0
508, 0
509, 0
510, 0
511, 0
512, 0
513, 0
514, 0
515, 0
516, 0
517, 0
518, 0
519, 0
520, 0
521, 0
522, 0
523, 0
524, 0
525, 0
526, 0
527, 0
528, 0
529, 0
530, 0
531, 0
532, 0
533, 0
534, 0
535, 0
536, 0
537, 0
538, 0
539, 0
540, 0
541, 0
542, 0
543, 0
544, 0
545, 0
546, 0
547, 0
548, 0
549, 0
550, 0
551, 0
552, 0
553, 0
554, 0
555, 0
556, 0
557, 0
558, 0
559, 0
560, 0
561, 0
562, 0
563, 0
564, 0
565, 0
566, 0
567, 0
568, 0
569, 0
570, 0
571, 0
572, 0
573, 0
574, 0
575, 0
576, 0
577, 0
578, 0
579, 0
580, 0
581, 0
582, 0
583, 0
584, 0
585, 0
586, 0
587, 0
588, 0
589, 0
590, 0
591, 0
592, 0
593, 0
594, 0
595, 0
596, 0
597, 0
598, 0
599, 0
600, 0
601, 0
602, 0
603, 0
604, 0
605, 0
606, 0
607, 0
608, 0
609, 0
610, 0
611, 0
612, 0
613, 0
614, 0
615, 0
616, 0
617, 0
618, 0
619, 0
620, 0
621, 0
622, 0
623, 0
624, 0
625, 0
626, 0
627, 0
628, 0
629, 0
630, 0
631, 0
632, 0
633, 0
634, 0
635, 0
636, 0
637, 0
638, 0
639, 0
640, 0
641, 0
642, 0
643, 0
644, 0
645, 0
646, 0
647, 0
648, 0
649, 0
650, 0
651, 0
652, 0
653, 0
654, 0
655, 0
656, 0
657, 0
658, 0
659, 0
660, 0
661, 0
662, 0
663, 0
664, 0
665, 0
666, 0
667, 0
668, 0
669, 0
670, 0
671, 0
672, 0
673, 0
674, 0
675, 0
676, 0
677, 0
678, 0
679, 0
680, 0
681, 0
682, 0
683, 0
684, 0
685, 0
686, 0
687, 0
688, 0
689, 0
690, 0
691, 0
692, 0
693, 0
694, 0
695, 0
696, 0
697, 0
698, 0
699, 0
700, 0
701, 0
702, 0
703, 0
704, 0
705, 0
706, 0
707, 0
708, 0
709, 0
710, 0
711, 0
712, 0
713, 0
714, 0
715, 0
716, 0
717, 0
718, 0
719, 0
720, 0
721, 0
722, 0
723, 0
724, 0
725, 0
726, 0
727, 0
728, 0
729, 0
730, 0
731, 0
732, 0
733, 0
734, 0
735, 0
736, 0
737, 0
738, 0
739, 0
740, 0
741, 0
742, 0
743, 0
744, 0
745, 0
746, 0
747, 0
748, 0
749, 0
750, 0
751, 0
752, 0
753, 0
754, 0
755, 0
756, 0
757, 0
758, 0
759, 0
760, 0
761, 0
762, 0
763, 0
764, 0
765, 0
766, 0
767, 0
768, 0
769, 0
770, 0
771, 0
772, 0
773, 0
774, 0
775, 0
776, 0
777, 0
778, 0
779, 0
780, 0
781, 0
782, 0
783, 0
784, 0
785, 0
786, 0
787, 0
788, 0
789, 0
790, 0
791, 0
792, 0
793, 0
794, 0
795, 0
796, 0
797, 0
798, 0
799, 0
800, 0
801, 0
802, 0
803, 0
804, 0
805, 0
806, 0
807, 0
808, 0
809, 0
810, 0
811, 0
812, 0
813, 0
814, 0
815, 0
816, 0
817, 0
818, 0
819, 0
820, 0
821, 0
822, 0
823, 0
824, 0
825, 0
826, 0
827, 0
828, 0
829, 0
830, 0
831, 0
832, 0
833, 0
834, 0
835, 0
836, 0
837, 0
838, 0
839, 0
840, 0
841, 0
842, 0
843, 0
844, 0
845, 0
846, 0
847, 0
848, 0
849, 0
850, 0
851, 0
852, 0
853, 0
854, 0
855, 0
856, 0
857, 0
858, 0
859, 0
860, 0
861, 0
862, 0
863, 0
864, 0
865, 0
866, 0
867, 0
868, 0
869, 0
870, 0
871, 0
872, 0
873, 0
874, 0
875, 0
876, 0
877, 0
878, 0
879, 0
880, 0
881, 0
882, 0
883, 0
884, 0
885, 0
886, 0
887, 0
888, 0
889, 0
890, 0
891, 0
892, 0
893, 0
894, 0
895, 0
896, 0
897, 0
898, 0
899, 0
900, 0
901, 0
902, 0
903, 0
904, 0
905, 0
906, 0
907, 0
908, 0
909, 0
910, 0
911, 0
912, 0
913, 0
914, 0
915, 0
916, 0
917, 0
918, 0
919, 0
920, 0
921, 0
922, 0
923, 0
924, 0
925, 0
926, 0
927, 0
928, 0
929, 0
930, 0
931, 0
932, 0
933, 0
934, 0
935, 0
936, 0
937, 0
938, 0
939, 0
940, 0
941, 0
942, 0
943, 0
944, 0
945, 0
946, 0
947, 0
948, 0
949, 0
950, 0
951, 0
952, 0
953, 0
954, 0
955, 0
956, 0
957, 0
958, 0
959, 0
960, 0
961, 0
962, 0
963, 0
964, 0
965, 0
966, 0
967, 0
968, 0
969, 0
970, 0
971, 0
972, 0
973, 0
974, 0
975, 0
976, 0
977, 0
978, 0
979, 0
980, 0
981, 0
982, 0
983, 0
984, 0
985, 0
986, 0
987, 0
988, 0
989, 0
990, 0
991, 0
992, 0
993, 0
994, 0
995, 0
996, 0
997, 0
998, 0
999, 0
1000, 0
1001, 0
1002, 0
1003, 0
1004, 0
1005, 0
1006, 0
1007, 0
1008, 0
1009, 0
1010, 0
1011, 0
1012, 0
1013, 0
1014, 0
1015, 0
1016, 0
1017, 0
1018, 0
1019, 0
1020, 0
1021, 0
1022, 0
1023, 0
1024, 0
1025, 0
1026, 0
1027, 0
1028, 0
1029, 0
1030, 0
1031, 0
1032, 0
1033, 0
1034, 0
1035, 0
1036, 0
1037, 0
1038, 0
1039, 0
1040, 0
1041, 0
1042, 0
1043, 0
1044, 0
1045, 0
1046, 0
1047, 0
1048, 0
1049, 0
1050, 0
1051, 0
1052, 0
1053, 0
1054, 0
1055, 0
1056, 0
1057, 0
1058, 0
1059, 0
1060, 0
1061, 0
1062, 0
1063, 0
1064, 0
1065, 0
1066, 0
1067, 0
1068, 0
1069, 0
1070, 0
1071, 0
1072, 0
1073, 0
1074, 0
1075, 0
1076, 0
1077, 0
1078, 0
1079, 0
1080, 0
1081, 0
1082, 0
1083, 0
1084, 0
1085, 0
1086, 0
1087, 0
1088, 0
1089, 0
1090, 0
1091, 0
1092, 0
1093, 0
1094, 0
1095, 0
1096, 0
1097, 0
1098, 0
1099, 0
1100, 0
1101, 0
1102, 0
1103, 0
1104, 0
1105, 0
1106, 0
1107, 0
1108, 0
1109, 0
1110, 0
1111, 0
1112, 0
1113, 0
1114, 0
1115, 0
1116, 0
1117, 0
1118, 0
1119, 0
1120, 0
1121, 0
1122, 0
1123, -1566
1124, -1568
1125, 0
1126, 0
1127, 0
1128, 0
1129, 0
1130, 0
1131, 0
1132, 0
1133, 0
1134, 0
1135, 0
1136, 0
1137, 0
1138, 0
1139, 0
1140, 0
1141, 0
1142, 0
1143, 0
1144, 0
1145, 0
1146, -1432
1147, 0
1148, 0
1149, 0
1150, 0
1151, 0
1152, 0
1153, 0
1154, 0
1155, 0
1156, 0
1157, 0
1158, 0
1159, -1376
1160, 0
1161, 0
1162, 0
1163, 0
1164, 0
1165, 0
1166, 0
1167, 0
1168, 0
1169, 0
1170, 0
1171, 0
1172, 0
1173, 0
1174, 0
1175, 0
1176, 0
1177, 0
1178, 0
1179, 0
1180, 0
1181, 0
1182, 0
1183, 0
1184, 0
1185, 0
1186, 0
1187, 0
1188, 0
1189, -1274
1190, 0
1191, 0
1192, 0
1193, 0
1194, 0
1195, 0
1196, 0
1197, 0
1198, 0
1199, 0
1200, 0
1201, -1233
1202, 0
1203, 0
1204, 0
1205, 0
1206, -1210
1207, 0
1208, 0
1209, 0
1210, 0
1211, 0
1212, 0
1213, -1194
1214, 0
1215, 0
1216, 0
1217, 0
1218, 0
1219, 0
1220, 0
1221, 0
1222, 0
1223, 0
1224, 0
1225, -1163
1226, 0
1227, 0
1228, 0
1229, 0
1230, 0
1231, 0
1232, 0
1233, 0
1234, 0
1235, 0
1236, 0
1237, -1142
1238, 0
1239, 0
1240, 0
1241, -1141
1242, 0
1243, 0
1244, 0
1245, 0
1246, 0
1247, 0
1248, 0
1249, 0
1250, -1125
1251, 0
1252, -1124
1253, 0
1254, -1123
1255, 0
1256, 0
1257, -1120
1258, 0
1259, -1117
1260, 0
1261, 0
1262, 0
1263, 0
1264, 0
1265, 0
1266, 0
1267, -1100
1268, 0
1269, -1100
1270, 0
1271, 0
1272, 0
1273, 0
1274, -1093
1275, 0
1276, 0
1277, 0
1278, 0
1279, 0
1280, 0
1281, 0
1282, -1083
1283, 0
1284, -1081
1285, 0
1286, 0
1287, 0
1288, 0
1289, 0
1290, 0
1291, -1067
1292, -1068
1293, 0
1294, 0
1295, 0
1296, -1055
1297, 0
1298, 0
1299, 0
1300, 0
1301, 0
1302, 0
1303, 0
1304, 0
1305, 0
1306, 0
1307, 0
1308, 0
1309, 0
1310, 0
1311, 0
1312, 0
1313, 0
1314, -1018
1315, -1020
1316, 0
1317, 0
1318, 0
1319, -1016
1320, 0
1321, 0
1322, -1015
1323, 0
1324, 0
1325, 0
1326, -1010
1327, -1011
1328, 0
1329, 0
1330, 0
1331, 0
1332, 0
1333, -1010
1334, 0
1335, 0
1336, 0
1337, 0
1338, 0
1339, 0
1340, 0
1341, -996
1342, 0
1343, 0
1344, 0
1345, -992
1346, -992
1347, 0
1348, 0
1349, 0
1350, -987
1351, -987
1352, 0
1353, -987
1354, 0
1355, 0
1356, -984
1357, -983
1358, 0
1359, 0
1360, -980
1361, 0
1362, 0
1363, 0
1364, 0
1365, 0
1366, 0
1367, -971
1368, 0
1369, 0
1370, -971
1371, 0
1372, -969
1373, 0
1374, 0
1375, -966
1376, 0
1377, -965
1378, 0
1379, -962
1380, 0
1381, 0
1382, 0
1383, 0
1384, 0
1385, 0
1386, -952
1387, 0
1388, 0
1389, 0
1390, -951
1391, 0
1392, 0
1393, -947
1394, 0
1395, 0
1396, 0
1397, -942
1398, -940
1399, 0
1400, 0
1401, 0
1402, 0
1403, 0
1404, 0
1405, 0
1406, 0
1407, -933
1408, 0
1409, 0
1410, -931
1411, -932
1412, 0
1413, 0
1414, 0
1415, 0
1416, -921
1417, -922
1418, 0
1419, -920
1420, 0
1421, -916
1422, -914
1423, -915
1424, 0
1425, 0
1426, 0
1427, 0
1428, 0
1429, -911
1430, 0
1431, 0
1432, 0
1433, 0
1434, -906
1435, 0
1436, 0
1437, -905
1438, 0
1439, 0
1440, -903
1441, 0
1442, 0
1443, 0
1444, -898
1445, 0
1446, 0
1447, 0
1448, 0
1449, -894
1450, 0
1451, 0
1452, -889
1453, -891
1454, 0
1455, 0
1456, -890
1457, 0
1458, 0
1459, -884
1460, -885
1461, 0
1462, 0
1463, -885
1464, -883
1465, 0
1466, 0
1467, 0
1468, 0
1469, -877
1470, 0
1471, 0
1472, -876
1473, -876
1474, 0
1475, 0
1476, -873
1477, -873
1478, 0
1479, 0
1480, -867
1481, 0
1482, 0
1483, 0
1484, 0
1485, 0
1486, -870
1487, -874
1488, 0
1489, -869
1490, -870
1491, 0
1492, -869
1493, 0
1494, -860
1495, -858
1496, 0
1497, 0
1498, 0
1499, -855
1500, 0
1501, 0
1502, -855
1503, 0
1504, 0
1505, 0
1506, -851
1507, -851
1508, 0
1509, 0
1510, -847
1511, 0
1512, 0
1513, -843
1514, 0
1515, -843
1516, 0
1517, -841
1518, -840
1519, 0
1520, 0
1521, -840
1522, -841
1523, 0
1524, 0
1525, -839
1526, -839
1527, 0
1528, 0
1529, 0
1530, -834
1531, -835
1532, 0
1533, 0
1534, -832
1535, -831
1536, 0
1537, -826
1538, 0
1539, 0
1540, 0
1541, -830
1542, -830
1543, -830
1544, 0
1545, -830
1546, 0
1547, 0
1548, -827
1549, -827
1550, -829
1551, 0
1552, 0
1553, 0
1554, 0
1555, -826
1556, 0
1557, 0
1558, -825
1559, 0
1560, -823
1561, -823
1562, 0
1563, 0
1564, 0
1565, -817
1566, -816
1567, 0
1568, -815
1569, -815
1570, 0
1571, 0
1572, -811
1573, -811
1574, 0
1575, 0
1576, -810
1577, 0
1578, -809
1579, -809
1580, 0
1581, -807
1582, 0
1583, 0
1584, -801
1585, -801
1586, 0
1587, -800
1588, 0
1589, 0
1590, -796
1591, 0
1592, -794
1593, -794
1594, 0
1595, -791
1596, -790
1597, 0
1598, -790
1599, 0
1600, -796
1601, 0
1602, -794
1603, 0
1604, 0
1605, -792
1606, -792
1607, 0
1608, -788
1609, -786
1610, 0
1611, 0
1612, -782
1613, -781
1614, 0
1615, -779
1616, 0
1617, -785
1618, -787
1619, 0
1620, -784
1621, -783
1622, 0
1623, -781
1624, 0
1625, -780
1626, 0
1627, -779
1628, -779
1629, -780
1630, 0
1631, -778
1632, -777
1633, 0
1634, 0
1635, -777
1636, -777
1637, 0
1638, 0
1639, -775
1640, -775
1641, -775
1642, 0
1643, 0
1644, -774
1645, -773
1646, -774
1647, 0
1648, -772
1649, -772
1650, -771
1651, -773
1652, 0
1653, -772
1654, 0
1655, 0
1656, -768
1657, -767
1658, -769
1659, 0
1660, -768
1661, 0
1662, -766
1663, -766
1664, 0
1665, 0
1666, -766
1667, -766
1668, -765
1669, -766
1670, 0
1671, -763
1672, -764
1673, -766
1674, 0
1675, -760
1676, -760
1677, -761
1678, 0
1679, -758
1680, -758
1681, -759
1682, 0
1683, 0
1684, -756
1685, 0
1686, -756
1687, -756
1688, 0
1689, -755
1690, 0
1691, -756
1692, 0
1693, -752
1694, 0
1695, -750
1696, -751
1697, 0
1698, -749
1699, 0
1700, -748
1701, -749
1702, -748
1703, 0
1704, -744
1705, -744
1706, 0
1707, -745
1708, 0
1709, -742
1710, 0
1711, -740
1712, -741
1713, -742
1714, 0
1715, -740
1716, 0
1717, -737
1718, -738
1719, 0
1720, 0
1721, -737
1722, -736
1723, -737
1724, 0
1725, 0
1726, -735
1727, -737
1728, -735
1729, 0
1730, -733
1731, -733
1732, 0
1733, -735
1734, 0
1735, 0
1736, -732
1737, -732
1738, -731
1739, 0
1740, -730
1741, -728
1742, -730
1743, -730
1744, -730
1745, 0
1746, -729
1747, -728
1748, 0
1749, -726
1750, 0
1751, -725
1752, -723
1753, -725
1754, -726
1755, -725
1756, 0
1757, 0
1758, -720
1759, -722
1760, -722
1761, -723
1762, 0
1763, -722
1764, -721
1765, 0
1766, -720
1767, -718
1768, 0
1769, -719
1770, -718
1771, -718
1772, -717
1773, -717
1774, 0
1775, 0
1776, 0
1777, -714
1778, -714
1779, 0
1780, -713
1781, -713
1782, 0
1783, -713
1784, -712
1785, 0
1786, -712
1787, -710
1788, 0
1789, -710
1790, 0
1791, -710
1792, -710
1793, 0
1794, -707
1795, 0
1796, -706
1797, -706
1798, -708
1799, 0
1800, -702
1801, -704
1802, -705
1803, -703
1804, -703
1805, 0
1806, 0
1807, -700
1808, -700
1809, 0
1810, -697
1811, -699
1812, -698
1813, -698
1814, -699
1815, 0
1816, 0
1817, -695
1818, 0
1819, -694
1820, 0
1821, -692
1822, -692
1823, -693
1824, -694
1825, 0
1826, -692
1827, 0
1828, -690
1829, -690
1830, -689
1831, 0
1832, 0
1833, -689
1834, -691
1835, -690
1836, 0
1837, -687
1838, 0
1839, -686
1840, -687
1841, -685
1842, -685
1843, 0
1844, 0
1845, -685
1846, -685
1847, -684
1848, -683
1849, 0
1850, -684
1851, 0
1852, -682
1853, -681
1854, -682
1855, 0
1856, -682
1857, -680
1858, 0
1859, 0
1860, -679
1861, -679
1862, -680
1863, -679
1864, 0
1865, 0
1866, -676
1867, -676
1868, -678
1869, -677
1870, 0
1871, -677
1872, -676
1873, 0
1874, -676
1875, 0
1876, -673
1877, -674
1878, -674
1879, 0
1880, -674
1881, -673
1882, 0
1883, -672
1884, -672
1885, 0
1886, -671
1887, -672
1888, 0
1889, -670
1890, -669
1891, -669
1892, 0
1893, -670
1894, -671
1895, 0
1896, -669
1897, -670
1898, -671
1899, -671
1900, -671
1901, 0
1902, -668
1903, -669
1904, 0
1905, 0
1906, -666
1907, 0
1908, -662
1909, -662
1910, 0
1911, -661
1912, -661
1913, -661
1914, -660
1915, -661
1916, -663
1917, 0
1918, -660
1919, -661
1920, -661
1921, -662
1922, -663
1923, -663
1924, 0
1925, -660
1926, -660
1927, -660
1928, -660
1929, -661
1930, 0
1931, -658
1932, -657
1933, -657
1934, -658
1935, -658
1936, -657
1937, 0
1938, -655
1939, -655
1940, -656
1941, -656
1942, -656
1943, -656
1944, 0
1945, 0
1946, -654
1947, -654
1948, -655
1949, -655
1950, -654
1951, -656
1952, 0
1953, -652
1954, -652
1955, -653
1956, -651
1957, -650
1958, -650
1959, 0
1960, -651
1961, -650
1962, -650
1963, -650
1964, -650
1965, 0
1966, -648
1967, 0
1968, -646
1969, -647
1970, -648
1971, -648
1972, -649
1973, 0
1974, 0
1975, -644
1976, -646
1977, -646
1978, -643
1979, -645
1980, -646
1981, 0
1982, 0
1983, -643
1984, -643
1985, 0
1986, -640
1987, -641
1988, 0
1989, -641
1990, -641
1991, -641
1992, -639
1993, -640
1994, -638
1995, 0
1996, -640
1997, -639
1998, -638
1999, -639
2000, -640
2001, -640
2002, -639
2003, -639
2004, -639
2005, -638
2006, 0
2007, -635
2008, -635
2009, -635
2010, -635
2011, -635
2012, -635
2013, 0
2014, -634
2015, 0
2016, -632
2017, -631
2018, 0
2019, -631
2020, 0
2021, -629
2022, 0
2023, 0
2024, -630
2025, -629
2026, 0
2027, -628
2028, -627
2029, -629
2030, -629
2031, 0
2032, 0
2033, -626
2034, -626
2035, -626
2036, -627
2037, 0
2038, -625
2039, -626
2040, -625
2041, -624
2042, 0
2043, -624
2044, -625
2045, 0
2046, -622
2047, -623
2048, -624
2049, 0
2050, -621
2051, -623
2052, -623
2053, 0
2054, -621
2055, -623
2056, -622
2057, 0
2058, -620
2059, -620
2060, -620
2061, -620
2062, -621
2063, -622
2064, -620
2065, -621
2066, -620
2067, 0
2068, -621
2069, -619
2070, 0
2071, 0
2072, -617
2073, -617
2074, -617
2075, -616
2076, -615
2077, -616
2078, 0
2079, -613
2080, -612
2081, -612
2082, -612
2083, -613
2084, -613
2085, 0
2086, 0
2087, -610
2088, -610
2089, -612
2090, -611
2091, -611
2092, -613
2093, -613
2094, 0
2095, -611
2096, -611
2097, -612
2098, -610
2099, -610
2100, -609
2101, -610
2102, -610
2103, 0
2104, -608
2105, 0
2106, -606
2107, -607
2108, -608
2109, -609
2110, -608
2111, -608
2112, -607
2113, -607
2114, -607
2115, 0
2116, -608
2117, 0
2118, -605
2119, -607
2120, -607
2121, -606
2122, 0
2123, -604
2124, -603
2125, 0
2126, -603
2127, -604
2128, -604
2129, -605
2130, -604
2131, -605
2132, -606
2133, -605
2134, 0
2135, -604
2136, -604
2137, -604
2138, -604
2139, 0
2140, -604
2141, -602
2142, 0
2143, 0
2144, -597
2145, -598
2146, -599
2147, -600
2148, -599
2149, -600
2150, -600
2151, -599
2152, -600
2153, 0
2154, -600
2155, -601
2156, 0
2157, -597
2158, -597
2159, 0
2160, -594
2161, -595
2162, -596
2163, -594
2164, -596
2165, 0
2166, -594
2167, -593
2168, -592
2169, 0
2170, -593
2171, -593
2172, -594
2173, 0
2174, -594
2175, 0
2176, -594
2177, -591
2178, -590
2179, -591
2180, 0
2181, -591
2182, -591
2183, -591
2184, 0
2185, -589
2186, -590
2187, 0
2188, -588
2189, -588
2190, -587
2191, -589
2192, -589
2193, -591
2194, -592
2195, -592
2196, 0
2197, -587
2198, -588
2199, 0
2200, -586
2201, -587
2202, -587
2203, -585
2204, -585
2205, -584
2206, -586
2207, -587
2208, 0
2209, -585
2210, -585
2211, -585
2212, -584
2213, -583
2214, -583
2215, -584
2216, -584
2217, 0
2218, -584
2219, -583
2220, -583
2221, -583
2222, 0
2223, -581
2224, -583
2225, -583
2226, -583
2227, -582
2228, -583
2229, -585
2230, -585
2231, -585
2232, 0
2233, -581
2234, -581
2235, -581
2236, -580
2237, -581
2238, -579
2239, -581
2240, -581
2241, 0
2242, -580
2243, -579
2244, -578
2245, -580
2246, 0
2247, -579
2248, -579
2249, -580
2250, -580
2251, -579
2252, -579
2253, -578
2254, -578
2255, 0
2256, -578
2257, -578
2258, -579
2259, -578
2260, -578
2261, -576
2262, -575
2263, -574
2264, -575
2265, -576
2266, -576
2267, -575
2268, -575
2269, -575
2270, -575
2271, -576
2272, 0
2273, -574
2274, -573
2275, -573
2276, -573
2277, -574
2278, -574
2279, 0
2280, 0
2281, -570
2282, -570
2283, -571
2284, -571
2285, -572
2286, -571
2287, -572
2288, -572
2289, 0
2290, -570
2291, -569
2292, -569
2293, -569
2294, -570
2295, -570
2296, -570
2297, -570
2298, -569
2299, -570
2300, 0
2301, -569
2302, -569
2303, -570
2304, -569
2305, -569
2306, -570
2307, -568
2308, -568
2309, -568
2310, -568
2311, -567
2312, -566
2313, -566
2314, 0
2315, -566
2316, -564
2317, -565
2318, -565
2319, -565
2320, -564
2321, 0
2322, -561
2323, 0
2324, 0
2325, -562
2326, -563
2327, -564
2328, -564
2329, -564
2330, 0
2331, -562
2332, -562
2333, -562
2334, -561
2335, -561
2336, -562
2337, -563
2338, 0
2339, -560
2340, -558
2341, -559
2342, -559
2343, -560
2344, -561
2345, -560
2346, -560
2347, -559
2348, -559
2349, -559
2350, -561
2351, -561
2352, -559
2353, -561
2354, -561
2355, -559
2356, -558
2357, -557
2358, -557
2359, -556
2360, -556
2361, -557
2362, -556
2363, -557
2364, -557
2365, -557
2366, -556
2367, -556
2368, -556
2369, -555
2370, -555
2371, -554
2372, -554
2373, -553
2374, -553
2375, -553
2376, -552
2377, -552
2378, -553
2379, -553
2380, -553
2381, -554
2382, -553
2383, -552
2384, -554
2385, -554
2386, 0
2387, -551
2388, -550
2389, -551
2390, -551
2391, -551
2392, -551
2393, -551
2394, -551
2395, -552
2396, -552
2397, -553
2398, 0
2399, -551
2400, -551
2401, -551
2402, 0
2403, -550
2404, -549
2405, -549
2406, -547
2407, -548
2408, -549
2409, -549
2410, -549
2411, -549
2412, -548
2413, -546
2414, -546
2415, -545
2416, -546
2417, -547
2418, 0
2419, 0
2420, -545
2421, -544
2422, -544
2423, -545
2424, -547
2425, -546
2426, -545
2427, -545
2428, -545
2429, -545
2430, -544
2431, -545
2432, -545
2433, 0
2434, -544
2435, 0
2436, -541
2437, -542
2438, -542
2439, -542
2440, 0
2441, 0
2442, -541
2443, -541
2444, -542
2445, -540
2446, -542
2447, -543
2448, -541
2449, -540
2450, -542
2451, -543
2452, -543
2453, 0
2454, -541
2455, -542
2456, 0
2457, -541
2458, -541
2459, -541
2460, -539
2461, -539
2462, -539
2463, -540
2464, -541
2465, -541
2466, -540
2467, -541
2468, -542
2469, -542
2470, 0
2471, -540
2472, -538
2473, -538
2474, -537
2475, -538
2476, -537
2477, -536
2478, -534
2479, -535
2480, -537
2481, -538
2482, -539
2483, -539
2484, -538
2485, -537
2486, -538
2487, -538
2488, -537
2489, -537
2490, -536
2491, -536
2492, -537
2493, -537
2494, 0
2495, 0
2496, -534
2497, -534
2498, -534
2499, -534
2500, -535
2501, -534
2502, -534
2503, -533
2504, -533
2505, -532
2506, -532
2507, -532
2508, -530
2509, -532
2510, -533
2511, -532
2512, -531
2513, -533
2514, -534
2515, -532
2516, -533
2517, 0
2518, -533
2519, -533
2520, 0
2521, -530
2522, -530
2523, -532
2524, -532
2525, -532
2526, -531
2527, -532
2528, -532
2529, -532
2530, -532
2531, -532
2532, -531
2533, -532
2534, -532
2535, 0
2536, -530
2537, -530
2538, 0
2539, 0
2540, -531
2541, -529
2542, -529
2543, -529
2544, -528
2545, -528
2546, 0
2547, -529
2548, -529
2549, -526
2550, -524
2551, -524
2552, -527
2553, -528
2554, -529
2555, -528
2556, -528
2557, 0
2558, -526
2559, -526
2560, 0
2561, -525
2562, 0
2563, -522
2564, -523
2565, -525
2566, -525
2567, -524
2568, -523
2569, -525
2570, -527
2571, -526
2572, -527
2573, 0
2574, -530
2575, -531
2576, -532
2577, -532
2578, -532
2579, -534
2580, -533
2581, -532
2582, 0
2583, 0
2584, 0
2585, 0
2586, 0
2587, 0
2588, 0
2589, -525
2590, -525
2591, -525
2592, -524
2593, -524
2594, -523
2595, -525
2596, 0
2597, -523
2598, -523
2599, -522
2600, -523
2601, -523
2602, -523
2603, -522
2604, -520
2605, -522
2606, -522
2607, -522
2608, -522
2609, 0
2610, -520
2611, 0
2612, -522
2613, -523
2614, -523
2615, 0
2616, -521
2617, -521
2618, -521
2619, -520
2620, -519
2621, -520
2622, -520
2623, -519
2624, -519
2625, -518
2626, -519
2627, -519
2628, -518
2629, -519
2630, -519
2631, -518
2632, -519
2633, -519
2634, -519
2635, -518
2636, -519
2637, 0
2638, -518
2639, -517
2640, -516
2641, -517
2642, -518
2643, -518
2644, -516
2645, -516
2646, -515
2647, -514
2648, -515
2649, -515
2650, -515
2651, -515
2652, -515
2653, -515
2654, -514
2655, -513
2656, 0
2657, -517
2658, -518
2659, -518
2660, -517
2661, -516
2662, -515
2663, -514
2664, -514
2665, -514
2666, -515
2667, -515
2668, -514
2669, -514
2670, -513
2671, -513
2672, -514
2673, -514
2674, -514
2675, -514
2676, -513
2677, -512
2678, -512
2679, -512
2680, -513
2681, -513
2682, -512
2683, -511
2684, -512
2685, -513
2686, -513
2687, -513
2688, -513
2689, -513
2690, -513
2691, -513
2692, -512
2693, -511
2694, 0
2695, -509
2696, -510
2697, -510
2698, -510
2699, -510
2700, -510
2701, -510
2702, -510
2703, -510
2704, -508
2705, -509
2706, -509
2707, -508
2708, -509
2709, -509
2710, -509
2711, -509
2712, -508
2713, -507
2714, -508
2715, -509
2716, -508
2717, -507
2718, -506
2719, -507
2720, -508
2721, -508
2722, -508
2723, -508
2724, -508
2725, -507
2726, -506
2727, -505
2728, 0
2729, -504
2730, -504
2731, -504
2732, -504
2733, -504
2734, -504
2735, -503
2736, -503
2737, -505
2738, -507
2739, -506
2740, -507
2741, -507
2742, -507
2743, -506
2744, -506
2745, -506
2746, -505
2747, -505
2748, -505
2749, -506
2750, -506
2751, -505
2752, -504
2753, -504
2754, -504
2755, -505
2756, -505
2757, -505
2758, -503
2759, -502
2760, -501
2761, -502
2762, -502
2763, -502
2764, -503
2765, -504
2766, -503
2767, -501
2768, -502
2769, -502
2770, -504
2771, -504
2772, -503
2773, -501
2774, -502
2775, -503
2776, -503
2777, -502
2778, -502
2779, -502
2780, -501
2781, -500
2782, -500
2783, -500
2784, -499
2785, -501
2786, -501
2787, -500
2788, -499
2789, -499
2790, -498
2791, -498
2792, -498
2793, -498
2794, -500
2795, -500
2796, -499
2797, -501
2798, -502
2799, -501
2800, -501
2801, -499
2802, -498
2803, -498
2804, -499
2805, -498
2806, -498
2807, -499
2808, -498
2809, -497
2810, -497
2811, -497
2812, -497
2813, 0
2814, -495
2815, -498
2816, -499
2817, -497
2818, -498
2819, -498
2820, -497
2821, -497
2822, -497
2823, -497
2824, -496
2825, -495
2826, -495
2827, -494
2828, -495
2829, -495
2830, -495
2831, -495
2832, 0
2833, -492
2834, 0
2835, -496
2836, -497
2837, -497
2838, -497
2839, -497
2840, -497
2841, -496
2842, -495
2843, -495
2844, -495
2845, -495
2846, -494
2847, -494
2848, -494
2849, -494
2850, 0
2851, -490
2852, -491
2853, -491
2854, -491
2855, -490
2856, -489
2857, 0
2858, -492
2859, -492
2860, -491
2861, -490
2862, -491
2863, -491
2864, -491
2865, -490
2866, -489
2867, -489
2868, -489
2869, -490
2870, -491
2871, -491
2872, -490
2873, -490
2874, -490
2875, -491
2876, -491
2877, -491
2878, -491
2879, -491
2880, -489
2881, -487
2882, -488
2883, -489
2884, -489
2885, -489
2886, -488
2887, -488
2888, -490
2889, -488
2890, -487
2891, -486
2892, -486
2893, -486
2894, -485
2895, -484
2896, -486
2897, -487
2898, -487
2899, -486
2900, -486
2901, -485
2902, -484
2903, -484
2904, 0
2905, -486
2906, -486
2907, 0
2908, -488
2909, -488
2910, -488
2911, -489
2912, -489
2913, -488
2914, -488
2915, -488
2916, -488
2917, -488
2918, 0
2919, -487
2920, -486
2921, -485
2922, 0
2923, 0
2924, -485
2925, 0
2926, -486
2927, -487
2928, -487
2929, -487
2930, -487
2931, -486
2932, -485
2933, -485
2934, -485
2935, -485
2936, -485
2937, -485
2938, -485
2939, -485
2940, -485
2941, -485
2942, -485
2943, -486
2944, -486
2945, -486
2946, -485
2947, -484
2948, -485
2949, -486
2950, -487
2951, -487
2952, -486
2953, -484
2954, -484
2955, -485
2956, -485
2957, -485
2958, -484
2959, -484
2960, -484
2961, -484
2962, -483
2963, -482
2964, -483
2965, -484
2966, -484
2967, -484
2968, -484
2969, -484
2970, -484
2971, -483
2972, -482
2973, 0
2974, -484
2975, -484
2976, -484
2977, -483
2978, -483
2979, -484
2980, -485
2981, -485
2982, -483
2983, -483
2984, -484
2985, -483
2986, -482
2987, -482
2988, -481
2989, -481
2990, -481
2991, -480
2992, -482
2993, -482
2994, -481
2995, -481
2996, -481
2997, 0
2998, -482
2999, -482
3000, -481
3001, -481
3002, -481
3003, -481
3004, -481
3005, -480
3006, -479
3007, -478
3008, -478
3009, -478
3010, 0
3011, 0
3012, -477
3013, -477
3014, -477
3015, -477
3016, -477
3017, -476
3018, 0
3019, -476
3020, -476
3021, -475
3022, -475
3023, -474
3024, -474
3025, -474
3026, -474
3027, -472
3028, -472
3029, -472
3030, -472
3031, -472
3032, -473
3033, -474
3034, -473
3035, -473
3036, -473
3037, -472
3038, -472
3039, -472
3040, -471
3041, -471
3042, -471
3043, -472
3044, -474
3045, -473
3046, -472
3047, -472
3048, 0
3049, -473
3050, -473
3051, -472
3052, -471
3053, -471
3054, -470
3055, -470
3056, -472
3057, -472
3058, -472
3059, -472
3060, -472
3061, -470
3062, -470
3063, -470
3064, -470
3065, -471
3066, -469
3067, -467
3068, -468
3069, -468
3070, -468
3071, -468
3072, -468
3073, -469
3074, -469
3075, -470
3076, -469
3077, -468
3078, -468
3079, 0
3080, -470
3081, 0
3082, -472
3083, 0
3084, -471
3085, 0
3086, 0
3087, -473
3088, -473
3089, -474
3090, -474
3091, -473
3092, -473
3093, -472
3094, -474
3095, -474
3096, -474
3097, -474
3098, -473
3099, -473
3100, 0
3101, 0
3102, -468
3103, 0
3104, -470
3105, -469
3106, -471
3107, -471
3108, -471
3109, 0
3110, -473
3111, -472
3112, -470
3113, -468
3114, -466
3115, -467
3116, -468
3117, -468
3118, 0
3119, -470
3120, -470
3121, -470
3122, -470
3123, -469
3124, -468
3125, -467
3126, -466
3127, -466
3128, -466
3129, 0
3130, -467
3131, -467
3132, -467
3133, -466
3134, -466
3135, -467
3136, -468
3137, -466
3138, -466
3139, -466
3140, -467
3141, -466
3142, -467
3143, -466
3144, 0
3145, 0
3146, -467
3147, -466
3148, -466
3149, -466
3150, -466
3151, -466
3152, -467
3153, -466
3154, -466
3155, -465
3156, -464
3157, -463
3158, -462
3159, -462
3160, -462
3161, -462
3162, -461
3163, 0
3164, 0
3165, 0
3166, -464
3167, -465
3168, -465
3169, -464
3170, 0
3171, -466
3172, -465
3173, -465
3174, -466
3175, -466
3176, -466
3177, -464
3178, -463
3179, 0
3180, -465
3181, -465
3182, -464
3183, 0
3184, -465
3185, -464
3186, -463
3187, -463
3188, -463
3189, -463
3190, -462
3191, -460
3192, -460
3193, -461
3194, -462
3195, -462
3196, -461
3197, -461
3198, -461
3199, -461
3200, 0
3201, -465
3202, 0
3203, 0
3204, 0
3205, 0
3206, 0
3207, 0
3208, 0
3209, 0
3210, 0
3211, 0
3212, 0
3213, 0
3214, -489
3215, -488
3216, 0
3217, 0
3218, 0
3219, 0
3220, 0
3221, 0
3222, 0
3223, 0
3224, 0
3225, 0
3226, 0
3227, 0
3228, 0
3229, 0
3230, 0
3231, 0
3232, 0
3233, 0
3234, 0
3235, 0
3236, 0
3237, 0
3238, 0
3239, 0
3240, 0
3241, 0
3242, 0
3243, 0
3244, 0
3245, 0
3246, 0
3247, 0
3248, 0
3249, 0
3250, 0
3251, 0
3252, 0
3253, 0
3254, 0
3255, 0
3256, 0
3257, 0
3258, 0
3259, 0
3260, 0
3261, 0
3262, 0
3263, 0
3264, 0
3265, 0
3266, 0
3267, 0
3268, 0
3269, 0
3270, 0
3271, 0
3272, 0
3273, 0
3274, 0
3275, 0
3276, 0
3277, 0
3278, 0
3279, 0
3280, 0
3281, 0
3282, 0
3283, 0
3284, 0
3285, 0
3286, 0
3287, 0
3288, 0
3289, 0
3290, -459
3291, 0
3292, -462
3293, -461
3294, -460
3295, -460
3296, -461
3297, -461
3298, -462
3299, -461
3300, -461
3301, -460
3302, -460
3303, 0
3304, -463
3305, 0
3306, -457
3307, 0
3308, -460
3309, -460
3310, -461
3311, -461
3312, -459
3313, -459
3314, -460
3315, -459
3316, -459
3317, -460
3318, -459
3319, -458
3320, -460
3321, -459
3322, -460
3323, -459
3324, -459
3325, 0
3326, -462
3327, -461
3328, -459
3329, -459
3330, -458
3331, -459
3332, 0
3333, -459
3334, -459
3335, -459
3336, -458
3337, -458
3338, -458
3339, -458
3340, -458
3341, -458
3342, 0
3343, -459
3344, 0
3345, -460
3346, -459
3347, -459
3348, -458
3349, -459
3350, -459
3351, -459
3352, -459
3353, -459
3354, -457
3355, 0
3356, 0
3357, -462
3358, -461
3359, -458
3360, -458
3361, -459
3362, -459
3363, 0
3364, -461
3365, -460
3366, -459
3367, 0
3368, -461
3369, -461
3370, -460
3371, -459
3372, -459
3373, -459
3374, -459
3375, -460
3376, -459
3377, -460
3378, -457
3379, 0
3380, -458
3381, -458
3382, -457
3383, -457
3384, -459
3385, -457
3386, -458
3387, -457
3388, -456
3389, -456
3390, -456
3391, -456
3392, -456
3393, -455
3394, 0
3395, -456
3396, -456
3397, -455
3398, -456
3399, -458
3400, -458
3401, -456
3402, -453
3403, -455
3404, -454
3405, 0
3406, 0
3407, -455
3408, -455
3409, -455
3410, -456
3411, -455
3412, -454
3413, -454
3414, -453
3415, -452
3416, -452
3417, -452
3418, 0
3419, -455
3420, -453
3421, -452
3422, -454
3423, -454
3424, -454
3425, -452
3426, -451
3427, -450
3428, 0
3429, 0
3430, -452
3431, -453
3432, -453
3433, -453
3434, -453
3435, -453
3436, -454
3437, -453
3438, -451
3439, 0
3440, -452
3441, 0
3442, -451
3443, -452
3444, -453
3445, -451
3446, -451
3447, -453
3448, -453
3449, -451
3450, 0
3451, -449
3452, 0
3453, -452
3454, -452
3455, -451
3456, -451
3457, -451
3458, 0
3459, -451
3460, -451
3461, 0
3462, -450
3463, -448
3464, -448
3465, -449
3466, -450
3467, -450
3468, -449
3469, 0
3470, 0
3471, -451
3472, -453
3473, -451
3474, -450
3475, -449
3476, -449
3477, 0
3478, 0
3479, -451
3480, -451
3481, -450
3482, -451
3483, 0
3484, -452
3485, -450
3486, -450
3487, -449
3488, 0
3489, -451
3490, -453
3491, -451
3492, -450
3493, -452
3494, -453
3495, 0
3496, 0
3497, -452
3498, -452
3499, -451
3500, -451
3501, -452
3502, -451
3503, -450
3504, -450
3505, 0
3506, 0
3507, -452
3508, -453
3509, -453
3510, -452
3511, 0
3512, 0
3513, -454
3514, -453
3515, -454
3516, -453
3517, -453
3518, -452
3519, 0
3520, 0
3521, -456
3522, -453
3523, -451
3524, -451
3525, 0
3526, 0
3527, -456
3528, 0
3529, -459
3530, 0
3531, 0
3532, -461
3533, -461
3534, 0
3535, -462
3536, -461
3537, -461
3538, -463
3539, 0
3540, -462
3541, -463
3542, 0
3543, 0
3544, -465
3545, -463
3546, -462
3547, -463
3548, -463
3549, 0
3550, -463
3551, -462
3552, -461
3553, 0
3554, -464
3555, -464
3556, -463
3557, 0
3558, -465
3559, -466
3560, -467
3561, 0
3562, -470
3563, -468
3564, -468
3565, -468
3566, 0
3567, 0
3568, -469
3569, -469
3570, -468
3571, -467
3572, -468
3573, -470
3574, 0
3575, -469
3576, 0
3577, -469
3578, -469
3579, 0
3580, -471
3581, -471
3582, -470
3583, -469
3584, -468
3585, 0
3586, 0
3587, -469
3588, -469
3589, -471
3590, -473
3591, -472
3592, -470
3593, 0
3594, -470
3595, -470
3596, -472
3597, -471
3598, 0
3599, -473
3600, -471
3601, -470
3602, 0
3603, -473
3604, 0
3605, -474
3606, -473
3607, -474
3608, -472
3609, -471
3610, 0
3611, -475
3612, -475
3613, -475
3614, -475
3615, -474
3616, 0
3617, -474
3618, -472
3619, 0
3620, -475
3621, -476
3622, -474
3623, -473
3624, 0
3625, -473
3626, -473
3627, -473
3628, -472
3629, 0
3630, -472
3631, 0
3632, -474
3633, -473
3634, -473
3635, -472
3636, -471
3637, 0
3638, -474
3639, 0
3640, -474
3641, -473
3642, -472
3643, 0
3644, -474
3645, 0
3646, 0
3647, -473
3648, -473
3649, -472
3650, -472
3651, 0
3652, -473
3653, -472
3654, -470
3655, 0
3656, -473
3657, -471
3658, -471
3659, 0
3660, -467
3661, -468
3662, 0
3663, 0
3664, -461
3665, -463
3666, -464
3667, -464
3668, -464
3669, -463
3670, -462
3671, 0
3672, -456
3673, -454
3674, 0
3675, -457
3676, -458
3677, -458
3678, -457
3679, 0
3680, 0
3681, -458
3682, -458
3683, -458
3684, -456
3685, 0
3686, 0
3687, 0
3688, 0
3689, -485
3690, -486
3691, -487
3692, -487
3693, 0
3694, 0
3695, 0
3696, 0
3697, 0
3698, 0
3699, 0
3700, -466
3701, -466
3702, -466
3703, -466
3704, -464
3705, -463
3706, 0
3707, -467
3708, -466
3709, -465
3710, -465
3711, -465
3712, 0
3713, -464
3714, -463
3715, -464
3716, -465
3717, 0
3718, 0
3719, -466
3720, -463
3721, -462
3722, -464
3723, -464
3724, -463
3725, -462
3726, -459
3727, 0
3728, 0
3729, 0
3730, 0
3731, -464
3732, -463
3733, 0
3734, 0
3735, -468
3736, -467
3737, -466
3738, -464
3739, -462
3740, -460
3741, 0
3742, 0
3743, -458
3744, 0
3745, -458
3746, -459
3747, -457
3748, 0
3749, -456
3750, 0
3751, -455
3752, -456
3753, 0
3754, -457
3755, -457
3756, -456
3757, -455
3758, -457
3759, 0
3760, 0
3761, -456
3762, -454
3763, -454
3764, 0
3765, -457
3766, -456
3767, 0
3768, 0
3769, -457
3770, -458
3771, -458
3772, -458
3773, 0
3774, 0
3775, -457
3776, -459
3777, -459
3778, -457
3779, 0
3780, 0
3781, -457
3782, -459
3783, -458
3784, 0
3785, -457
3786, -457
3787, 0
3788, -457
3789, -456
3790, -457
3791, -456
3792, -454
3793, 0
3794, -457
3795, -458
3796, 0
3797, 0
3798, -459
3799, -460
3800, 0
3801, -461
3802, -461
3803, -458
3804, -458
3805, -459
3806, -459
3807, 0
3808, 0
3809, -460
3810, -458
3811, -457
3812, -457
3813, -457
3814, 0
3815, 0
3816, -458
3817, 0
3818, 0
3819, -459
3820, -460
3821, 0
3822, -460
3823, -460
3824, 0
3825, -463
3826, 0
3827, 0
3828, -468
3829, -467
3830, -467
3831, -466
3832, 0
3833, -460
3834, 0
3835, 0
3836, -460
3837, -461
3838, -460
3839, 0
3840, 0
3841, -461
3842, 0
3843, 0
3844, -462
3845, -461
3846, -461
3847, 0
3848, 0
3849, -464
3850, -464
3851, -464
3852, -464
3853, 0
3854, -462
3855, 0
3856, -464
3857, -462
3858, 0
3859, 0
3860, -464
3861, -464
3862, -463
3863, -464
3864, 0
3865, 0
3866, -464
3867, -463
3868, -465
3869, 0
3870, 0
3871, -463
3872, -464
3873, -464
3874, -463
3875, 0
3876, 0
3877, -465
3878, -465
3879, -465
3880, 0
3881, -462
3882, -460
3883, 0
3884, 0
3885, -462
3886, -460
3887, -460
3888, 0
3889, -459
3890, 0
3891, -463
3892, 0
3893, -462
3894, -460
3895, 0
3896, -463
3897, 0
3898, -464
3899, -462
3900, -461
3901, -461
3902, -461
3903, -459
3904, 0
3905, -460
3906, -457
3907, 0
3908, 0
3909, -463
3910, 0
3911, -464
3912, -461
3913, 0
3914, -465
3915, -464
3916, -462
3917, 0
3918, 0
3919, 0
3920, -465
3921, -465
3922, 0
3923, -463
3924, -462
3925, -462
3926, 0
3927, 0
3928, 0
3929, 0
3930, 0
3931, -464
3932, -466
3933, -468
3934, 0
3935, 0
3936, -465
3937, -466
3938, -467
3939, -467
3940, 0
3941, -466
3942, -462
3943, -461
3944, 0
3945, 0
3946, -464
3947, -464
3948, -462
3949, -462
3950, 0
3951, -465
3952, -464
3953, 0
3954, -464
3955, 0
3956, -465
3957, -466
3958, 0
3959, -469
3960, -469
3961, -469
3962, 0
3963, 0
3964, -472
3965, -468
3966, 0
3967, 0
3968, -471
3969, 0
3970, 0
3971, -469
3972, -467
3973, -468
3974, 0
3975, 0
3976, -469
3977, 0
3978, -465
3979, 0
3980, 0
3981, 0
3982, -471
3983, -469
3984, 0
3985, -466
3986, -467
3987, 0
3988, -469
3989, -467
3990, -466
3991, -467
3992, 0
3993, -470
3994, -470
3995, 0
3996, -469
3997, 0
3998, 0
3999, 0
4000, -476
4001, -474
4002, 0
4003, -476
4004, 0
4005, -479
4006, -479
4007, -478
4008, 0
4009, 0
4010, 0
4011, 0
4012, 0
4013, -479
4014, 0
4015, -480
4016, 0
4017, 0
4018, 0
4019, -479
4020, 0
4021, 0
4022, 0
4023, -482
4024, 0
4025, -482
4026, -481
4027, -480
4028, 0
4029, 0
4030, -483
4031, -481
4032, 0
4033, 0
4034, -483
4035, 0
4036, 0
4037, -484
4038, -482
4039, 0
4040, -485
4041, 0
4042, 0
4043, -489
4044, -488
4045, 0
4046, 0
4047, -485
4048, -485
4049, -483
4050, -481
4051, 0
4052, -487
4053, -487
4054, -485
4055, 0
4056, 0
4057, -485
4058, -484
4059, 0
4060, -487
4061, -485
4062, -483
4063, 0
4064, -487
4065, -485
4066, 0
4067, -486
4068, 0
4069, -486
4070, 0
4071, 0
4072, 0
4073, -488
4074, -488
4075, 0
4076, -491
4077, 0
4078, 0
4079, -495
4080, -493
4081, -492
4082, 0
4083, 0
4084, -491
4085, -490
4086, -491
4087, 0
4088, 0
4089, 0
4090, 0
4091, -496
4092, -496
4093, 0
4094, 0
4095, -499
4096, 0
4097, -497
4098, 0
4099, -495
4100, -496
4101, 0
4102, 0
4103, -495
4104, -493
4105, 0
4106, 0
4107, 0
4108, -497
4109, -496
4110, -494
4111, 0
4112, 0
4113, 0
4114, -497
4115, -496
4116, 0
4117, 0
4118, -497
4119, -496
4120, 0
4121, -496
4122, -495
4123, 0
4124, 0
4125, -499
4126, 0
4127, -499
4128, 0
4129, 0
4130, -502
4131, 0
4132, -505
4133, -502
4134, 0
4135, 0
4136, 0
4137, 0
4138, -500
4139, -500
4140, 0
4141, 0
4142, -503
4143, -503
4144, 0
4145, -501
4146, 0
4147, 0
4148, -503
4149, 0
4150, -504
4151, -501
4152, 0
4153, 0
4154, 0
4155, 0
4156, 0
4157, -501
4158, -498
4159, 0
4160, 0
4161, 0
4162, 0
4163, 0
4164, 0
4165, -501
4166, -503
4167, 0
4168, 0
4169, 0
4170, -503
4171, 0
4172, 0
4173, -505
4174, 0
4175, -502
4176, -502
4177, 0
4178, -506
4179, -504
4180, 0
4181, 0
4182, -506
4183, -507
4184, 0
4185, -510
4186, 0
4187, -510
4188, -510
4189, 0
4190, 0
4191, 0
4192, 0
4193, 0
4194, 0
4195, 0
4196, 0
4197, 0
4198, 0
4199, 0
4200, 0
4201, 0
4202, 0
4203, 0
4204, 0
4205, 0
4206, 0
4207, 0
4208, 0
4209, 0
4210, 0
4211, 0
4212, 0
4213, 0
4214, 0
4215, 0
4216, 0
4217, 0
4218, 0
4219, 0
4220, 0
4221, 0
4222, 0
4223, 0
4224, 0
4225, 0
4226, 0
4227, 0
4228, 0
4229, 0
4230, 0
4231, 0
4232, 0
4233, 0
4234, 0
4235, 0
4236, 0
4237, 0
4238, 0
4239, 0
4240, 0
4241, 0
4242, 0
4243, 0
4244, 0
4245, 0
4246, 0
4247, 0
4248, 0
4249, 0
4250, 0
4251, 0
4252, 0
4253, 0
4254, 0
4255, 0
4256, 0
4257, 0
4258, 0
4259, 0
4260, 0
4261, 0
4262, 0
4263, 0
4264, 0
4265, 0
4266, 0
4267, 0
4268, 0
4269, 0
4270, 0
4271, 0
4272, 0
4273, 0
4274, 0
4275, 0
4276, 0
4277, 0
4278, 0
4279, 0
4280, 0
4281, 0
4282, 0
4283, 0
4284, 0
4285, 0
4286, 0
4287, 0
4288, 0
4289, 0
4290, 0
4291, 0
4292, 0
4293, 0
4294, 0
4295, 0
4296, 0
4297, 0
4298, 0
4299, 0
4300, 0
4301, 0
4302, 0
4303, 0
4304, 0
4305, 0
4306, 0
4307, 0
4308, 0
4309, 0
4310, 0
4311, 0
4312, 0
4313, 0
4314, 0
4315, 0
4316, 0
4317, 0
4318, 0
4319, 0
4320, 0
4321, 0
4322, 0
4323, 0
4324, 0
4325, 0
4326, 0
4327, 0
4328, 0
4329, 0
4330, 0
4331, 0
4332, 0
4333, 0
4334, 0
4335, 0
4336, 0
4337, 0
4338, -682
4339, 0
4340, 0
4341, 0
4342, 0
4343, 0
4344, 0
4345, 0
4346, 0
4347, 0
4348, 0
4349, -704
4350, 0
4351, 0
4352, 0
4353, 0
4354, 0
4355, 0
4356, 0
4357, -722
4358, 0
4359, 0
4360, 0
4361, 0
4362, 0
4363, 0
4364, 0
4365, 0
4366, 0
4367, 0
4368, 0
4369, 0
4370, 0
4371, 0
4372, 0
4373, -765
4374, -765
4375, 0
4376, 0
4377, 0
4378, 0
4379, -782
4380, -780
4381, -781
4382, 0
4383, 0
4384, 0
4385, 0
4386, 0
4387, 0
4388, -808
4389, 0
4390, 0
4391, 0
4392, 0
4393, 0
4394, -826
4395, 0
4396, 0
4397, 0
4398, -831
4399, 0
4400, 0
4401, 0
4402, 0
4403, 0
4404, 0
4405, 0
4406, 0
4407, 0
4408, 0
4409, 0
4410, 0
4411, 0
4412, 0
4413, 0
4414, 0
4415, 0
4416, 0
4417, 0
4418, 0
4419, 0
4420, 0
4421, 0
4422, 0
4423, 0
4424, 0
4425, 0
4426, 0
4427, 0
4428, 0
4429, 0
4430, 0
4431, 0
4432, 0
4433, 0
4434, 0
4435, 0
4436, 0
4437, 0
4438, 0
4439, 0
4440, 0
4441, 0
4442, 0
4443, 0
4444, 0
4445, 0
4446, 0
4447, 0
4448, 0
4449, 0
4450, 0
4451, 0
4452, 0
4453, 0
4454, 0
4455, 0
4456, 0
4457, 0
4458, 0
4459, 0
4460, 0
4461, 0
4462, 0
4463, 0
4464, 0
4465, 0
4466, 0
4467, 0
4468, 0
4469, 0
4470, 0
4471, 0
4472, 0
4473, 0
4474, 0
4475, 0
4476, 0
4477, 0
4478, 0
4479, 0
4480, 0
4481, 0
4482, 0
4483, 0
4484, 0
4485, 0
4486, 0
4487, 0
4488, 0
4489, 0
4490, 0
4491, 0
4492, 0
4493, 0
4494, 0
4495, 0
4496, 0
4497, 0
4498, 0
4499, 0
4500, 0
4501, 0
4502, 0
4503, 0
4504, 0
4505, 0
4506, -1346
4507, 0
4508, 0
4509, 0
4510, 0
4511, 0
4512, 0
4513, 0
4514, 0
4515, 0
4516, 0
4517, 0
4518, 0
4519, 0
4520, 0
4521, 0
4522, 0
4523, 0
4524, 0
4525, 0
4526, 0
4527, 0
4528, 0
4529, 0
4530, 0
4531, 0
4532, 0
4533, 0
4534, 0
4535, 0
4536, 0
4537, 0
4538, 0
4539, 0
4540, 0
4541, 0
4542, 0
4543, 0
4544, 0
4545, 0
4546, 0
4547, -1767
4548, 0
4549, 0
4550, 0
4551, 0
4552, 0
4553, 0
4554, 0
4555, 0
4556, 0
4557, 0
