0, 0
1, 0
2, 0
3, 0
4, 0
5, 0
6, 0
7, 0
8, 0
9, 0
10, 0
11, 0
12, 0
13, 0
14, 0
15, 0
16, 0
17, 0
18, 0
19, 0
20, 0
21, 0
22, 0
23, 0
24, 0
25, 0
26, 0
27, 0
28, 0
29, 0
30, 0
31, 0
32, 0
33, 0
34, 0
35, 0
36, 0
37, 0
38, 0
39, 0
40, 0
41, 0
42, 0
43, 0
44, 0
45, 0
46, 0
47, 0
48, 0
49, 0
50, 0
51, 0
52, 0
53, 0
54, 0
55, 0
56, 0
57, 58
58, 56
59, 56
60, 57
61, 57
62, 60
63, 58
64, 56
65, 57
66, 57
67, 57
68, 56
69, 56
70, 56
71, 56
72, 56
73, 56
74, 55
75, 56
76, 56
77, 56
78, 55
79, 58
80, 58
81, 56
82, 55
83, 56
84, 55
85, 55
86, 56
87, 56
88, 56
89, 56
90, 56
91, 56
92, 56
93, 56
94, 58
95, 56
96, 56
97, 57
98, 56
99, 56
100, 57
101, 55
102, 56
103, 57
104, 56
105, 56
106, 55
107, 56
108, 55
109, 55
110, 56
111, 56
112, 56
113, 57
114, 57
115, 57
116, 56
117, 56
118, 57
119, 56
120, 56
121, 56
122, 56
123, 56
124, 57
125, 56
126, 56
127, 56
128, 56
129, 56
130, 0
131, 0
132, 56
133, 56
134, 57
135, 55
136, 56
137, 57
138, 57
139, 57
140, 56
141, 56
142, 57
143, 55
144, 55
145, 56
146, 56
147, 56
148, 57
149, 56
150, 56
151, 56
152, 57
153, 58
154, 56
155, 56
156, 57
157, 57
158, 57
159, 56
160, 56
161, 57
162, 57
163, 56
164, 54
165, 54
166, 55
167, 56
168, 57
169, 55
170, 56
171, 55
172, 55
173, 54
174, 56
175, 56
176, 54
177, 53
178, 0
179, 55
180, 55
181, 55
182, 57
183, 55
184, 55
185, 0
186, 53
187, 53
188, 53
189, 54
190, 55
191, 54
192, 55
193, 57
194, 55
195, 57
196, 56
197, 56
198, 57
199, 57
200, 0
201, 58
202, 58
203, 0
204, 55
205, 56
206, 57
207, 56
208, 56
209, 56
210, 56
211, 56
212, 56
213, 57
214, 57
215, 57
216, 56
217, 56
218, 57
219, 56
220, 56
221, 56
222, 56
223, 56
224, 57
225, 58
226, 0
227, 0
228, 55
229, 0
230, 0
231, 55
232, 54
233, 55
234, 55
235, 55
236, 55
237, 56
238, 56
239, 55
240, 56
241, 56
242, 57
243, 56
244, 55
245, 55
246, 56
247, 56
248, 56
249, 56
250, 56
251, 56
252, 56
253, 55
254, 57
255, 56
256, 56
257, 57
258, 57
259, 0
260, 58
261, 58
262, 59
263, 0
264, 56
265, 0
266, 0
267, 51
268, 0
269, 0
270, 0
271, 57
272, 56
273, 55
274, 56
275, 56
276, 56
277, 56
278, 58
279, 56
280, 57
281, 0
282, 0
283, 0
284, 0
285, 0
286, 0
287, 0
288, 0
289, 0
290, 0
291, 0
292, 0
293, 0
294, 0
295, 0
296, 0
297, 0
298, 0
299, 0
300, 0
301, 0
302, 0
303, 0
304, 0
305, 0
306, 0
307, 0
308, 0
309, 0
310, 0
311, 0
312, 0
313, 0
314, 0
315, 0
316, 0
317, 0
318, 0
319, 0
320, 0
321, 0
322, 0
323, 0
324, 0
325, 0
326, 0
327, 0
328, 0
329, 0
330, 0
331, 0
332, 0
333, 0
334, 0
335, 0
336, 0
337, 0
338, 0
339, 0
340, 0
341, -9
342, -9
343, 0
344, 14
345, 0
346, 0
347, 0
348, 0
349, 0
350, 0
351, 0
352, 0
353, 0
354, 196
355, 0
356, 0
357, 187
358, 76
359, 76
360, 78
361, 77
362, 0
363, 83
364, 82
365, 0
366, 77
367, 75
368, 73
369, 73
370, 72
371, 72
372, 72
373, 0
374, 61
375, 61
376, 61
377, 59
378, 59
379, 61
380, 61
381, 61
382, 61
383, 62
384, 60
385, 61
386, 0
387, 62
388, 63
389, 62
390, 55
391, 55
392, 54
393, 54
394, 55
395, 55
396, 53
397, 54
398, 55
399, 55
400, 0
401, 56
402, 56
403, 58
404, 57
405, 57
406, 58
407, 56
408, 56
409, 55
410, 56
411, 58
412, 0
413, 58
414, 60
415, 58
416, 58
417, 59
418, 58
419, 59
420, 58
421, 58
422, 60
423, 61
424, 60
425, 60
426, 60
427, 59
428, 59
429, 60
430, 51
431, 51
432, 52
433, 50
434, 50
435, 51
436, 49
437, 50
438, 49
439, 50
440, 51
441, 51
442, 52
443, 50
444, 50
445, 50
446, 51
447, 51
448, 50
449, 51
450, 51
451, 49
452, 50
453, 49
454, 49
455, 51
456, 0
457, 47
458, 48
459, 48
460, 47
461, 49
462, 51
463, 0
464, 0
465, 48
466, 47
467, 48
468, 0
469, 49
470, 51
471, 50
472, 50
473, 51
474, 51
475, 49
476, 50
477, 49
478, 0
479, 47
480, 49
481, 47
482, 47
483, 48
484, 47
485, 47
486, 50
487, 47
488, 47
489, 48
490, 47
491, 48
492, 47
493, 46
494, 47
495, 47
496, 47
497, 46
498, 46
499, 47
500, 48
501, 47
502, 49
503, 54
504, 54
505, 54
506, 54
507, 54
508, 55
509, 55
510, 54
511, 0
512, 58
513, 57
514, 57
515, 57
516, 56
517, 56
518, 60
519, 65
520, 65
521, 65
522, 64
523, 65
524, 65
525, 65
526, 59
527, 58
528, 57
529, 56
530, 57
531, 57
532, 58
533, 0
534, 54
535, 0
536, 0
537, 55
538, 55
539, 54
540, 54
541, 54
542, 54
543, 0
544, 0
545, 55
546, 54
547, 0
548, 57
549, 56
550, 56
551, 56
552, 56
553, 56
554, 57
555, 57
556, 58
557, 58
558, 58
559, 57
560, 57
561, 58
562, 58
563, 58
564, 58
565, 59
566, 61
567, 59
568, 59
569, 59
570, 59
571, 59
572, 60
573, 58
574, 49
575, 50
576, 50
577, 50
578, 54
579, 54
580, 49
581, 49
582, 53
583, 51
584, 51
585, 51
586, 51
587, 52
588, 50
589, 50
590, 51
591, 50
592, 51
593, 52
594, 54
595, 53
596, 52
597, 51
598, 52
599, 53
600, 51
601, 52
602, 53
603, 52
604, 52
605, 52
606, 52
607, 51
608, 52
609, 53
610, 52
611, 52
612, 52
613, 53
614, 55
615, 0
616, 54
617, 56
618, 54
619, 54
620, 0
621, 54
622, 54
623, 54
624, 55
625, 55
626, 55
627, 53
628, 53
629, 53
630, 54
631, 54
632, 53
633, 55
634, 0
635, 55
636, 56
637, 55
638, 55
639, 55
640, 56
641, 56
642, 55
643, 0
644, 58
645, 58
646, 0
647, 56
648, 56
649, 59
650, 56
651, 56
652, 57
653, 58
654, 0
655, 0
656, 57
657, 56
658, 56
659, 0
660, 0
661, 61
662, 61
663, 62
664, 61
665, 0
666, 60
667, 60
668, 59
669, 0
670, 63
671, 62
672, 62
673, 64
674, 62
675, 63
676, 64
677, 64
678, 64
679, 64
680, 64
681, 65
682, 66
683, 65
684, 64
685, 64
686, 64
687, 0
688, 67
689, 67
690, 67
691, 66
692, 66
693, 0
694, 61
695, 60
696, 62
697, 60
698, 60
699, 61
700, 61
701, 61
702, 63
703, 62
704, 63
705, 64
706, 64
707, 64
708, 62
709, 62
710, 61
711, 57
712, 57
713, 54
714, 54
715, 54
716, 54
717, 56
718, 57
719, 55
720, 56
721, 57
722, 58
723, 56
724, 58
725, 57
726, 57
727, 58
728, 0
729, 58
730, 58
731, 59
732, 0
733, 62
734, 62
735, 61
736, 60
737, 62
738, 63
739, 61
740, 62
741, 63
742, 63
743, 62
744, 62
745, 64
746, 64
747, 64
748, 0
749, 67
750, 59
751, 0
752, 58
753, 0
754, 59
755, 61
756, 62
757, 61
758, 60
759, 61
760, 62
761, 62
762, 64
763, 62
764, 62
765, 62
766, 62
767, 62
768, 64
769, 0
770, 64
771, 66
772, 66
773, 66
774, 61
775, 58
776, 59
777, 60
778, 60
779, 0
780, 61
781, 61
782, 65
783, 62
784, 0
785, 66
786, 64
787, 64
788, 65
789, 64
790, 57
791, 58
792, 59
793, 59
794, 59
795, 60
796, 59
797, 0
798, 63
799, 62
800, 63
801, 64
802, 62
803, 0
804, 65
805, 66
806, 66
807, 66
808, 65
809, 66
810, 66
811, 66
812, 66
813, 67
814, 68
815, 68
816, 68
817, 69
818, 68
819, 68
820, 0
821, 72
822, 59
823, 58
824, 58
825, 59
826, 60
827, 59
828, 59
829, 61
830, 60
831, 59
832, 0
833, 65
834, 62
835, 0
836, 66
837, 65
838, 65
839, 66
840, 65
841, 0
842, 68
843, 68
844, 69
845, 69
846, 70
847, 69
848, 69
849, 70
850, 69
851, 69
852, 70
853, 72
854, 59
855, 58
856, 60
857, 57
858, 58
859, 61
860, 62
861, 60
862, 0
863, 62
864, 61
865, 64
866, 0
867, 63
868, 65
869, 66
870, 65
871, 65
872, 0
873, 69
874, 69
875, 70
876, 69
877, 0
878, 72
879, 71
880, 73
881, 73
882, 75
883, 73
884, 0
885, 76
886, 62
887, 61
888, 62
889, 0
890, 64
891, 65
892, 67
893, 0
894, 67
895, 68
896, 70
897, 70
898, 71
899, 70
900, 0
901, 72
902, 67
903, 65
904, 64
905, 64
906, 65
907, 65
908, 67
909, 67
910, 0
911, 0
912, 64
913, 63
914, 64
915, 67
916, 0
917, 68
918, 68
919, 68
920, 70
921, 74
922, 69
923, 69
924, 0
925, 72
926, 65
927, 65
928, 67
929, 0
930, 68
931, 68
932, 69
933, 70
934, 0
935, 65
936, 65
937, 65
938, 0
939, 69
940, 69
941, 69
942, 70
943, 70
944, 0
945, 0
946, 77
947, 76
948, 76
949, 78
950, 62
951, 61
952, 61
953, 0
954, 65
955, 65
956, 0
957, 67
958, 67
959, 68
960, 68
961, 0
962, 70
963, 0
964, 74
965, 76
966, 68
967, 67
968, 69
969, 69
970, 0
971, 70
972, 71
973, 73
974, 65
975, 0
976, 63
977, 0
978, 66
979, 67
980, 67
981, 71
982, 0
983, 71
984, 70
985, 0
986, 75
987, 76
988, 75
989, 76
990, 68
991, 69
992, 0
993, 0
994, 72
995, 73
996, 75
997, 74
998, 68
999, 70
1000, 68
1001, 0
1002, 0
1003, 72
1004, 74
1005, 74
1006, 67
1007, 68
1008, 68
1009, 68
1010, 69
1011, 0
1012, 73
1013, 73
1014, 68
1015, 65
1016, 69
1017, 0
1018, 70
1019, 0
1020, 72
1021, 72
1022, 0
1023, 68
1024, 68
1025, 69
1026, 69
1027, 70
1028, 72
1029, 0
1030, 0
1031, 60
1032, 61
1033, 61
1034, 63
1035, 0
1036, 65
1037, 66
1038, 68
1039, 67
1040, 0
1041, 69
1042, 0
1043, 73
1044, 73
1045, 75
1046, 0
1047, 69
1048, 70
1049, 72
1050, 0
1051, 74
1052, 75
1053, 0
1054, 69
1055, 70
1056, 72
1057, 70
1058, 72
1059, 0
1060, 77
1061, 78
1062, 62
1063, 63
1064, 63
1065, 0
1066, 65
1067, 66
1068, 67
1069, 0
1070, 69
1071, 73
1072, 71
1073, 0
1074, 73
1075, 73
1076, 0
1077, 76
1078, 65
1079, 0
1080, 67
1081, 66
1082, 66
1083, 68
1084, 0
1085, 72
1086, 72
1087, 73
1088, 73
1089, 73
1090, 0
1091, 76
1092, 76
1093, 77
1094, 0
1095, 64
1096, 64
1097, 65
1098, 0
1099, 69
1100, 0
1101, 74
1102, 66
1103, 66
1104, 0
1105, 70
1106, 72
1107, 73
1108, 73
1109, 74
1110, 69
1111, 67
1112, 0
1113, 0
1114, 72
1115, 0
1116, 75
1117, 76
1118, 0
1119, 73
1120, 75
1121, 74
1122, 74
1123, 0
1124, 0
1125, 0
1126, 66
1127, 0
1128, 67
1129, 69
1130, 0
1131, 75
1132, 0
1133, 75
1134, 60
1135, 0
1136, 64
1137, 0
1138, 68
1139, 69
1140, 68
1141, 70
1142, 0
1143, 72
1144, 73
1145, 0
1146, 75
1147, 0
1148, 80
1149, 81
1150, 0
1151, 67
1152, 68
1153, 0
1154, 72
1155, 0
1156, 76
1157, 76
1158, 64
1159, 0
1160, 63
1161, 63
1162, 0
1163, 68
1164, 69
1165, 0
1166, 74
1167, 72
1168, 0
1169, 80
1170, 77
1171, 0
1172, 0
1173, 82
1174, 73
1175, 69
1176, 70
1177, 0
1178, 0
1179, 75
1180, 0
1181, 0
1182, 66
1183, 65
1184, 67
1185, 69
1186, 0
1187, 75
1188, 75
1189, 74
1190, 0
1191, 0
1192, 0
1193, 66
1194, 67
1195, 0
1196, 0
1197, 73
1198, 69
1199, 69
1200, 0
1201, 71
1202, 0
1203, 76
1204, 0
1205, 0
1206, 65
1207, 66
1208, 68
1209, 69
1210, 0
1211, 73
1212, 73
1213, 0
1214, 70
1215, 0
1216, 0
1217, 73
1218, 73
1219, 74
1220, 75
1221, 0
1222, 69
1223, 69
1224, 68
1225, 0
1226, 0
1227, 0
1228, 77
1229, 78
1230, 62
1231, 0
1232, 0
1233, 70
1234, 0
1235, 0
1236, 77
1237, 0
1238, 0
1239, 69
1240, 0
1241, 68
1242, 70
1243, 69
1244, 69
1245, 70
1246, 0
1247, 0
1248, 69
1249, 72
1250, 0
1251, 0
1252, 77
1253, 78
1254, 67
1255, 0
1256, 69
1257, 74
1258, 0
1259, 76
1260, 77
1261, 78
1262, 0
1263, 68
1264, 71
1265, 71
1266, 71
1267, 0
1268, 0
1269, 76
1270, 62
1271, 62
1272, 0
1273, 0
1274, 0
1275, 0
1276, 0
1277, 76
1278, 64
1279, 62
1280, 0
1281, 67
1282, 0
1283, 0
1284, 74
1285, 75
1286, 60
1287, 0
1288, 0
1289, 65
1290, 0
1291, 70
1292, 0
1293, 76
1294, 60
1295, 0
1296, 0
1297, 63
1298, 65
1299, 0
1300, 0
1301, 71
1302, 57
1303, 59
1304, 0
1305, 64
1306, 66
1307, 0
1308, 0
1309, 71
1310, 54
1311, 0
1312, 0
1313, 56
1314, 58
1315, 59
1316, 0
1317, 0
1318, 52
1319, 51
1320, 51
1321, 52
1322, 53
1323, 0
1324, 0
1325, 0
1326, 0
1327, 56
1328, 0
1329, 59
1330, 0
1331, 0
1332, 67
1333, 67
1334, 0
1335, 57
1336, 0
1337, 60
1338, 61
1339, 0
1340, 66
1341, 68
1342, 0
1343, 55
1344, 57
1345, 0
1346, 60
1347, 0
1348, 0
1349, 70
1350, 0
1351, 0
1352, 0
1353, 0
1354, 0
1355, 69
1356, 72
1357, 72
1358, 0
1359, 51
1360, 0
1361, 55
1362, 57
1363, 58
1364, 0
1365, 0
1366, 44
1367, 0
1368, 43
1369, 0
1370, 48
1371, 0
1372, 0
1373, 57
1374, 41
1375, 0
1376, 44
1377, 0
1378, 0
1379, 50
1380, 0
1381, 55
1382, 42
1383, 0
1384, 47
1385, 47
1386, 48
1387, 0
1388, 54
1389, 60
1390, 0
1391, 0
1392, 45
1393, 47
1394, 49
1395, 0
1396, 53
1397, 56
1398, 38
1399, 0
1400, 42
1401, 0
1402, 0
1403, 48
1404, 0
1405, 0
1406, 0
1407, 0
1408, 47
1409, 46
1410, 0
1411, 51
1412, 51
1413, 0
1414, 0
1415, 0
1416, 45
1417, 47
1418, 0
1419, 50
1420, 0
1421, 55
1422, 0
1423, 42
1424, 0
1425, 47
1426, 0
1427, 0
1428, 52
1429, 0
1430, 35
1431, 34
1432, 0
1433, 38
1434, 38
1435, 0
1436, 0
1437, 48
1438, 0
1439, 35
1440, 35
1441, 0
1442, 39
1443, 0
1444, 43
1445, 46
1446, 30
1447, 0
1448, 32
1449, 34
1450, 0
1451, 40
1452, 37
1453, 0
1454, 27
1455, 0
1456, 0
1457, 31
1458, 33
1459, 37
1460, 0
1461, 0
1462, 29
1463, 0
1464, 29
1465, 0
1466, 33
1467, 35
1468, 0
1469, 39
1470, 0
1471, 25
1472, 27
1473, 0
1474, 0
1475, 36
1476, 34
1477, 0
1478, 0
1479, 26
1480, 27
1481, 0
1482, 0
1483, 35
1484, 34
1485, 36
1486, 0
1487, 27
1488, 26
1489, 0
1490, 29
1491, 0
1492, 32
1493, 35
1494, 27
1495, 27
1496, 0
1497, 33
1498, 35
1499, 0
1500, 36
1501, 0
1502, 17
1503, 19
1504, 0
1505, 24
1506, 26
1507, 27
1508, 29
1509, 0
1510, 20
1511, 19
1512, 19
1513, 19
1514, 0
1515, 27
1516, 0
1517, 0
1518, 24
1519, 23
1520, 26
1521, 27
1522, 28
1523, 0
1524, 0
1525, 32
1526, 21
1527, 0
1528, 0
1529, 25
1530, 0
1531, 27
1532, 0
1533, 0
1534, 0
1535, 22
1536, 21
1537, 21
1538, 0
1539, 0
1540, 28
1541, 0
1542, 0
1543, 0
1544, 18
1545, 18
1546, 0
1547, 23
1548, 25
1549, 26
1550, 20
1551, 0
1552, 23
1553, 23
1554, 24
1555, 26
1556, 26
1557, 0
1558, 21
1559, 18
1560, 18
1561, 0
1562, 23
1563, 25
1564, 25
1565, 0
1566, 16
1567, 0
1568, 17
1569, 17
1570, 0
1571, 20
1572, 0
1573, 25
1574, 9
1575, 10
1576, 0
1577, 24
1578, 24
1579, 0
1580, 28
1581, 29
1582, 16
1583, 0
1584, 0
1585, 10
1586, 0
1587, 0
1588, 16
1589, 17
1590, 0
1591, 11
1592, 1
1593, 18
1594, 17
1595, 19
1596, 18
1597, 0
1598, 0
1599, 16
1600, 18
1601, 19
1602, 0
1603, 21
1604, 0
1605, 26
1606, 10
1607, 0
1608, 13
1609, 0
1610, 16
1611, 18
1612, 18
1613, 0
1614, 1
1615, 0
1616, 7
1617, 10
1618, 12
1619, 0
1620, 14
1621, 0
1622, 9
1623, 9
1624, 0
1625, 13
1626, 0
1627, 18
1628, 16
1629, 0
1630, 1
1631, 4
1632, 0
1633, 1
1634, 0
1635, 0
1636, 0
1637, 2
1638, 3
1639, 3
1640, 0
1641, 0
1642, 10
1643, 0
1644, 0
1645, 0
1646, 8
1647, 9
1648, 0
1649, 0
1650, 0
1651, 0
1652, 0
1653, 15
1654, 7
1655, 0
1656, 0
1657, 0
1658, 5
1659, 0
1660, 0
1661, 12
1662, 4
1663, 0
1664, 3
1665, 0
1666, 0
1667, 0
1668, 9
1669, 9
1670, 0
1671, 0
1672, 0
1673, 0
1674, 7
1675, 7
1676, 9
1677, 0
1678, 0
1679, 5
1680, 5
1681, 7
1682, 8
1683, 0
1684, 0
1685, 0
1686, 0
1687, 5
1688, 1
1689, 0
1690, 0
1691, 0
1692, 13
1693, 11
1694, 2
1695, 0
1696, 0
1697, 0
1698, 0
1699, 0
1700, 0
1701, 0
1702, 0
1703, 0
1704, 0
1705, 0
1706, 0
1707, 0
1708, 14
1709, 0
1710, 10
1711, 8
1712, 0
1713, 13
1714, 0
1715, 16
1716, 20
1717, 20
1718, 0
1719, 14
1720, 15
1721, 14
1722, 15
1723, 0
1724, 0
1725, 19
1726, 0
1727, 0
1728, -9
1729, 0
1730, 0
1731, 0
1732, -4
1733, -2
1734, 0
1735, 0
1736, -6
1737, 0
1738, 0
1739, 0
1740, 0
1741, 0
1742, 0
1743, 2
1744, -2
1745, -1
1746, 1
1747, 0
1748, 6
1749, 6
1750, 0
1751, 0
1752, 0
1753, 0
1754, 0
1755, 0
1756, 7
1757, 11
1758, 0
1759, -3
1760, 0
1761, -4
1762, 0
1763, 0
1764, 0
1765, 0
1766, 0
1767, 1
1768, 0
1769, 0
1770, 0
1771, 3
1772, 3
1773, 4
1774, -1
1775, 0
1776, -6
1777, 0
1778, -6
1779, -4
1780, 0
1781, -1
1782, 0
1783, -9
1784, -10
1785, 0
1786, -7
1787, -6
1788, -5
1789, 1
1790, 0
1791, 2
1792, -5
1793, -5
1794, -4
1795, 0
1796, -2
1797, 0
1798, 0
1799, -8
1800, -12
1801, 0
1802, 1
1803, -6
1804, 0
1805, -8
1806, -8
1807, 0
1808, -14
1809, -12
1810, -11
1811, 0
1812, 0
1813, 0
1814, 2
1815, 0
1816, 2
1817, 0
1818, 0
1819, 0
1820, 0
1821, 0
1822, 0
1823, 0
1824, -5
1825, -11
1826, -9
1827, 0
1828, -7
1829, -5
1830, -6
1831, 0
1832, 0
1833, -15
1834, -13
1835, -11
1836, -11
1837, -13
1838, -11
1839, 0
1840, -15
1841, -14
1842, -15
1843, 0
1844, 0
1845, 1
1846, 0
1847, -13
1848, -14
1849, -14
1850, -12
1851, -11
1852, -12
1853, 0
1854, -9
1855, -9
1856, -13
1857, 0
1858, 0
1859, 1
1860, 0
1861, -8
1862, -11
1863, -8
1864, -12
1865, -12
1866, -12
1867, -12
1868, 0
1869, -8
1870, 0
1871, -9
1872, -22
1873, -20
1874, -19
1875, 0
1876, -16
1877, 0
1878, -16
1879, -17
1880, -20
1881, -20
1882, 0
1883, -16
1884, -16
1885, -14
1886, -15
1887, -16
1888, -19
1889, -16
1890, -18
1891, 0
1892, 0
1893, -13
1894, -12
1895, -14
1896, -20
1897, -19
1898, 0
1899, 0
1900, 0
1901, -14
1902, -14
1903, -12
1904, -18
1905, -19
1906, -18
1907, 0
1908, -16
1909, -16
1910, 0
1911, -15
1912, -19
1913, -19
1914, -19
1915, 0
1916, 0
1917, -14
1918, -13
1919, -17
1920, -20
1921, -19
1922, -19
1923, -20
1924, 0
1925, -17
1926, 0
1927, -18
1928, -27
1929, -26
1930, 0
1931, -24
1932, -25
1933, 0
1934, -19
1935, -18
1936, -20
1937, -20
1938, -17
1939, 0
1940, 0
1941, -14
1942, -15
1943, -23
1944, -28
1945, 0
1946, 0
1947, -22
1948, -22
1949, -22
1950, -20
1951, -21
1952, -19
1953, -19
1954, 0
1955, -15
1956, -16
1957, -14
1958, -13
1959, -16
1960, -27
1961, -27
1962, -27
1963, 0
1964, -24
1965, -24
1966, 0
1967, -20
1968, -21
1969, -19
1970, -18
1971, -18
1972, 0
1973, -16
1974, 0
1975, -26
1976, -27
1977, -28
1978, -25
1979, -24
1980, -26
1981, -25
1982, -22
1983, -19
1984, -18
1985, -19
1986, -19
1987, -18
1988, -17
1989, -16
1990, -17
1991, 0
1992, -29
1993, -28
1994, -28
1995, -26
1996, -25
1997, -26
1998, 0
1999, -22
2000, 0
2001, -20
2002, -21
2003, -21
2004, -19
2005, -19
2006, 0
2007, -24
2008, -28
2009, -30
2010, -31
2011, 0
2012, -26
2013, 0
2014, -23
2015, -24
2016, -25
2017, -23
2018, -22
2019, 0
2020, -20
2021, -20
2022, -21
2023, -22
2024, -35
2025, -33
2026, -34
2027, -33
2028, 0
2029, 0
2030, -28
2031, -28
2032, -28
2033, -28
2034, 0
2035, -25
2036, -23
2037, -23
2038, -25
2039, -31
2040, -37
2041, -37
2042, -34
2043, 0
2044, -32
2045, -32
2046, -32
2047, 0
2048, -30
2049, -29
2050, 0
2051, 0
2052, -25
2053, -25
2054, -23
2055, -23
2056, -23
2057, -23
2058, -21
2059, -20
2060, -21
2061, 0
2062, -18
2063, -21
2064, 0
2065, -30
2066, 0
2067, -25
2068, -26
2069, -27
2070, -28
2071, -28
2072, 0
2073, 0
2074, -22
2075, -23
2076, -22
2077, -21
2078, -21
2079, -31
2080, -33
2081, 0
2082, -33
2083, 0
2084, -32
2085, -32
2086, -30
2087, -31
2088, -30
2089, 0
2090, -26
2091, -26
2092, 0
2093, -24
2094, -25
2095, -26
2096, -30
2097, -28
2098, -28
2099, -28
2100, -27
2101, -27
2102, 0
2103, -32
2104, -32
2105, -32
2106, -31
2107, -29
2108, -30
2109, -30
2110, -28
2111, -33
2112, -34
2113, -35
2114, -34
2115, 0
2116, 0
2117, -28
2118, -28
2119, -28
2120, -30
2121, -28
2122, -28
2123, -26
2124, -25
2125, 0
2126, 0
2127, -26
2128, -26
2129, -29
2130, -27
2131, -27
2132, -27
2133, -26
2134, -26
2135, -28
2136, -32
2137, -32
2138, -32
2139, -30
2140, -29
2141, -30
2142, -31
2143, -31
2144, -36
2145, -35
2146, -36
2147, 0
2148, 0
2149, -31
2150, -29
2151, -37
2152, -38
2153, -36
2154, -34
2155, -34
2156, -36
2157, -35
2158, 0
2159, -32
2160, -32
2161, 0
2162, -30
2163, -27
2164, -28
2165, -29
2166, -29
2167, -30
2168, 0
2169, -32
2170, -32
2171, -33
2172, -33
2173, -31
2174, -31
2175, -32
2176, -31
2177, -33
2178, -36
2179, 0
2180, 0
2181, -34
2182, 0
2183, -31
2184, -32
2185, 0
2186, -29
2187, -29
2188, -29
2189, -27
2190, 0
2191, -29
2192, -33
2193, -31
2194, -31
2195, 0
2196, -30
2197, -30
2198, -29
2199, -31
2200, -34
2201, -34
2202, -34
2203, -33
2204, -33
2205, -32
2206, -32
2207, 0
2208, -29
2209, -29
2210, -27
2211, -27
2212, -28
2213, -27
2214, 0
2215, -34
2216, -38
2217, 0
2218, -38
2219, -37
2220, -37
2221, -38
2222, -38
2223, -37
2224, -38
2225, -38
2226, 0
2227, 0
2228, -34
2229, -34
2230, -32
2231, -33
2232, -32
2233, -30
2234, -29
2235, -31
2236, -31
2237, 0
2238, -30
2239, -35
2240, -43
2241, -42
2242, -42
2243, -41
2244, -41
2245, -40
2246, -38
2247, -39
2248, -36
2249, 0
2250, -33
2251, -36
2252, -33
2253, -34
2254, -34
2255, -33
2256, -33
2257, -31
2258, -29
2259, -29
2260, -30
2261, -30
2262, -32
2263, -36
2264, -44
2265, 0
2266, -43
2267, -42
2268, -41
2269, -40
2270, -40
2271, -40
2272, -39
2273, -38
2274, -39
2275, -39
2276, -39
2277, -35
2278, -31
2279, -33
2280, -35
2281, -33
2282, -33
2283, -34
2284, 0
2285, -33
2286, -33
2287, -30
2288, -29
2289, -31
2290, -31
2291, -31
2292, -31
2293, -30
2294, -29
2295, 0
2296, -42
2297, -41
2298, -39
2299, -40
2300, -40
2301, -40
2302, -40
2303, -40
2304, -39
2305, -39
2306, -38
2307, -36
2308, -37
2309, -35
2310, -34
2311, -35
2312, 0
2313, -32
2314, -32
2315, -32
2316, -31
2317, -31
2318, -33
2319, -39
2320, -47
2321, -47
2322, -46
2323, -44
2324, -44
2325, -45
2326, 0
2327, 0
2328, -40
2329, -38
2330, -37
2331, -35
2332, -35
2333, -36
2334, -37
2335, -35
2336, -35
2337, -35
2338, -35
2339, -34
2340, -35
2341, -37
2342, -36
2343, -37
2344, 0
2345, -33
2346, -32
2347, -32
2348, -32
2349, -31
2350, -33
2351, -37
2352, -47
2353, -45
2354, -45
2355, -45
2356, -43
2357, -44
2358, -44
2359, -42
2360, 0
2361, -40
2362, -41
2363, -41
2364, -41
2365, -40
2366, -39
2367, -38
2368, -39
2369, -39
2370, -37
2371, -37
2372, -35
2373, -36
2374, -37
2375, -41
2376, 0
2377, -43
2378, -43
2379, 0
2380, -43
2381, -42
2382, 0
2383, -38
2384, -40
2385, -39
2386, -37
2387, -38
2388, -38
2389, -37
2390, -38
2391, -39
2392, -43
2393, -44
2394, 0
2395, -42
2396, -42
2397, -42
2398, 0
2399, -39
2400, -40
2401, -40
2402, -40
2403, -40
2404, -38
2405, -39
2406, -38
2407, -38
2408, -38
2409, -37
2410, -36
2411, -37
2412, 0
2413, -33
2414, 0
2415, -33
2416, 0
2417, -43
2418, -43
2419, 0
2420, -40
2421, -40
2422, -40
2423, -40
2424, -39
2425, -39
2426, -39
2427, -38
2428, -37
2429, -37
2430, -38
2431, -39
2432, 0
2433, -43
2434, 0
2435, 0
2436, 0
2437, 0
2438, -41
2439, -42
2440, -41
2441, -39
2442, -38
2443, -39
2444, -40
2445, 0
2446, -39
2447, -39
2448, -38
2449, -37
2450, -37
2451, -37
2452, 0
2453, -34
2454, -35
2455, -41
2456, -43
2457, -41
2458, -40
2459, -42
2460, -42
2461, -41
2462, -39
2463, -40
2464, 0
2465, -39
2466, -41
2467, -42
2468, -40
2469, 0
2470, -39
2471, -40
2472, -46
2473, -46
2474, -45
2475, -45
2476, -44
2477, -45
2478, -44
2479, -44
2480, -44
2481, 0
2482, -41
2483, -41
2484, -42
2485, -42
2486, -40
2487, -41
2488, -41
2489, -40
2490, 0
2491, -40
2492, 0
2493, -38
2494, -37
2495, -38
2496, -39
2497, 0
2498, -44
2499, -45
2500, 0
2501, -41
2502, -42
2503, -42
2504, -40
2505, -41
2506, -41
2507, -40
2508, -41
2509, -40
2510, -38
2511, -40
2512, -40
2513, -40
2514, -40
2515, -39
2516, -38
2517, -38
2518, -39
2519, -38
2520, -36
2521, -37
2522, -38
2523, 0
2524, 0
2525, 0
2526, -36
2527, -37
2528, -37
2529, -41
2530, -41
2531, -41
2532, -42
2533, -42
2534, -41
2535, -41
2536, -42
2537, -41
2538, -41
2539, -41
2540, -40
2541, -39
2542, -41
2543, -43
2544, -47
2545, -48
2546, -45
2547, -47
2548, 0
2549, -42
2550, -40
2551, -42
2552, -44
2553, -43
2554, -43
2555, -44
2556, -42
2557, -40
2558, -40
2559, -41
2560, -41
2561, -41
2562, -41
2563, -41
2564, -39
2565, -38
2566, -35
2567, -37
2568, -38
2569, -36
2570, -36
2571, -37
2572, -36
2573, -37
2574, -36
2575, -37
2576, -37
2577, -36
2578, -35
2579, -37
2580, -36
2581, -35
2582, -36
2583, -36
2584, -36
2585, -36
2586, -33
2587, -34
2588, -35
2589, -34
2590, -33
2591, -33
2592, -33
2593, -34
2594, -34
2595, 0
2596, -34
2597, -34
2598, -35
2599, 0
2600, -40
2601, -40
2602, 0
2603, -39
2604, -40
2605, -41
2606, -42
2607, -47
2608, -47
2609, -48
2610, -48
2611, -48
2612, -48
2613, -47
2614, 0
2615, -43
2616, -45
2617, -45
2618, -43
2619, -45
2620, -45
2621, -45
2622, 0
2623, -44
2624, 0
2625, -42
2626, -43
2627, -42
2628, -41
2629, -41
2630, 0
2631, -39
2632, -38
2633, -39
2634, -39
2635, -38
2636, -36
2637, -38
2638, -39
2639, -40
2640, -40
2641, -38
2642, -39
2643, -40
2644, 0
2645, -39
2646, -39
2647, -38
2648, -38
2649, -37
2650, -37
2651, -38
2652, -38
2653, 0
2654, -34
2655, -33
2656, -34
2657, -35
2658, 0
2659, -37
2660, -38
2661, -38
2662, -36
2663, -36
2664, -36
2665, -36
2666, 0
2667, -35
2668, -34
2669, -35
2670, -35
2671, -35
2672, -34
2673, -34
2674, -34
2675, -33
2676, -34
2677, -34
2678, -32
2679, -32
2680, -31
2681, 0
2682, -35
2683, 0
2684, -31
2685, -30
2686, -31
2687, 0
2688, 0
2689, -43
2690, -43
2691, 0
2692, -40
2693, -39
2694, 0
2695, -39
2696, -39
2697, -37
2698, -38
2699, 0
2700, -40
2701, -39
2702, 0
2703, -36
2704, -38
2705, -38
2706, -37
2707, -38
2708, -38
2709, -36
2710, -37
2711, -42
2712, -45
2713, -45
2714, -43
2715, -44
2716, -44
2717, -43
2718, -43
2719, -43
2720, -44
2721, -43
2722, -43
2723, -43
2724, -42
2725, -43
2726, -43
2727, 0
2728, -42
2729, 0
2730, -40
2731, 0
2732, -41
2733, -41
2734, -41
2735, -42
2736, -43
2737, -43
2738, -41
2739, -42
2740, -42
2741, -41
2742, -41
2743, -41
2744, -40
2745, -40
2746, -42
2747, -42
2748, -41
2749, -40
2750, -41
2751, -41
2752, -41
2753, -41
2754, -40
2755, -41
2756, -42
2757, -42
2758, -42
2759, -42
2760, -41
2761, 0
2762, -40
2763, 0
2764, -42
2765, -41
2766, 0
2767, -39
2768, 0
2769, -42
2770, -41
2771, 0
2772, -39
2773, -39
2774, -39
2775, 0
2776, -42
2777, -41
2778, 0
2779, 0
2780, -39
2781, -36
2782, -36
2783, -38
2784, -38
2785, -38
2786, -37
2787, -39
2788, -38
2789, -36
2790, -37
2791, -38
2792, -38
2793, -38
2794, -39
2795, -39
2796, -39
2797, -39
2798, -37
2799, -38
2800, -38
2801, -37
2802, -35
2803, -37
2804, -38
2805, -38
2806, -39
2807, -39
2808, -40
2809, -40
2810, -40
2811, -39
2812, -39
2813, 0
2814, -41
2815, -40
2816, -40
2817, -40
2818, -39
2819, -38
2820, -40
2821, -40
2822, -39
2823, -40
2824, -41
2825, -40
2826, -38
2827, -39
2828, -40
2829, -40
2830, -40
2831, -41
2832, -41
2833, -40
2834, -40
2835, -41
2836, -39
2837, -38
2838, -39
2839, -40
2840, -40
2841, -39
2842, -38
2843, -38
2844, -35
2845, -31
2846, -29
2847, -29
2848, -30
2849, -30
2850, 0
2851, -33
2852, -34
2853, 0
2854, -32
2855, -32
2856, -33
2857, -32
2858, 0
2859, -34
2860, -34
2861, 0
2862, -32
2863, -32
2864, -32
2865, -33
2866, -33
2867, -32
2868, -32
2869, -32
2870, -31
2871, -32
2872, -33
2873, -32
2874, 0
2875, -35
2876, -34
2877, -34
2878, -34
2879, -34
2880, -34
2881, -35
2882, -35
2883, 0
2884, -36
2885, -35
2886, -36
2887, -37
2888, -37
2889, -35
2890, -38
2891, -38
2892, -37
2893, -36
2894, -29
2895, -30
2896, -29
2897, -28
2898, -29
2899, -29
2900, -29
2901, -30
2902, -30
2903, -30
2904, -29
2905, -30
2906, -30
2907, -30
2908, -30
2909, -30
2910, -29
2911, -29
2912, -31
2913, -31
2914, -31
2915, -32
2916, -31
2917, -29
2918, -30
2919, -30
2920, -28
2921, -27
2922, -29
2923, -30
2924, -31
2925, -31
2926, -31
2927, -31
2928, -30
2929, -30
2930, -31
2931, -30
2932, -30
2933, -30
2934, -29
2935, -31
2936, -32
2937, -32
2938, -30
2939, -29
2940, -30
2941, -31
2942, -31
2943, -31
2944, -31
2945, -33
2946, 0
2947, -34
2948, -35
2949, -36
2950, -34
2951, -34
2952, -33
2953, -32
2954, -34
2955, -34
2956, -35
2957, -35
2958, -36
2959, -35
2960, -33
2961, -33
2962, -34
2963, 0
2964, -38
2965, -32
2966, -31
2967, -31
2968, -30
2969, -31
2970, -30
2971, -30
2972, -31
2973, -30
2974, -29
2975, -30
2976, -29
2977, -29
2978, -31
2979, -32
2980, -32
2981, -30
2982, -31
2983, -31
2984, -33
2985, -32
2986, -32
2987, -32
2988, 0
2989, -33
2990, -32
2991, -32
2992, -32
2993, -32
2994, -35
2995, -34
2996, -33
2997, -35
2998, -34
2999, -35
3000, -35
3001, -35
3002, -33
3003, 0
3004, -35
3005, -31
3006, -31
3007, 0
3008, 0
3009, -30
3010, -30
3011, -30
3012, -31
3013, -31
3014, -31
3015, -31
3016, -31
3017, -31
3018, -31
3019, -30
3020, -30
3021, -31
3022, -30
3023, -30
3024, -31
3025, -31
3026, -31
3027, 0
3028, -33
3029, -33
3030, -34
3031, -35
3032, -35
3033, -32
3034, -35
3035, -35
3036, -33
3037, -34
3038, -34
3039, -36
3040, -36
3041, -35
3042, -35
3043, -35
3044, -28
3045, -27
3046, -27
3047, 0
3048, -29
3049, -30
3050, 0
3051, -27
3052, -27
3053, 0
3054, -29
3055, -30
3056, -30
3057, -30
3058, -30
3059, -30
3060, -30
3061, -30
3062, -30
3063, -30
3064, 0
3065, -34
3066, -33
3067, -34
3068, -32
3069, -27
3070, -26
3071, -25
3072, -25
3073, -27
3074, -27
3075, -28
3076, -27
3077, -27
3078, -28
3079, -28
3080, -28
3081, -27
3082, -27
3083, -28
3084, -29
3085, -28
3086, 0
3087, -29
3088, -30
3089, -31
3090, -31
3091, -29
3092, -24
3093, -24
3094, -22
3095, -22
3096, 0
3097, 0
3098, -25
3099, -22
3100, 0
3101, -25
3102, -25
3103, -24
3104, -25
3105, -25
3106, -25
3107, -26
3108, -26
3109, -25
3110, 0
3111, -27
3112, -28
3113, -28
3114, -29
3115, -24
3116, 0
3117, 0
3118, -25
3119, -25
3120, -25
3121, -23
3122, -22
3123, -22
3124, -22
3125, 0
3126, -25
3127, -26
3128, -27
3129, -27
3130, -26
3131, -27
3132, -27
3133, -27
3134, -27
3135, -27
3136, -27
3137, -26
3138, -25
3139, -25
3140, -26
3141, -24
3142, -22
3143, -21
3144, 0
3145, -24
3146, 0
3147, -22
3148, 0
3149, -24
3150, -24
3151, -24
3152, -23
3153, -23
3154, -24
3155, 0
3156, -27
3157, -26
3158, -20
3159, -20
3160, -21
3161, -22
3162, -22
3163, -21
3164, -23
3165, 0
3166, -24
3167, 0
3168, 0
3169, -25
3170, 0
3171, -27
3172, -27
3173, -19
3174, -18
3175, -20
3176, -20
3177, -20
3178, -19
3179, -20
3180, -20
3181, -21
3182, -21
3183, -21
3184, -21
3185, 0
3186, -26
3187, 0
3188, -24
3189, -25
3190, -24
3191, -24
3192, -24
3193, -26
3194, -26
3195, -25
3196, 0
3197, -22
3198, -21
3199, -20
3200, -20
3201, -20
3202, -19
3203, -21
3204, -21
3205, -13
3206, 0
3207, -16
3208, -16
3209, -17
3210, -17
3211, -16
3212, -17
3213, -16
3214, 0
3215, -19
3216, -20
3217, -20
3218, -19
3219, -20
3220, -19
3221, -19
3222, -21
3223, -22
3224, -22
3225, 0
3226, -24
3227, -23
3228, -23
3229, -23
3230, -23
3231, -24
3232, -25
3233, -23
3234, -23
3235, 0
3236, -28
3237, -17
3238, -15
3239, -12
3240, -13
3241, -14
3242, -13
3243, -12
3244, 0
3245, -17
3246, -17
3247, -17
3248, 0
3249, -19
3250, -18
3251, -18
3252, -19
3253, -21
3254, -19
3255, -20
3256, -22
3257, -22
3258, 0
3259, 0
3260, -27
3261, -24
3262, -19
3263, -19
3264, -20
3265, -20
3266, -20
3267, -19
3268, -17
3269, -16
3270, -14
3271, -13
3272, -13
3273, -14
3274, -13
3275, -12
3276, -12
3277, -12
3278, 0
3279, -16
3280, -16
3281, -17
3282, -19
3283, -20
3284, -19
3285, -18
3286, -18
3287, -19
3288, -21
3289, -22
3290, -23
3291, 0
3292, -24
3293, -21
3294, -18
3295, -17
3296, 0
3297, -18
3298, -20
3299, -18
3300, -15
3301, 0
3302, 0
3303, -11
3304, -11
3305, -12
3306, -12
3307, -13
3308, -11
3309, 0
3310, -15
3311, 0
3312, -17
3313, -18
3314, -17
3315, -18
3316, -18
3317, -15
3318, -13
3319, -12
3320, 0
3321, 0
3322, -16
3323, -17
3324, -16
3325, -9
3326, 0
3327, -11
3328, -12
3329, -12
3330, -12
3331, -13
3332, -13
3333, -12
3334, -13
3335, -13
3336, -14
3337, -14
3338, -15
3339, 0
3340, -17
3341, -18
3342, -17
3343, -17
3344, -16
3345, -18
3346, -18
3347, -19
3348, 0
3349, -12
3350, 0
3351, -7
3352, -7
3353, -7
3354, -8
3355, -8
3356, -8
3357, -8
3358, -9
3359, -10
3360, 0
3361, -13
3362, -14
3363, 0
3364, -15
3365, -14
3366, -13
3367, 0
3368, -15
3369, -16
3370, -17
3371, 0
3372, -20
3373, -12
3374, -11
3375, -12
3376, -12
3377, -12
3378, -13
3379, -13
3380, -13
3381, -9
3382, 0
3383, -10
3384, -11
3385, -12
3386, -13
3387, -14
3388, -13
3389, -14
3390, -15
3391, -14
3392, -13
3393, -15
3394, -15
3395, 0
3396, -17
3397, -16
3398, 0
3399, -12
3400, -11
3401, -13
3402, -14
3403, -14
3404, -14
3405, -8
3406, -8
3407, -7
3408, -8
3409, -8
3410, 0
3411, -10
3412, -11
3413, 0
3414, -11
3415, -13
3416, -14
3417, -14
3418, -14
3419, -15
3420, -9
3421, -8
3422, 0
3423, 0
3424, -11
3425, -10
3426, -11
3427, -13
3428, -10
3429, -11
3430, -8
3431, -6
3432, -8
3433, -7
3434, -5
3435, -5
3436, -6
3437, -7
3438, -7
3439, 0
3440, 0
3441, -13
3442, -13
3443, -13
3444, -9
3445, -4
3446, 0
3447, 0
3448, -1
3449, -2
3450, 0
3451, 0
3452, 0
3453, 0
3454, -5
3455, -6
3456, -7
3457, -6
3458, -6
3459, -8
3460, -8
3461, -8
3462, 0
3463, -2
3464, 0
3465, 0
3466, 0
3467, 0
3468, 0
3469, -2
3470, 0
3471, 0
3472, 0
3473, 0
3474, 0
3475, 0
3476, 0
3477, 0
3478, -5
3479, 0
3480, -8
3481, -9
3482, -8
3483, -8
3484, 0
3485, 0
3486, 0
3487, 3
3488, 3
3489, 3
3490, 0
3491, 0
3492, 0
3493, 0
3494, 1
3495, 0
3496, 0
3497, -3
3498, 0
3499, -5
3500, -4
3501, -5
3502, -6
3503, -7
3504, -7
3505, -6
3506, -8
3507, -9
3508, 0
3509, 0
3510, 0
3511, 0
3512, 0
3513, 0
3514, 0
3515, 0
3516, 0
3517, -3
3518, -4
3519, -4
3520, -4
3521, 0
3522, -6
3523, -7
3524, -8
3525, -5
3526, 0
3527, 0
3528, 0
3529, -5
3530, 0
3531, -5
3532, -7
3533, 0
3534, 0
3535, 1
3536, 0
3537, -2
3538, 0
3539, -4
3540, -4
3541, 0
3542, 0
3543, 1
3544, 2
3545, 0
3546, 0
3547, -1
3548, -1
3549, 0
3550, 1
3551, 4
3552, 0
3553, 0
3554, 0
3555, 0
3556, 0
3557, 1
3558, 0
3559, 4
3560, 4
3561, 2
3562, 0
3563, 0
3564, 4
3565, 1
3566, 0
3567, 5
3568, 4
3569, 4
3570, 0
3571, 3
3572, 1
3573, 0
3574, 0
3575, 0
3576, 5
3577, 6
3578, 0
3579, 3
3580, 2
3581, 2
3582, 0
3583, 11
3584, 9
3585, 0
3586, 4
3587, 0
3588, 4
3589, 4
3590, 3
3591, 0
3592, 0
3593, 0
3594, 0
3595, -1
3596, 0
3597, 0
3598, 0
3599, 12
3600, 12
3601, 9
3602, 0
3603, 0
3604, 6
3605, 4
3606, 5
3607, 0
3608, 0
3609, 3
3610, 0
3611, -1
3612, 0
3613, 1
3614, 0
3615, 12
3616, 11
3617, 0
3618, 7
3619, 7
3620, 0
3621, 5
3622, 5
3623, 0
3624, 4
3625, 0
3626, 0
3627, 1
3628, 0
3629, 0
3630, 0
3631, 0
3632, 12
3633, 13
3634, 12
3635, 11
3636, 10
3637, 11
3638, 0
3639, 0
3640, 13
3641, 12
3642, 10
3643, 12
3644, 9
3645, 8
3646, 0
3647, 14
3648, 13
3649, 12
3650, 12
3651, 0
3652, 9
3653, 9
3654, 9
3655, 16
3656, 0
3657, 14
3658, 13
3659, 13
3660, 11
3661, 11
3662, 11
3663, 17
3664, 19
3665, 17
3666, 0
3667, 0
3668, 11
3669, 11
3670, 10
3671, 16
3672, 15
3673, 15
3674, 15
3675, 0
3676, 0
3677, 11
3678, 12
3679, 19
3680, 20
3681, 16
3682, 0
3683, 0
3684, 12
3685, 12
3686, 10
3687, 17
3688, 18
3689, 0
3690, 16
3691, 13
3692, 0
3693, 13
3694, 14
3695, 17
3696, 17
3697, 16
3698, 0
3699, 13
3700, 13
3701, 0
3702, 13
3703, 20
3704, 0
3705, 16
3706, 0
3707, 13
3708, 0
3709, 10
3710, 12
3711, 17
3712, 17
3713, 16
3714, 16
3715, 15
3716, 0
3717, 12
3718, 14
3719, 0
3720, 24
3721, 26
3722, 24
3723, 24
3724, 0
3725, 18
3726, 21
3727, 27
3728, 26
3729, 0
3730, 0
3731, 19
3732, 20
3733, 18
3734, 20
3735, 25
3736, 0
3737, 22
3738, 21
3739, 0
3740, 0
3741, 19
3742, 21
3743, 33
3744, 0
3745, 30
3746, 29
3747, 30
3748, 28
3749, 0
3750, 25
3751, 41
3752, 40
3753, 38
3754, 0
3755, 34
3756, 35
3757, 34
3758, 34
3759, 0
3760, 37
3761, 39
3762, 0
3763, 35
3764, 0
3765, 35
3766, 0
3767, 0
3768, 0
3769, 0
3770, 0
3771, 0
3772, 0
3773, 0
3774, 0
3775, 0
3776, 0
3777, 0
3778, 0
3779, 0
3780, 0
3781, 0
3782, 0
3783, 0
3784, 0
3785, 0
3786, 0
3787, 0
3788, 0
3789, 0
3790, 0
3791, 0
3792, 0
3793, 0
3794, 0
3795, 21
3796, 0
3797, 22
3798, 21
3799, 26
3800, 0
3801, 27
3802, 0
3803, 26
3804, 24
3805, 0
3806, 29
3807, 0
3808, 31
3809, 0
3810, 0
3811, 31
3812, 0
3813, 28
3814, 33
3815, 0
3816, 39
3817, 41
3818, 40
3819, 40
3820, 37
3821, 0
3822, 0
3823, 40
3824, 41
3825, 41
3826, 40
3827, 39
3828, 0
3829, 35
3830, 34
3831, 47
3832, 48
3833, 0
3834, 45
3835, 42
3836, 0
3837, 41
3838, 40
3839, 0
3840, 51
3841, 52
3842, 0
3843, 0
3844, 46
3845, 43
3846, 43
3847, 0
3848, 48
3849, 0
3850, 43
3851, 41
3852, 40
3853, 0
3854, 37
3855, 0
3856, 44
3857, 43
3858, 43
3859, 40
3860, 41
3861, 40
3862, 0
3863, 0
3864, 41
3865, 0
3866, 38
3867, 37
3868, 37
3869, 0
3870, 35
3871, 42
3872, 0
3873, 37
3874, 36
3875, 0
3876, 35
3877, 34
3878, 34
3879, 47
3880, 0
3881, 0
3882, 41
3883, 42
3884, 42
3885, 40
3886, 0
3887, 0
3888, 41
3889, 43
3890, 0
3891, 41
3892, 0
3893, 38
3894, 39
3895, 44
3896, 0
3897, 41
3898, 41
3899, 0
3900, 36
3901, 39
3902, 39
3903, 51
3904, 0
3905, 0
3906, 44
3907, 43
3908, 44
3909, 0
3910, 44
3911, 54
3912, 0
3913, 53
3914, 0
3915, 49
3916, 49
3917, 0
3918, 49
3919, 54
3920, 0
3921, 0
3922, 50
3923, 50
3924, 47
3925, 46
3926, 0
3927, 0
3928, 49
3929, 48
3930, 47
3931, 0
3932, 45
3933, 45
3934, 44
3935, 57
3936, 56
3937, 0
3938, 0
3939, 51
3940, 0
3941, 48
3942, 48
3943, 54
3944, 0
3945, 52
3946, 0
3947, 46
3948, 0
3949, 44
3950, 43
3951, 58
3952, 58
3953, 0
3954, 52
3955, 54
3956, 52
3957, 51
3958, 0
3959, 0
3960, 51
3961, 52
3962, 0
3963, 48
3964, 0
3965, 45
3966, 43
3967, 59
3968, 57
3969, 58
3970, 0
3971, 53
3972, 51
3973, 0
3974, 52
3975, 63
3976, 0
3977, 61
3978, 60
3979, 59
3980, 58
3981, 0
3982, 0
3983, 63
3984, 58
3985, 0
3986, 54
3987, 52
3988, 0
3989, 51
3990, 51
3991, 0
3992, 0
3993, 0
3994, 57
3995, 56
3996, 0
3997, 53
3998, 0
3999, 66
4000, 63
4001, 62
4002, 0
4003, 0
4004, 57
4005, 56
4006, 61
4007, 0
4008, 67
4009, 65
4010, 63
4011, 61
4012, 0
4013, 58
4014, 58
4015, 63
4016, 0
4017, 62
4018, 62
4019, 0
4020, 56
4021, 55
4022, 57
4023, 0
4024, 0
4025, 0
4026, 61
4027, 61
4028, 0
4029, 0
4030, 59
4031, 70
4032, 70
4033, 68
4034, 68
4035, 0
4036, 62
4037, 60
4038, 59
4039, 67
4040, 0
4041, 64
4042, 63
4043, 0
4044, 0
4045, 56
4046, 0
4047, 0
4048, 0
4049, 0
4050, 61
4051, 59
4052, 0
4053, 58
4054, 57
4055, 0
4056, 0
4057, 68
4058, 66
4059, 65
4060, 63
4061, 63
4062, 0
4063, 76
4064, 77
4065, 0
4066, 72
4067, 0
4068, 68
4069, 0
4070, 0
4071, 80
4072, 0
4073, 73
4074, 71
4075, 71
4076, 0
4077, 67
4078, 66
4079, 71
4080, 0
4081, 0
4082, 68
4083, 66
4084, 0
4085, 0
4086, 58
4087, 75
4088, 74
4089, 0
4090, 0
4091, 66
4092, 65
4093, 0
4094, 61
4095, 80
4096, 75
4097, 0
4098, 0
4099, 0
4100, 69
4101, 0
4102, 68
4103, 0
4104, 79
4105, 79
4106, 79
4107, 0
4108, 73
4109, 72
4110, 72
4111, 86
4112, 0
4113, 81
4114, 80
4115, 0
4116, 76
4117, 0
4118, 76
4119, 89
4120, 0
4121, 0
4122, 80
4123, 79
4124, 0
4125, 0
4126, 77
4127, 0
4128, 86
4129, 87
4130, 87
4131, 0
4132, 78
4133, 77
4134, 0
4135, 82
4136, 0
4137, 77
4138, 0
4139, 72
4140, 72
4141, 0
4142, 0
4143, 86
4144, 80
4145, 0
4146, 0
4147, 74
4148, 75
4149, 74
4150, 0
4151, 85
4152, 0
4153, 83
4154, 81
4155, 0
4156, 0
4157, 74
4158, 74
4159, 96
4160, 0
4161, 0
4162, 89
4163, 88
4164, 86
4165, 0
4166, 0
4167, 0
4168, 0
4169, 0
4170, 81
4171, 80
4172, 81
4173, 0
4174, 0
4175, 92
4176, 88
4177, 0
4178, 0
4179, 82
4180, 81
4181, 0
4182, 80
4183, 93
4184, 0
4185, 0
4186, 0
4187, 0
4188, 0
4189, 79
4190, 0
4191, 0
4192, 0
4193, 0
4194, 95
4195, 94
4196, 94
4197, 92
4198, 0
4199, 0
4200, 101
4201, 103
4202, 0
4203, 0
4204, 0
4205, 89
4206, 0
4207, 103
4208, 0
4209, 97
4210, 97
4211, 0
4212, 93
4213, 0
4214, 90
4215, 0
4216, 101
4217, 0
4218, 96
4219, 0
4220, 0
4221, 0
4222, 0
4223, 0
4224, 0
4225, 104
4226, 0
4227, 101
4228, 0
4229, 0
4230, 96
4231, 118
4232, 0
4233, 111
4234, 111
4235, 112
4236, 0
4237, 107
4238, 109
4239, 113
4240, 0
4241, 105
4242, 102
4243, 0
4244, 0
4245, 0
4246, 98
4247, 0
4248, 113
4249, 113
4250, 0
4251, 0
4252, 0
4253, 104
4254, 106
4255, 119
4256, 0
4257, 111
4258, 0
4259, 103
4260, 103
4261, 102
4262, 0
4263, 0
4264, 0
4265, 109
4266, 0
4267, 103
4268, 102
4269, 0
4270, 0
4271, 111
4272, 109
4273, 0
4274, 108
4275, 105
4276, 0
4277, 0
4278, 0
4279, 0
4280, 115
4281, 0
4282, 111
4283, 0
4284, 108
4285, 106
4286, 0
4287, 120
4288, 118
4289, 0
4290, 0
4291, 112
4292, 0
4293, 107
4294, 0
4295, 0
4296, 116
4297, 116
4298, 116
4299, 0
4300, 108
4301, 0
4302, 105
4303, 125
4304, 0
4305, 0
4306, 0
4307, 117
4308, 0
4309, 115
4310, 116
4311, 0
4312, 0
4313, 0
4314, 110
4315, 0
4316, 0
4317, 108
4318, 0
4319, 114
4320, 113
4321, 113
4322, 0
4323, 0
4324, 104
4325, 0
4326, 104
4327, 0
4328, 113
4329, 0
4330, 109
4331, 107
4332, 106
4333, 107
4334, 0
4335, 115
4336, 112
4337, 0
4338, 0
4339, 107
4340, 106
4341, 105
4342, 0
4343, 114
4344, 114
4345, 112
4346, 0
4347, 0
4348, 106
4349, 104
4350, 0
4351, 0
4352, 114
4353, 0
4354, 0
4355, 0
4356, 107
4357, 105
4358, 105
4359, 119
4360, 0
4361, 114
4362, 113
4363, 111
4364, 0
4365, 0
4366, 108
4367, 0
4368, 117
4369, 116
4370, 0
4371, 0
4372, 0
4373, 105
4374, 105
4375, 119
4376, 0
4377, 117
4378, 0
4379, 112
4380, 109
4381, 108
4382, 109
4383, 0
4384, 110
4385, 109
4386, 110
4387, 109
4388, 0
4389, 0
4390, 106
4391, 0
4392, 106
4393, 106
4394, 0
4395, 101
4396, 0
4397, 99
4398, 98
4399, 111
4400, 111
4401, 0
4402, 104
4403, 102
4404, 102
4405, 102
4406, 0
4407, 112
4408, 111
4409, 110
4410, 0
4411, 0
4412, 104
4413, 102
4414, 103
4415, 0
4416, 104
4417, 106
4418, 104
4419, 101
4420, 0
4421, 0
4422, 97
4423, 112
4424, 112
4425, 0
4426, 107
4427, 0
4428, 102
4429, 102
4430, 0
4431, 107
4432, 0
4433, 105
4434, 101
4435, 0
4436, 99
4437, 98
4438, 0
4439, 0
4440, 101
4441, 102
4442, 99
4443, 97
4444, 0
4445, 0
4446, 96
4447, 107
4448, 106
4449, 0
4450, 101
4451, 99
4452, 99
4453, 99
4454, 0
4455, 108
4456, 108
4457, 106
4458, 107
4459, 0
4460, 0
4461, 101
4462, 100
4463, 98
4464, 99
4465, 97
4466, 0
4467, 0
4468, 92
4469, 92
4470, 94
4471, 0
4472, 0
4473, 100
4474, 98
4475, 0
4476, 0
4477, 94
4478, 95
4479, 108
4480, 108
4481, 0
4482, 0
4483, 102
4484, 102
4485, 102
4486, 101
4487, 0
4488, 0
4489, 94
4490, 93
4491, 94
4492, 91
4493, 0
4494, 92
4495, 105
4496, 0
4497, 102
4498, 0
4499, 99
4500, 96
4501, 96
4502, 96
4503, 102
4504, 0
4505, 98
4506, 96
4507, 95
4508, 97
4509, 0
4510, 90
4511, 99
4512, 98
4513, 97
4514, 96
4515, 0
4516, 0
4517, 90
4518, 89
4519, 105
4520, 105
4521, 103
4522, 0
4523, 0
4524, 97
4525, 99
4526, 100
4527, 0
4528, 101
4529, 100
4530, 100
4531, 101
4532, 0
4533, 97
4534, 97
4535, 97
4536, 97
4537, 95
4538, 94
4539, 0
4540, 90
4541, 89
4542, 91
4543, 105
4544, 0
4545, 100
4546, 0
4547, 97
4548, 97
4549, 97
4550, 0
4551, 92
4552, 93
4553, 0
4554, 89
4555, 90
4556, 0
4557, 86
4558, 0
4559, 0
4560, 0
4561, 0
4562, 0
4563, 0
4564, 85
4565, 84
4566, 85
4567, 85
4568, 0
4569, 84
4570, 82
4571, 82
4572, 82
4573, 81
4574, 84
4575, 0
4576, 94
4577, 95
4578, 93
4579, 0
4580, 90
4581, 91
4582, 91
4583, 89
4584, 0
4585, 86
4586, 86
4587, 0
4588, 82
4589, 82
4590, 83
4591, 97
4592, 0
4593, 94
4594, 94
4595, 0
4596, 90
4597, 92
4598, 91
4599, 90
4600, 89
4601, 0
4602, 85
4603, 0
4604, 84
4605, 83
4606, 89
4607, 0
4608, 95
4609, 97
4610, 97
4611, 93
4612, 0
4613, 90
4614, 91
4615, 89
4616, 88
4617, 0
4618, 85
4619, 85
4620, 85
4621, 0
4622, 84
4623, 83
4624, 0
4625, 79
4626, 79
4627, 78
4628, 0
4629, 79
4630, 81
4631, 90
4632, 89
4633, 90
4634, 91
4635, 89
4636, 88
4637, 0
4638, 85
4639, 0
4640, 86
4641, 81
4642, 0
4643, 78
4644, 77
4645, 78
4646, 79
4647, 92
4648, 92
4649, 91
4650, 90
4651, 90
4652, 0
4653, 86
4654, 0
4655, 85
4656, 84
4657, 85
4658, 83
4659, 0
4660, 82
4661, 81
4662, 79
4663, 79
4664, 0
4665, 77
4666, 78
4667, 77
4668, 76
4669, 0
4670, 72
4671, 0
4672, 0
4673, 0
4674, 87
4675, 87
4676, 87
4677, 84
4678, 84
4679, 85
4680, 84
4681, 0
4682, 84
4683, 80
4684, 0
4685, 77
4686, 76
4687, 84
4688, 84
4689, 83
4690, 0
4691, 82
4692, 82
4693, 80
4694, 80
4695, 0
4696, 86
4697, 84
4698, 84
4699, 84
4700, 0
4701, 82
4702, 81
4703, 80
4704, 80
4705, 81
4706, 81
4707, 0
4708, 76
4709, 76
4710, 80
4711, 0
4712, 73
4713, 74
4714, 75
4715, 0
4716, 71
4717, 70
4718, 71
4719, 86
4720, 86
4721, 85
4722, 84
4723, 0
4724, 84
4725, 82
4726, 82
4727, 81
4728, 80
4729, 80
4730, 79
4731, 80
4732, 79
4733, 79
4734, 0
4735, 78
4736, 0
4737, 74
4738, 74
4739, 73
4740, 74
4741, 72
4742, 73
4743, 86
4744, 0
4745, 85
4746, 84
4747, 85
4748, 85
4749, 83
4750, 84
4751, 0
4752, 81
4753, 80
4754, 79
4755, 0
4756, 79
4757, 77
4758, 78
4759, 78
4760, 77
4761, 75
4762, 73
4763, 0
4764, 71
4765, 71
4766, 70
4767, 70
4768, 71
4769, 70
4770, 70
4771, 70
4772, 68
4773, 68
4774, 69
4775, 75
4776, 76
4777, 0
4778, 73
4779, 73
4780, 72
4781, 71
4782, 71
4783, 77
4784, 77
4785, 76
4786, 77
4787, 77
4788, 78
4789, 77
4790, 76
4791, 76
4792, 76
4793, 73
4794, 0
4795, 72
4796, 0
4797, 0
4798, 74
4799, 70
4800, 70
4801, 72
4802, 0
4803, 67
4804, 67
4805, 66
4806, 65
4807, 74
4808, 74
4809, 74
4810, 73
4811, 74
4812, 74
4813, 74
4814, 73
4815, 0
4816, 70
4817, 70
4818, 0
4819, 0
4820, 0
4821, 70
4822, 71
4823, 71
4824, 0
4825, 67
4826, 66
4827, 70
4828, 0
4829, 62
4830, 63
4831, 70
4832, 69
4833, 69
4834, 69
4835, 0
4836, 68
4837, 67
4838, 66
4839, 74
4840, 75
4841, 74
4842, 72
4843, 73
4844, 72
4845, 73
4846, 74
4847, 0
4848, 71
4849, 70
4850, 70
4851, 70
4852, 71
4853, 71
4854, 70
4855, 70
4856, 69
4857, 71
4858, 71
4859, 0
4860, 66
4861, 0
4862, 0
4863, 0
4864, 65
4865, 65
4866, 68
4867, 68
4868, 65
4869, 63
4870, 64
4871, 63
4872, 64
4873, 63
4874, 64
4875, 63
4876, 61
4877, 60
4878, 63
4879, 61
4880, 0
4881, 59
4882, 61
4883, 59
4884, 58
4885, 58
4886, 0
4887, 72
4888, 72
4889, 72
4890, 73
4891, 73
4892, 73
4893, 71
4894, 72
4895, 72
4896, 71
4897, 71
4898, 72
4899, 70
4900, 70
4901, 69
4902, 71
4903, 69
4904, 69
4905, 71
4906, 69
4907, 68
4908, 68
4909, 0
4910, 66
4911, 66
4912, 67
4913, 67
4914, 0
4915, 65
4916, 64
4917, 64
4918, 65
4919, 63
4920, 63
4921, 0
4922, 65
4923, 66
4924, 0
4925, 63
4926, 62
4927, 63
4928, 62
4929, 61
4930, 0
4931, 59
4932, 59
4933, 59
4934, 60
4935, 59
4936, 58
4937, 58
4938, 58
4939, 59
4940, 0
4941, 57
4942, 0
4943, 60
4944, 59
4945, 58
4946, 57
4947, 58
4948, 57
4949, 0
4950, 56
4951, 0
4952, 58
4953, 57
4954, 0
4955, 57
4956, 55
4957, 55
4958, 55
4959, 55
4960, 55
4961, 54
4962, 53
4963, 53
4964, 53
4965, 53
4966, 56
4967, 0
4968, 55
4969, 55
4970, 0
4971, 54
4972, 55
4973, 53
4974, 53
4975, 53
4976, 54
4977, 0
4978, 51
4979, 52
4980, 53
4981, 53
4982, 0
4983, 54
4984, 53
4985, 55
4986, 53
4987, 53
4988, 0
4989, 51
4990, 51
4991, 51
4992, 50
4993, 50
4994, 49
4995, 0
4996, 54
4997, 53
4998, 52
4999, 61
5000, 63
5001, 62
5002, 61
5003, 62
5004, 60
5005, 0
5006, 58
5007, 59
5008, 57
5009, 57
5010, 58
5011, 57
5012, 57
5013, 59
5014, 57
5015, 57
5016, 58
5017, 57
5018, 57
5019, 58
5020, 57
5021, 58
5022, 59
5023, 57
5024, 58
5025, 58
5026, 57
5027, 59
5028, 57
5029, 58
5030, 60
5031, 58
5032, 57
5033, 58
5034, 59
5035, 58
5036, 58
5037, 58
5038, 58
5039, 58
5040, 58
5041, 58
5042, 57
5043, 57
5044, 56
5045, 56
5046, 56
5047, 57
5048, 57
5049, 58
5050, 57
5051, 57
5052, 56
5053, 57
5054, 58
5055, 56
5056, 56
5057, 58
5058, 56
5059, 56
5060, 57
5061, 57
5062, 0
5063, 55
5064, 53
5065, 0
5066, 54
5067, 54
5068, 55
5069, 0
5070, 0
5071, 0
5072, 55
5073, 55
5074, 0
5075, 56
5076, 56
5077, 0
5078, 55
5079, 54
5080, 54
5081, 56
5082, 0
5083, 56
5084, 0
5085, 56
5086, 57
5087, 58
5088, 55
5089, 55
5090, 55
5091, 55
5092, 57
5093, 57
5094, 60
5095, 0
5096, 58
5097, 0
5098, 57
5099, 55
5100, 54
5101, 54
5102, 54
5103, 54
5104, 54
5105, 55
5106, 56
5107, 54
5108, 56
5109, 57
5110, 57
5111, 58
5112, 56
5113, 56
5114, 54
5115, 54
5116, 55
5117, 55
5118, 57
5119, 56
5120, 56
5121, 56
5122, 56
5123, 54
5124, 54
5125, 55
5126, 55
5127, 54
5128, 54
5129, 56
5130, 53
5131, 53
5132, 54
5133, 54
5134, 55
5135, 56
5136, 54
5137, 54
5138, 53
5139, 53
5140, 54
5141, 54
5142, 56
5143, 54
5144, 54
5145, 54
5146, 54
5147, 53
5148, 53
5149, 55
5150, 55
5151, 54
5152, 54
5153, 55
5154, 53
5155, 53
5156, 55
5157, 56
5158, 57
5159, 58
5160, 55
5161, 55
5162, 56
5163, 56
5164, 57
5165, 56
5166, 57
5167, 57
5168, 54
5169, 53
5170, 54
5171, 55
5172, 55
5173, 55
5174, 57
5175, 55
5176, 55
5177, 54
5178, 54
5179, 54
5180, 55
5181, 54
5182, 54
5183, 54
5184, 55
5185, 54
5186, 54
5187, 56
5188, 54
5189, 53
5190, 54
5191, 55
5192, 56
5193, 54
5194, 54
5195, 55
5196, 53
5197, 54
5198, 56
5199, 55
5200, 55
5201, 56
5202, 54
5203, 54
5204, 55
5205, 55
5206, 55
5207, 54
5208, 55
5209, 56
5210, 57
5211, 57
5212, 57
5213, 57
5214, 56
5215, 56
5216, 56
5217, 56
5218, 57
5219, 56
5220, 0
5221, 58
5222, 58
5223, 58
5224, 59
5225, 59
5226, 59
5227, 58
5228, 0
5229, 62
5230, 61
5231, 69
5232, 69
5233, 69
5234, 69
5235, 71
5236, 70
5237, 70
5238, 71
5239, 86
5240, 87
5241, 89
5242, 86
5243, 85
5244, 87
5245, 87
5246, 88
5247, 125
5248, 128
5249, 125
5250, 125
5251, 127
5252, 126
5253, 126
5254, 0
5255, 25
5256, 28
5257, 27
5258, 28
5259, -1240
5260, -1241
5261, -1242
5262, -1264
5263, 0
5264, 0
5265, -1557
5266, -1643
5267, -2679
5268, -2680
5269, -2680
5270, 0
5271, 0
5272, -2682
5273, -2684
5274, 0
5275, -2689
5276, -2690
5277, 0
5278, -2695
5279, 0
5280, -2701
5281, -2701
5282, 0
5283, -2703
5284, 0
5285, 0
5286, 0
5287, 0
5288, 0
5289, 0
5290, 0
5291, 0
5292, 0
5293, 0
5294, 0
5295, 0
5296, 0
5297, 0
5298, 0
5299, 0
5300, 0
5301, 0
5302, 0
5303, 0
5304, 0
5305, 0
5306, 0
5307, 0
5308, 0
5309, 0
5310, 0
5311, 55
5312, 55
5313, 0
5314, 58
5315, 57
5316, 56
5317, 55
5318, 56
5319, 57
5320, 0
5321, 59
5322, 59
5323, 61
5324, 60
5325, 60
5326, 59
5327, 59
5328, 59
5329, 59
5330, 59
5331, 60
5332, 59
5333, 0
5334, 58
5335, 56
5336, 56
5337, 57
5338, 57
5339, 57
5340, 57
5341, 59
5342, 57
5343, 56
5344, 58
5345, 57
5346, 57
5347, 57
5348, 57
5349, 57
5350, 57
5351, 58
5352, 58
5353, 58
5354, 57
5355, 57
5356, 57
5357, 59
5358, 57
5359, 57
5360, 0
5361, 0
5362, 58
5363, 58
5364, 58
5365, 0
5366, 0
5367, 57
5368, 58
5369, 58
5370, 0
5371, 0
5372, 58
5373, 58
5374, 58
5375, 58
5376, 56
5377, 57
5378, 57
5379, 57
5380, 57
5381, 57
5382, 57
5383, 57
5384, 57
5385, 57
5386, 58
5387, 57
5388, 57
5389, 58
5390, 57
5391, 57
5392, 57
5393, 57
5394, 57
5395, 57
5396, 0
5397, 60
5398, 60
5399, 60
5400, 58
5401, 0
5402, 57
5403, 58
5404, 57
5405, 57
5406, 58
5407, 58
5408, 58
5409, 58
5410, 56
5411, 56
5412, 58
5413, 58
5414, 59
5415, 57
5416, 58
5417, 58
5418, 57
5419, 57
5420, 59
5421, 58
5422, 58
5423, 58
5424, 57
5425, 57
5426, 57
5427, 58
5428, 57
5429, 57
5430, 58
5431, 57
5432, 57
5433, 57
5434, 58
5435, 0
5436, 55
5437, 0
5438, 58
5439, 58
5440, 57
5441, 57
5442, 58
5443, 58
5444, 57
5445, 57
5446, 58
5447, 58
5448, 57
5449, 57
5450, 57
5451, 58
5452, 57
5453, 57
5454, 0
5455, 0
5456, 57
5457, 58
5458, 57
5459, 57
5460, 56
5461, 59
5462, 58
5463, 57
5464, 56
5465, 57
5466, 56
5467, 57
5468, 58
5469, 57
5470, 57
5471, 57
5472, 57
5473, 60
5474, 58
5475, 56
5476, 57
5477, 58
5478, 58
5479, 57
5480, 57
5481, 57
5482, 58
5483, 57
5484, 57
5485, 58
5486, 57
5487, 0
5488, 0
5489, 0
5490, 0
5491, 0
5492, 0
5493, 0
5494, 0
5495, 0
5496, 0
5497, 0
5498, 0
5499, 0
5500, 0
5501, 0
5502, 0
5503, 0
5504, 0
5505, 0
5506, 0
5507, 0
