0, 0
1, 0
2, 0
3, 0
4, 0
5, 0
6, 0
7, 0
8, 0
9, 0
10, 0
11, 0
12, 0
13, 0
14, 0
15, 0
16, 0
17, 0
18, 0
19, 0
20, 0
21, 0
22, 0
23, 0
24, 0
25, 0
26, 0
27, 0
28, 0
29, 0
30, 0
31, 0
32, 0
33, 0
34, 0
35, 0
36, 0
37, 0
38, 0
39, 0
40, 0
41, 0
42, 0
43, 0
44, 0
45, 0
46, 0
47, 0
48, 0
49, 0
50, 0
51, 0
52, 0
53, 0
54, 0
55, 0
56, 0
57, 3221
58, 3222
59, 3223
60, 3216
61, 3204
62, 3201
63, 3200
64, 3198
65, 3196
66, 3198
67, 3200
68, 3179
69, 3167
70, 3162
71, 3160
72, 3159
73, 3159
74, 3159
75, 3159
76, 3160
77, 3137
78, 3134
79, 3135
80, 3135
81, 3136
82, 3135
83, 3135
84, 3132
85, 3116
86, 3112
87, 3112
88, 3111
89, 3109
90, 3111
91, 3112
92, 3112
93, 3102
94, 3081
95, 3079
96, 3079
97, 3078
98, 3079
99, 3080
100, 3073
101, 3048
102, 3042
103, 3040
104, 3040
105, 3040
106, 3038
107, 3039
108, 3025
109, 3009
110, 3000
111, 2999
112, 3000
113, 2999
114, 3000
115, 2998
116, 2988
117, 2979
118, 2976
119, 2975
120, 2975
121, 2976
122, 2975
123, 2963
124, 2963
125, 2959
126, 2954
127, 2952
128, 2951
129, 2951
130, 0
131, 0
132, 2944
133, 2937
134, 2935
135, 2935
136, 2934
137, 2932
138, 2934
139, 2936
140, 2936
141, 2919
142, 2906
143, 2903
144, 2903
145, 2901
146, 2904
147, 2893
148, 2892
149, 2887
150, 2882
151, 2880
152, 2880
153, 2880
154, 2880
155, 2879
156, 2879
157, 2871
158, 2863
159, 2863
160, 2863
161, 2862
162, 2863
163, 2863
164, 2853
165, 2841
166, 2832
167, 2831
168, 2830
169, 2830
170, 2832
171, 2831
172, 2830
173, 2817
174, 2816
175, 2815
176, 2814
177, 2813
178, 0
179, 2815
180, 2815
181, 2802
182, 2800
183, 2799
184, 2797
185, 0
186, 2794
187, 2796
188, 2796
189, 2767
190, 2761
191, 2760
192, 2763
193, 2767
194, 2766
195, 2768
196, 2767
197, 2752
198, 2746
199, 2744
200, 0
201, 2746
202, 2745
203, 0
204, 2733
205, 2731
206, 2727
207, 2727
208, 2727
209, 2726
210, 2726
211, 2720
212, 2719
213, 2702
214, 2700
215, 2700
216, 2702
217, 2704
218, 2704
219, 2704
220, 2696
221, 2689
222, 2681
223, 2679
224, 2678
225, 2678
226, 0
227, 0
228, 2670
229, 0
230, 0
231, 2653
232, 2652
233, 2652
234, 2654
235, 2655
236, 2654
237, 2635
238, 2633
239, 2631
240, 2632
241, 2630
242, 2632
243, 2632
244, 2631
245, 2620
246, 2609
247, 2607
248, 2607
249, 2608
250, 2608
251, 2608
252, 2604
253, 2597
254, 2593
255, 2591
256, 2591
257, 2590
258, 2590
259, 0
260, 2587
261, 2570
262, 2569
263, 0
264, 2567
265, 0
266, 0
267, 2556
268, 0
269, 0
270, 0
271, 2550
272, 2550
273, 2550
274, 2551
275, 2552
276, 2552
277, 2541
278, 2537
279, 2536
280, 2535
281, 0
282, 0
283, 0
284, 0
285, 0
286, 0
287, 0
288, 0
289, 0
290, 0
291, 0
292, 0
293, 0
294, 0
295, 0
296, 0
297, 0
298, 0
299, 0
300, 0
301, 0
302, 0
303, 0
304, 0
305, 0
306, 0
307, 0
308, 0
309, 0
310, 0
311, 0
312, 0
313, 0
314, 0
315, 0
316, 0
317, 0
318, 0
319, 0
320, 0
321, 0
322, 0
323, 0
324, 0
325, 0
326, 0
327, 0
328, 0
329, 0
330, 0
331, 0
332, 0
333, 0
334, 0
335, 0
336, 0
337, 0
338, 0
339, 0
340, 0
341, -376
342, -377
343, 0
344, -383
345, 0
346, 0
347, 0
348, 0
349, 0
350, 0
351, 0
352, 0
353, 0
354, -376
355, 0
356, 0
357, -386
358, -387
359, -396
360, -396
361, -399
362, 0
363, -391
364, -398
365, 0
366, -402
367, -419
368, -417
369, -416
370, -418
371, -418
372, -417
373, 0
374, -424
375, -431
376, -431
377, -429
378, -429
379, -430
380, -429
381, -428
382, -438
383, -445
384, -444
385, -444
386, 0
387, -442
388, -442
389, -443
390, -449
391, -458
392, -458
393, -458
394, -458
395, -458
396, -467
397, -469
398, -469
399, -476
400, 0
401, -473
402, -473
403, -473
404, -474
405, -479
406, -481
407, -489
408, -489
409, -490
410, -488
411, -488
412, 0
413, -487
414, -493
415, -502
416, -502
417, -502
418, -502
419, -504
420, -503
421, -507
422, -509
423, -518
424, -517
425, -517
426, -517
427, -517
428, -525
429, -528
430, -529
431, -537
432, -534
433, -535
434, -536
435, -534
436, -535
437, -539
438, 0
439, -552
440, -551
441, -550
442, -550
443, -550
444, -552
445, -551
446, -550
447, -566
448, -567
449, -567
450, -566
451, -567
452, -568
453, -567
454, -569
455, -584
456, 0
457, -585
458, -585
459, -586
460, -587
461, -585
462, -585
463, 0
464, 0
465, -601
466, -601
467, -601
468, 0
469, -601
470, -602
471, -606
472, -607
473, -607
474, -608
475, -607
476, -607
477, -610
478, 0
479, -620
480, -617
481, -617
482, -617
483, -617
484, -618
485, -617
486, -617
487, -636
488, -633
489, -633
490, -633
491, -634
492, -634
493, -636
494, -638
495, -650
496, -650
497, -651
498, -650
499, -651
500, -650
501, -651
502, -652
503, -667
504, -669
505, -668
506, -668
507, -668
508, -666
509, -665
510, -671
511, 0
512, -681
513, -680
514, -679
515, -679
516, -680
517, -680
518, -681
519, -698
520, -697
521, -696
522, -697
523, -696
524, -698
525, -697
526, -697
527, -711
528, -712
529, -714
530, -713
531, -712
532, -712
533, 0
534, -714
535, 0
536, 0
537, -723
538, -723
539, -722
540, -723
541, -722
542, -722
543, 0
544, 0
545, -732
546, -730
547, 0
548, -729
549, -728
550, -731
551, -745
552, -744
553, -744
554, -744
555, -743
556, -744
557, -742
558, -742
559, -760
560, -761
561, -760
562, -758
563, -758
564, -759
565, -757
566, -758
567, -774
568, -774
569, -774
570, -773
571, -775
572, -773
573, -774
574, -777
575, -776
576, -776
577, -775
578, -776
579, -775
580, -775
581, -776
582, -776
583, -790
584, -789
585, -790
586, -790
587, -789
588, -790
589, -790
590, -792
591, -807
592, -805
593, -805
594, -806
595, -806
596, -806
597, -806
598, -808
599, -821
600, -821
601, -821
602, -820
603, -820
604, -823
605, -821
606, -825
607, -837
608, -837
609, -838
610, -837
611, -836
612, -837
613, -838
614, -840
615, 0
616, -834
617, -836
618, -835
619, -834
620, 0
621, -835
622, -837
623, -853
624, -852
625, -853
626, -853
627, -851
628, -853
629, -851
630, -852
631, -868
632, -868
633, -869
634, 0
635, -865
636, -866
637, -866
638, -867
639, -881
640, -881
641, -882
642, -882
643, 0
644, -880
645, -880
646, 0
647, -880
648, -881
649, -880
650, -881
651, -880
652, -880
653, -881
654, 0
655, 0
656, -897
657, -897
658, -897
659, 0
660, 0
661, -893
662, -895
663, -900
664, -901
665, 0
666, -902
667, -903
668, -901
669, 0
670, -900
671, -907
672, -908
673, -909
674, -907
675, -905
676, -905
677, -906
678, -910
679, -922
680, -922
681, -921
682, -921
683, -921
684, -920
685, -921
686, -924
687, 0
688, -926
689, -928
690, -927
691, -928
692, -927
693, 0
694, -924
695, -932
696, -934
697, -933
698, -932
699, -932
700, -931
701, -932
702, -936
703, -948
704, -946
705, -946
706, -946
707, -947
708, -947
709, -947
710, -950
711, -954
712, -955
713, -957
714, -954
715, -954
716, -954
717, -954
718, -955
719, -961
720, -961
721, -960
722, -960
723, -963
724, -960
725, -961
726, -964
727, -968
728, 0
729, -968
730, -968
731, -966
732, 0
733, -963
734, -970
735, -980
736, -980
737, -979
738, -979
739, -979
740, -979
741, -978
742, -981
743, -986
744, -987
745, -988
746, -988
747, -985
748, 0
749, -982
750, -983
751, 0
752, -993
753, 0
754, -991
755, -990
756, -990
757, -989
758, -989
759, -996
760, -996
761, -998
762, -996
763, -994
764, -994
765, -994
766, -995
767, -1005
768, -1003
769, 0
770, -1003
771, -999
772, -998
773, -998
774, -998
775, -1014
776, -1014
777, -1014
778, -1013
779, 0
780, -1011
781, -1012
782, -1010
783, -1018
784, 0
785, -1017
786, -1018
787, -1016
788, -1016
789, -1017
790, -1015
791, -1023
792, -1025
793, -1024
794, -1022
795, -1024
796, -1022
797, 0
798, -1021
799, -1027
800, -1027
801, -1028
802, -1027
803, 0
804, -1025
805, -1024
806, -1024
807, -1031
808, -1032
809, -1032
810, -1031
811, -1030
812, -1031
813, -1030
814, -1034
815, -1044
816, -1046
817, -1045
818, -1044
819, -1044
820, 0
821, -1042
822, -1042
823, -1042
824, -1039
825, -1039
826, -1038
827, -1038
828, -1040
829, -1040
830, -1039
831, -1053
832, 0
833, -1053
834, -1051
835, 0
836, -1049
837, -1048
838, -1049
839, -1047
840, -1047
841, 0
842, -1045
843, -1044
844, -1045
845, -1044
846, -1043
847, -1059
848, -1060
849, -1061
850, -1061
851, -1062
852, -1061
853, -1057
854, -1055
855, -1063
856, -1063
857, -1063
858, -1064
859, -1062
860, -1061
861, -1063
862, 0
863, -1067
864, -1068
865, -1068
866, 0
867, -1066
868, -1066
869, -1063
870, -1063
871, -1072
872, 0
873, -1071
874, -1069
875, -1067
876, -1070
877, 0
878, -1065
879, -1073
880, -1073
881, -1071
882, -1071
883, -1072
884, 0
885, -1069
886, -1071
887, -1075
888, -1075
889, 0
890, -1073
891, -1072
892, -1071
893, 0
894, -1071
895, -1076
896, -1078
897, -1077
898, -1076
899, -1078
900, 0
901, -1075
902, -1076
903, -1081
904, -1080
905, -1081
906, -1083
907, -1079
908, -1078
909, -1080
910, 0
911, 0
912, -1082
913, -1082
914, -1081
915, -1079
916, 0
917, -1080
918, -1079
919, -1077
920, -1076
921, -1075
922, -1075
923, -1075
924, 0
925, -1073
926, -1077
927, -1081
928, -1079
929, 0
930, -1078
931, -1076
932, -1075
933, -1075
934, 0
935, -1080
936, -1079
937, -1079
938, 0
939, -1077
940, -1077
941, -1075
942, -1077
943, -1090
944, 0
945, 0
946, -1085
947, -1084
948, -1084
949, -1084
950, -1084
951, -1084
952, -1084
953, 0
954, -1080
955, -1081
956, 0
957, -1079
958, -1079
959, -1078
960, -1079
961, 0
962, -1075
963, 0
964, -1072
965, -1072
966, -1075
967, -1086
968, -1086
969, -1085
970, 0
971, -1082
972, -1082
973, -1081
974, -1084
975, 0
976, -1082
977, 0
978, -1079
979, -1079
980, -1078
981, -1078
982, 0
983, -1090
984, -1090
985, 0
986, -1089
987, -1086
988, -1085
989, -1085
990, -1087
991, -1085
992, 0
993, 0
994, -1080
995, -1080
996, -1081
997, -1081
998, -1078
999, -1084
1000, -1085
1001, 0
1002, 0
1003, -1081
1004, -1080
1005, -1079
1006, -1081
1007, -1086
1008, -1084
1009, -1084
1010, -1084
1011, 0
1012, -1080
1013, -1080
1014, -1079
1015, -1079
1016, -1079
1017, 0
1018, -1074
1019, 0
1020, -1073
1021, -1073
1022, 0
1023, -1076
1024, -1077
1025, -1076
1026, -1075
1027, -1074
1028, -1074
1029, 0
1030, 0
1031, -1078
1032, -1077
1033, -1079
1034, -1074
1035, 0
1036, -1072
1037, -1071
1038, -1072
1039, -1070
1040, 0
1041, -1069
1042, 0
1043, -1065
1044, -1064
1045, -1063
1046, 0
1047, -1068
1048, -1067
1049, -1068
1050, 0
1051, -1063
1052, -1063
1053, 0
1054, -1060
1055, -1069
1056, -1069
1057, -1067
1058, -1066
1059, 0
1060, -1060
1061, -1060
1062, -1062
1063, -1066
1064, -1066
1065, 0
1066, -1064
1067, -1063
1068, -1062
1069, 0
1070, -1063
1071, -1059
1072, -1058
1073, 0
1074, -1057
1075, -1055
1076, 0
1077, -1052
1078, -1052
1079, 0
1080, -1058
1081, -1055
1082, -1054
1083, -1055
1084, 0
1085, -1050
1086, -1051
1087, -1056
1088, -1055
1089, -1056
1090, 0
1091, -1052
1092, -1052
1093, -1052
1094, 0
1095, -1050
1096, -1049
1097, -1048
1098, 0
1099, -1047
1100, 0
1101, -1043
1102, -1043
1103, -1046
1104, 0
1105, -1044
1106, -1042
1107, -1041
1108, -1041
1109, -1038
1110, -1038
1111, -1045
1112, 0
1113, 0
1114, -1041
1115, 0
1116, -1039
1117, -1037
1118, 0
1119, -1033
1120, -1032
1121, -1032
1122, -1031
1123, 0
1124, 0
1125, 0
1126, -1027
1127, 0
1128, -1029
1129, -1029
1130, 0
1131, -1024
1132, 0
1133, -1023
1134, -1023
1135, 0
1136, -1026
1137, 0
1138, -1022
1139, -1023
1140, -1021
1141, -1020
1142, 0
1143, -1016
1144, -1017
1145, 0
1146, -1014
1147, 0
1148, -1010
1149, -1009
1150, 0
1151, -1005
1152, -1005
1153, 0
1154, -1001
1155, 0
1156, -997
1157, -998
1158, -1000
1159, 0
1160, -1009
1161, -1010
1162, 0
1163, -1005
1164, -1005
1165, 0
1166, -1003
1167, -1001
1168, 0
1169, -998
1170, -998
1171, 0
1172, 0
1173, -991
1174, -990
1175, -989
1176, -990
1177, 0
1178, 0
1179, -982
1180, 0
1181, 0
1182, -977
1183, -983
1184, -981
1185, -979
1186, 0
1187, -975
1188, -975
1189, -975
1190, 0
1191, 0
1192, 0
1193, -974
1194, -974
1195, 0
1196, 0
1197, -968
1198, -967
1199, -964
1200, 0
1201, -964
1202, 0
1203, -957
1204, 0
1205, 0
1206, -954
1207, -952
1208, -949
1209, -948
1210, 0
1211, -943
1212, -946
1213, 0
1214, -945
1215, 0
1216, 0
1217, -946
1218, -945
1219, -943
1220, -942
1221, 0
1222, -936
1223, -943
1224, -941
1225, 0
1226, 0
1227, 0
1228, -933
1229, -932
1230, -931
1231, 0
1232, 0
1233, -924
1234, 0
1235, 0
1236, -918
1237, 0
1238, 0
1239, -910
1240, 0
1241, -909
1242, -907
1243, -908
1244, -907
1245, -908
1246, 0
1247, 0
1248, -909
1249, -906
1250, 0
1251, 0
1252, -900
1253, -899
1254, -899
1255, 0
1256, -902
1257, -899
1258, 0
1259, -893
1260, -893
1261, -892
1262, 0
1263, -884
1264, -882
1265, -882
1266, -883
1267, 0
1268, 0
1269, -877
1270, -875
1271, -874
1272, 0
1273, 0
1274, 0
1275, 0
1276, 0
1277, -861
1278, -862
1279, -859
1280, 0
1281, -857
1282, 0
1283, 0
1284, -848
1285, -846
1286, -845
1287, 0
1288, 0
1289, -850
1290, 0
1291, -844
1292, 0
1293, -839
1294, -843
1295, 0
1296, 0
1297, -841
1298, -839
1299, 0
1300, 0
1301, -835
1302, -835
1303, -832
1304, 0
1305, -824
1306, -822
1307, 0
1308, 0
1309, -819
1310, -818
1311, 0
1312, 0
1313, -810
1314, -809
1315, -806
1316, 0
1317, 0
1318, -798
1319, -797
1320, -797
1321, -796
1322, -796
1323, 0
1324, 0
1325, 0
1326, 0
1327, -777
1328, 0
1329, -773
1330, 0
1331, 0
1332, -766
1333, -766
1334, 0
1335, -769
1336, 0
1337, -764
1338, -764
1339, 0
1340, -759
1341, -758
1342, 0
1343, -762
1344, -761
1345, 0
1346, -757
1347, 0
1348, 0
1349, -748
1350, 0
1351, 0
1352, 0
1353, 0
1354, 0
1355, -731
1356, -731
1357, -730
1358, 0
1359, -725
1360, 0
1361, -723
1362, -721
1363, -722
1364, 0
1365, 0
1366, -713
1367, 0
1368, -712
1369, 0
1370, -705
1371, 0
1372, 0
1373, -700
1374, -699
1375, 0
1376, -693
1377, 0
1378, 0
1379, -686
1380, 0
1381, -681
1382, -680
1383, 0
1384, -683
1385, -682
1386, -680
1387, 0
1388, -674
1389, -673
1390, 0
1391, 0
1392, -675
1393, -673
1394, -673
1395, 0
1396, -667
1397, -667
1398, -668
1399, 0
1400, -664
1401, 0
1402, 0
1403, -658
1404, 0
1405, 0
1406, 0
1407, 0
1408, -642
1409, -642
1410, 0
1411, -639
1412, -638
1413, 0
1414, 0
1415, 0
1416, -629
1417, -627
1418, 0
1419, -622
1420, 0
1421, -618
1422, 0
1423, -615
1424, 0
1425, -609
1426, 0
1427, 0
1428, -605
1429, 0
1430, -601
1431, -600
1432, 0
1433, -596
1434, -594
1435, 0
1436, 0
1437, -588
1438, 0
1439, -583
1440, -583
1441, 0
1442, -578
1443, 0
1444, -575
1445, -573
1446, -573
1447, 0
1448, -577
1449, -574
1450, 0
1451, -572
1452, -571
1453, 0
1454, -568
1455, 0
1456, 0
1457, -561
1458, -560
1459, -559
1460, 0
1461, 0
1462, -552
1463, 0
1464, -548
1465, 0
1466, -544
1467, -541
1468, 0
1469, -538
1470, 0
1471, -543
1472, -541
1473, 0
1474, 0
1475, -537
1476, -537
1477, 0
1478, 0
1479, -529
1480, -528
1481, 0
1482, 0
1483, -522
1484, -520
1485, -517
1486, 0
1487, -514
1488, -512
1489, 0
1490, -508
1491, 0
1492, -504
1493, -507
1494, -503
1495, 0
1496, 0
1497, -495
1498, -494
1499, 0
1500, -492
1501, 0
1502, -489
1503, -487
1504, 0
1505, -481
1506, -479
1507, -479
1508, -478
1509, 0
1510, -472
1511, -471
1512, -470
1513, -470
1514, 0
1515, -464
1516, 0
1517, 0
1518, -459
1519, -457
1520, -455
1521, -454
1522, -453
1523, 0
1524, 0
1525, -450
1526, -448
1527, 0
1528, 0
1529, -440
1530, 0
1531, -437
1532, 0
1533, 0
1534, 0
1535, -429
1536, -430
1537, -429
1538, 0
1539, 0
1540, -420
1541, 0
1542, -418
1543, -418
1544, -417
1545, -415
1546, 0
1547, -410
1548, -409
1549, -409
1550, -407
1551, 0
1552, -402
1553, -401
1554, -401
1555, -398
1556, -399
1557, 0
1558, -394
1559, -392
1560, -391
1561, 0
1562, -386
1563, -388
1564, -384
1565, 0
1566, -382
1567, 0
1568, -376
1569, -376
1570, 0
1571, -373
1572, 0
1573, -368
1574, -368
1575, -367
1576, 0
1577, -353
1578, -354
1579, 0
1580, -349
1581, -350
1582, -348
1583, 0
1584, 0
1585, -350
1586, 0
1587, 0
1588, -344
1589, -344
1590, -346
1591, -343
1592, 0
1593, 0
1594, -336
1595, -336
1596, -335
1597, 0
1598, 0
1599, -330
1600, -328
1601, -326
1602, 0
1603, -324
1604, 0
1605, -325
1606, -327
1607, 0
1608, -325
1609, 0
1610, -320
1611, -319
1612, -318
1613, 0
1614, 0
1615, -312
1616, -305
1617, -303
1618, -303
1619, 0
1620, -300
1621, 0
1622, -298
1623, -297
1624, 0
1625, -291
1626, 0
1627, -288
1628, -289
1629, 0
1630, 0
1631, -282
1632, -281
1633, -279
1634, 0
1635, -277
1636, 0
1637, -281
1638, -279
1639, -277
1640, 0
1641, 0
1642, -263
1643, 0
1644, -260
1645, 0
1646, -259
1647, 0
1648, -253
1649, -252
1650, 0
1651, 0
1652, -246
1653, -245
1654, 0
1655, -240
1656, -241
1657, 0
1658, -236
1659, 0
1660, -231
1661, -232
1662, -233
1663, -231
1664, -230
1665, -228
1666, -226
1667, 0
1668, -223
1669, -224
1670, 0
1671, -225
1672, -222
1673, 0
1674, -217
1675, -218
1676, -218
1677, 0
1678, -212
1679, -212
1680, -212
1681, 0
1682, -209
1683, 0
1684, -206
1685, -205
1686, -207
1687, -204
1688, 0
1689, -202
1690, -201
1691, 0
1692, -201
1693, -200
1694, 0
1695, 0
1696, 0
1697, 0
1698, 0
1699, 0
1700, 0
1701, 0
1702, 0
1703, 0
1704, 0
1705, 0
1706, 0
1707, 0
1708, -172
1709, 0
1710, -170
1711, -169
1712, 0
1713, -164
1714, 0
1715, -160
1716, -159
1717, -159
1718, 0
1719, -155
1720, -154
1721, -154
1722, -154
1723, 0
1724, 0
1725, -150
1726, -143
1727, -141
1728, -140
1729, -138
1730, 0
1731, 0
1732, -133
1733, -133
1734, -133
1735, 0
1736, -128
1737, 0
1738, -127
1739, -121
1740, -121
1741, -122
1742, 0
1743, -115
1744, -114
1745, -115
1746, -114
1747, 0
1748, -109
1749, -108
1750, 0
1751, -106
1752, -104
1753, -104
1754, 0
1755, 0
1756, -97
1757, -96
1758, -97
1759, -96
1760, 0
1761, -92
1762, 0
1763, -89
1764, -88
1765, 0
1766, -86
1767, -84
1768, 0
1769, -81
1770, 0
1771, -78
1772, -78
1773, -76
1774, -76
1775, -75
1776, -73
1777, 0
1778, -71
1779, -72
1780, 0
1781, -68
1782, -67
1783, -64
1784, -59
1785, 0
1786, -55
1787, -55
1788, -54
1789, 0
1790, 0
1791, -48
1792, -46
1793, -46
1794, -47
1795, 0
1796, -44
1797, -43
1798, -44
1799, -40
1800, -39
1801, -38
1802, 0
1803, -35
1804, 0
1805, -34
1806, -34
1807, -30
1808, -30
1809, -28
1810, -28
1811, 0
1812, 0
1813, 0
1814, 0
1815, 0
1816, 0
1817, 0
1818, -10
1819, -11
1820, 0
1821, 0
1822, 0
1823, -12
1824, -12
1825, -11
1826, -12
1827, 0
1828, -7
1829, -8
1830, -6
1831, 0
1832, 0
1833, 0
1834, 1
1835, 1
1836, 2
1837, 2
1838, 10
1839, 0
1840, 17
1841, 17
1842, 16
1843, 0
1844, 20
1845, 0
1846, 0
1847, 25
1848, 25
1849, 25
1850, 25
1851, 28
1852, 28
1853, 0
1854, 32
1855, 36
1856, 42
1857, 43
1858, 43
1859, 0
1860, 45
1861, 47
1862, 0
1863, 50
1864, 50
1865, 49
1866, 49
1867, 51
1868, 0
1869, 55
1870, 0
1871, 58
1872, 58
1873, 60
1874, 60
1875, 0
1876, 62
1877, 0
1878, 72
1879, 74
1880, 75
1881, 75
1882, 0
1883, 76
1884, 79
1885, 81
1886, 79
1887, 83
1888, 84
1889, 85
1890, 85
1891, 0
1892, 0
1893, 90
1894, 89
1895, 91
1896, 92
1897, 93
1898, 0
1899, 0
1900, 96
1901, 97
1902, 98
1903, 107
1904, 108
1905, 108
1906, 110
1907, 0
1908, 112
1909, 112
1910, 0
1911, 114
1912, 117
1913, 117
1914, 116
1915, 0
1916, 120
1917, 120
1918, 121
1919, 122
1920, 123
1921, 123
1922, 124
1923, 124
1924, 0
1925, 127
1926, 0
1927, 138
1928, 138
1929, 141
1930, 0
1931, 142
1932, 143
1933, 0
1934, 144
1935, 148
1936, 148
1937, 147
1938, 149
1939, 0
1940, 0
1941, 154
1942, 155
1943, 158
1944, 164
1945, 0
1946, 0
1947, 168
1948, 167
1949, 169
1950, 168
1951, 171
1952, 173
1953, 170
1954, 0
1955, 175
1956, 176
1957, 174
1958, 175
1959, 176
1960, 180
1961, 180
1962, 180
1963, 0
1964, 182
1965, 184
1966, 0
1967, 194
1968, 195
1969, 197
1970, 197
1971, 197
1972, 0
1973, 200
1974, 0
1975, 205
1976, 209
1977, 211
1978, 213
1979, 212
1980, 212
1981, 214
1982, 215
1983, 218
1984, 219
1985, 217
1986, 218
1987, 219
1988, 221
1989, 223
1990, 225
1991, 0
1992, 225
1993, 227
1994, 227
1995, 228
1996, 228
1997, 229
1998, 0
1999, 239
2000, 0
2001, 243
2002, 242
2003, 240
2004, 243
2005, 245
2006, 0
2007, 249
2008, 257
2009, 256
2010, 257
2011, 0
2012, 259
2013, 0
2014, 261
2015, 261
2016, 261
2017, 261
2018, 262
2019, 0
2020, 265
2021, 267
2022, 266
2023, 268
2024, 268
2025, 267
2026, 268
2027, 271
2028, 0
2029, 0
2030, 285
2031, 286
2032, 292
2033, 292
2034, 0
2035, 291
2036, 296
2037, 297
2038, 295
2039, 298
2040, 298
2041, 296
2042, 299
2043, 0
2044, 302
2045, 303
2046, 303
2047, 0
2048, 304
2049, 306
2050, 0
2051, 0
2052, 311
2053, 311
2054, 312
2055, 313
2056, 313
2057, 313
2058, 313
2059, 314
2060, 313
2061, 0
2062, 327
2063, 329
2064, 0
2065, 332
2066, 0
2067, 338
2068, 338
2069, 339
2070, 339
2071, 339
2072, 0
2073, 0
2074, 345
2075, 343
2076, 344
2077, 343
2078, 352
2079, 353
2080, 355
2081, 0
2082, 358
2083, 0
2084, 358
2085, 359
2086, 360
2087, 361
2088, 361
2089, 0
2090, 362
2091, 364
2092, 0
2093, 367
2094, 369
2095, 377
2096, 378
2097, 379
2098, 380
2099, 380
2100, 379
2101, 378
2102, 0
2103, 383
2104, 384
2105, 384
2106, 382
2107, 384
2108, 385
2109, 385
2110, 394
2111, 396
2112, 396
2113, 395
2114, 396
2115, 0
2116, 0
2117, 402
2118, 401
2119, 410
2120, 410
2121, 411
2122, 412
2123, 409
2124, 412
2125, 0
2126, 0
2127, 415
2128, 416
2129, 416
2130, 417
2131, 417
2132, 417
2133, 420
2134, 430
2135, 430
2136, 431
2137, 431
2138, 430
2139, 433
2140, 434
2141, 433
2142, 433
2143, 435
2144, 442
2145, 443
2146, 443
2147, 0
2148, 0
2149, 445
2150, 455
2151, 456
2152, 456
2153, 459
2154, 459
2155, 460
2156, 459
2157, 459
2158, 0
2159, 462
2160, 463
2161, 0
2162, 464
2163, 464
2164, 467
2165, 466
2166, 466
2167, 473
2168, 0
2169, 477
2170, 478
2171, 478
2172, 479
2173, 480
2174, 490
2175, 491
2176, 492
2177, 492
2178, 491
2179, 0
2180, 0
2181, 493
2182, 0
2183, 495
2184, 495
2185, 0
2186, 498
2187, 498
2188, 497
2189, 499
2190, 0
2191, 504
2192, 0
2193, 511
2194, 0
2195, 0
2196, 514
2197, 513
2198, 516
2199, 519
2200, 521
2201, 523
2202, 524
2203, 524
2204, 525
2205, 526
2206, 526
2207, 0
2208, 527
2209, 528
2210, 530
2211, 530
2212, 532
2213, 531
2214, 0
2215, 538
2216, 542
2217, 0
2218, 546
2219, 546
2220, 545
2221, 545
2222, 546
2223, 549
2224, 553
2225, 551
2226, 0
2227, 0
2228, 556
2229, 556
2230, 556
2231, 557
2232, 557
2233, 560
2234, 561
2235, 560
2236, 561
2237, 0
2238, 566
2239, 568
2240, 579
2241, 580
2242, 582
2243, 582
2244, 581
2245, 583
2246, 584
2247, 584
2248, 585
2249, 0
2250, 588
2251, 588
2252, 587
2253, 588
2254, 588
2255, 591
2256, 607
2257, 606
2258, 607
2259, 607
2260, 607
2261, 609
2262, 609
2263, 609
2264, 609
2265, 0
2266, 612
2267, 612
2268, 614
2269, 614
2270, 614
2271, 616
2272, 623
2273, 624
2274, 624
2275, 623
2276, 623
2277, 625
2278, 628
2279, 636
2280, 636
2281, 633
2282, 632
2283, 633
2284, 0
2285, 637
2286, 637
2287, 639
2288, 648
2289, 649
2290, 648
2291, 649
2292, 649
2293, 648
2294, 650
2295, 0
2296, 662
2297, 661
2298, 663
2299, 661
2300, 660
2301, 662
2302, 663
2303, 663
2304, 672
2305, 672
2306, 671
2307, 674
2308, 674
2309, 674
2310, 677
2311, 680
2312, 0
2313, 686
2314, 686
2315, 687
2316, 687
2317, 688
2318, 690
2319, 694
2320, 703
2321, 704
2322, 704
2323, 705
2324, 705
2325, 706
2326, 0
2327, 0
2328, 719
2329, 719
2330, 718
2331, 718
2332, 719
2333, 721
2334, 721
2335, 730
2336, 729
2337, 729
2338, 730
2339, 729
2340, 730
2341, 731
2342, 732
2343, 738
2344, 0
2345, 742
2346, 742
2347, 740
2348, 741
2349, 744
2350, 747
2351, 749
2352, 761
2353, 761
2354, 761
2355, 762
2356, 763
2357, 763
2358, 761
2359, 763
2360, 0
2361, 767
2362, 767
2363, 765
2364, 767
2365, 768
2366, 769
2367, 773
2368, 781
2369, 780
2370, 780
2371, 782
2372, 783
2373, 783
2374, 784
2375, 786
2376, 0
2377, 796
2378, 797
2379, 0
2380, 795
2381, 794
2382, 0
2383, 802
2384, 808
2385, 809
2386, 810
2387, 810
2388, 810
2389, 809
2390, 809
2391, 813
2392, 818
2393, 818
2394, 0
2395, 821
2396, 822
2397, 821
2398, 0
2399, 827
2400, 839
2401, 840
2402, 840
2403, 840
2404, 840
2405, 841
2406, 841
2407, 839
2408, 839
2409, 841
2410, 843
2411, 842
2412, 0
2413, 844
2414, 0
2415, 854
2416, 0
2417, 861
2418, 861
2419, 0
2420, 862
2421, 863
2422, 864
2423, 867
2424, 872
2425, 871
2426, 869
2427, 872
2428, 874
2429, 872
2430, 873
2431, 874
2432, 0
2433, 876
2434, 0
2435, 0
2436, 0
2437, 0
2438, 878
2439, 880
2440, 890
2441, 890
2442, 891
2443, 892
2444, 892
2445, 0
2446, 897
2447, 897
2448, 897
2449, 897
2450, 896
2451, 898
2452, 0
2453, 900
2454, 902
2455, 903
2456, 903
2457, 908
2458, 908
2459, 908
2460, 909
2461, 909
2462, 912
2463, 917
2464, 0
2465, 923
2466, 924
2467, 925
2468, 926
2469, 0
2470, 929
2471, 931
2472, 933
2473, 938
2474, 937
2475, 937
2476, 936
2477, 938
2478, 942
2479, 945
2480, 955
2481, 0
2482, 958
2483, 958
2484, 957
2485, 957
2486, 957
2487, 958
2488, 959
2489, 960
2490, 0
2491, 957
2492, 0
2493, 960
2494, 961
2495, 964
2496, 970
2497, 0
2498, 972
2499, 971
2500, 0
2501, 974
2502, 974
2503, 975
2504, 979
2505, 981
2506, 982
2507, 983
2508, 981
2509, 982
2510, 983
2511, 984
2512, 991
2513, 991
2514, 991
2515, 989
2516, 992
2517, 993
2518, 991
2519, 991
2520, 994
2521, 1001
2522, 1000
2523, 0
2524, 0
2525, 0
2526, 1003
2527, 1006
2528, 1013
2529, 1012
2530, 1012
2531, 1014
2532, 1014
2533, 1014
2534, 1015
2535, 1022
2536, 1029
2537, 1031
2538, 1030
2539, 1030
2540, 1031
2541, 1030
2542, 1029
2543, 1031
2544, 1040
2545, 1039
2546, 1040
2547, 1040
2548, 0
2549, 1043
2550, 1044
2551, 1048
2552, 1047
2553, 1048
2554, 1052
2555, 1051
2556, 1050
2557, 1052
2558, 1054
2559, 1057
2560, 1066
2561, 1066
2562, 1070
2563, 1070
2564, 1069
2565, 1070
2566, 1073
2567, 1075
2568, 1089
2569, 1090
2570, 1090
2571, 1090
2572, 1090
2573, 1089
2574, 1088
2575, 1089
2576, 1090
2577, 1089
2578, 1091
2579, 1091
2580, 1090
2581, 1091
2582, 1094
2583, 1098
2584, 1108
2585, 1106
2586, 1105
2587, 1107
2588, 1109
2589, 1109
2590, 1112
2591, 1118
2592, 1124
2593, 1125
2594, 1124
2595, 0
2596, 1123
2597, 1124
2598, 1126
2599, 0
2600, 1136
2601, 1136
2602, 0
2603, 1135
2604, 1134
2605, 1134
2606, 1135
2607, 1137
2608, 1143
2609, 1141
2610, 1141
2611, 1140
2612, 1141
2613, 1143
2614, 0
2615, 1153
2616, 1161
2617, 1163
2618, 1163
2619, 1162
2620, 1162
2621, 1161
2622, 0
2623, 1165
2624, 0
2625, 1172
2626, 1172
2627, 1171
2628, 1172
2629, 1173
2630, 0
2631, 1176
2632, 1185
2633, 1183
2634, 1185
2635, 1186
2636, 1187
2637, 1186
2638, 1187
2639, 1189
2640, 1200
2641, 1200
2642, 1199
2643, 1196
2644, 0
2645, 1200
2646, 1202
2647, 1215
2648, 1218
2649, 1217
2650, 1215
2651, 1214
2652, 1215
2653, 0
2654, 1221
2655, 1223
2656, 1229
2657, 1228
2658, 0
2659, 1225
2660, 1225
2661, 1226
2662, 1228
2663, 1229
2664, 1235
2665, 1234
2666, 0
2667, 1236
2668, 1235
2669, 1237
2670, 1239
2671, 1245
2672, 1249
2673, 1250
2674, 1253
2675, 1252
2676, 1252
2677, 1253
2678, 1254
2679, 1263
2680, 1271
2681, 0
2682, 1268
2683, 0
2684, 1271
2685, 1273
2686, 1275
2687, 0
2688, 0
2689, 1285
2690, 1284
2691, 0
2692, 1286
2693, 1285
2694, 0
2695, 1287
2696, 1297
2697, 1298
2698, 1297
2699, 0
2700, 1296
2701, 1295
2702, 0
2703, 1308
2704, 1313
2705, 1313
2706, 1313
2707, 1313
2708, 1313
2709, 1314
2710, 1316
2711, 1320
2712, 1327
2713, 1327
2714, 1327
2715, 1327
2716, 1329
2717, 1332
2718, 1334
2719, 1339
2720, 1347
2721, 1349
2722, 1347
2723, 1346
2724, 1347
2725, 1347
2726, 1349
2727, 0
2728, 1366
2729, 0
2730, 1364
2731, 0
2732, 1365
2733, 1366
2734, 1367
2735, 1367
2736, 1366
2737, 1372
2738, 1374
2739, 1373
2740, 1374
2741, 1374
2742, 1376
2743, 1378
2744, 1389
2745, 1391
2746, 1390
2747, 1389
2748, 1390
2749, 1389
2750, 1390
2751, 1395
2752, 1398
2753, 1405
2754, 1406
2755, 1405
2756, 1405
2757, 1406
2758, 1408
2759, 1416
2760, 1416
2761, 0
2762, 1424
2763, 0
2764, 1421
2765, 1422
2766, 0
2767, 1436
2768, 0
2769, 1437
2770, 1437
2771, 0
2772, 1440
2773, 1437
2774, 1439
2775, 0
2776, 1453
2777, 1453
2778, 0
2779, 0
2780, 1456
2781, 1455
2782, 1454
2783, 1456
2784, 1472
2785, 1473
2786, 1473
2787, 1473
2788, 1472
2789, 1471
2790, 1473
2791, 1482
2792, 1486
2793, 1489
2794, 1489
2795, 1488
2796, 1488
2797, 1488
2798, 1490
2799, 1494
2800, 1506
2801, 1506
2802, 1505
2803, 1506
2804, 1505
2805, 1504
2806, 1504
2807, 1512
2808, 1520
2809, 1520
2810, 1518
2811, 1521
2812, 1521
2813, 0
2814, 1520
2815, 1528
2816, 1535
2817, 1536
2818, 1537
2819, 1536
2820, 1535
2821, 1535
2822, 1536
2823, 1542
2824, 1550
2825, 1548
2826, 1551
2827, 1552
2828, 1550
2829, 1550
2830, 1550
2831, 1556
2832, 1567
2833, 1567
2834, 1566
2835, 1566
2836, 1568
2837, 1568
2838, 1570
2839, 1579
2840, 1583
2841, 1584
2842, 1584
2843, 1582
2844, 1583
2845, 1584
2846, 1586
2847, 1589
2848, 1600
2849, 1600
2850, 0
2851, 1598
2852, 1597
2853, 0
2854, 1600
2855, 1605
2856, 1615
2857, 1616
2858, 0
2859, 1611
2860, 1612
2861, 0
2862, 1616
2863, 1618
2864, 1632
2865, 1630
2866, 1630
2867, 1630
2868, 1631
2869, 1630
2870, 1632
2871, 1641
2872, 1646
2873, 1646
2874, 0
2875, 1645
2876, 1645
2877, 1644
2878, 1645
2879, 1648
2880, 1668
2881, 1668
2882, 1667
2883, 0
2884, 1666
2885, 1666
2886, 1665
2887, 1666
2888, 1674
2889, 1674
2890, 1673
2891, 1674
2892, 1675
2893, 1673
2894, 1675
2895, 1690
2896, 1698
2897, 1698
2898, 1698
2899, 1697
2900, 1697
2901, 1698
2902, 1699
2903, 1703
2904, 1712
2905, 1714
2906, 1714
2907, 1714
2908, 1712
2909, 1711
2910, 1713
2911, 1722
2912, 1736
2913, 1735
2914, 1736
2915, 1736
2916, 1735
2917, 1735
2918, 1736
2919, 1737
2920, 1743
2921, 1754
2922, 1754
2923, 1751
2924, 1751
2925, 1752
2926, 1753
2927, 1753
2928, 1755
2929, 1768
2930, 1768
2931, 1769
2932, 1768
2933, 1767
2934, 1768
2935, 1769
2936, 1776
2937, 1783
2938, 1783
2939, 1782
2940, 1783
2941, 1784
2942, 1785
2943, 1787
2944, 1794
2945, 1805
2946, 0
2947, 1805
2948, 1805
2949, 1804
2950, 1807
2951, 1812
2952, 1822
2953, 1821
2954, 1820
2955, 1820
2956, 1821
2957, 1821
2958, 1822
2959, 1834
2960, 1844
2961, 1844
2962, 1844
2963, 0
2964, 1842
2965, 1841
2966, 1843
2967, 1853
2968, 1858
2969, 1857
2970, 1857
2971, 1858
2972, 1857
2973, 1858
2974, 1860
2975, 1867
2976, 1870
2977, 1880
2978, 1879
2979, 1877
2980, 1879
2981, 1880
2982, 1882
2983, 1886
2984, 1903
2985, 1902
2986, 1901
2987, 1900
2988, 0
2989, 1900
2990, 1900
2991, 1908
2992, 1914
2993, 1918
2994, 1917
2995, 1916
2996, 1914
2997, 1915
2998, 1916
2999, 1922
3000, 1940
3001, 1940
3002, 1940
3003, 0
3004, 1937
3005, 1936
3006, 1936
3007, 0
3008, 0
3009, 1962
3010, 1962
3011, 1962
3012, 1959
3013, 1958
3014, 1960
3015, 1965
3016, 1969
3017, 1976
3018, 1977
3019, 1976
3020, 1974
3021, 1976
3022, 1978
3023, 1983
3024, 1995
3025, 2009
3026, 2008
3027, 0
3028, 2005
3029, 2003
3030, 2002
3031, 2002
3032, 2006
3033, 2030
3034, 2028
3035, 2027
3036, 2028
3037, 2029
3038, 2029
3039, 2033
3040, 2039
3041, 2039
3042, 2042
3043, 2051
3044, 2052
3045, 2052
3046, 2054
3047, 0
3048, 2082
3049, 2081
3050, 0
3051, 2081
3052, 2082
3053, 0
3054, 2084
3055, 2094
3056, 2097
3057, 2095
3058, 2096
3059, 2097
3060, 2096
3061, 2095
3062, 2096
3063, 2107
3064, 0
3065, 2117
3066, 2118
3067, 2118
3068, 2119
3069, 2119
3070, 2119
3071, 2121
3072, 2137
3073, 2136
3074, 2140
3075, 2140
3076, 2139
3077, 2139
3078, 2140
3079, 2142
3080, 2163
3081, 2172
3082, 2172
3083, 2170
3084, 2171
3085, 2170
3086, 0
3087, 2174
3088, 2176
3089, 2184
3090, 2184
3091, 2183
3092, 2185
3093, 2185
3094, 2186
3095, 2188
3096, 0
3097, 0
3098, 2214
3099, 2216
3100, 0
3101, 2215
3102, 2217
3103, 2223
3104, 2228
3105, 2237
3106, 2237
3107, 2238
3108, 2237
3109, 2237
3110, 0
3111, 2241
3112, 2254
3113, 2258
3114, 2258
3115, 2258
3116, 0
3117, 0
3118, 2257
3119, 2262
3120, 2273
3121, 2289
3122, 2288
3123, 2288
3124, 2287
3125, 0
3126, 2286
3127, 2288
3128, 2309
3129, 2309
3130, 2309
3131, 2306
3132, 2307
3133, 2308
3134, 2310
3135, 2319
3136, 2337
3137, 2348
3138, 2345
3139, 2345
3140, 2346
3141, 2346
3142, 2347
3143, 2350
3144, 0
3145, 2376
3146, 0
3147, 2374
3148, 0
3149, 2375
3150, 2377
3151, 2388
3152, 2399
3153, 2399
3154, 2399
3155, 0
3156, 2396
3157, 2395
3158, 2397
3159, 2405
3160, 2418
3161, 2424
3162, 2424
3163, 2424
3164, 2423
3165, 0
3166, 2424
3167, 0
3168, 0
3169, 2454
3170, 0
3171, 2459
3172, 2460
3173, 2461
3174, 2462
3175, 2471
3176, 2477
3177, 2490
3178, 2491
3179, 2491
3180, 2490
3181, 2488
3182, 2489
3183, 2490
3184, 2506
3185, 0
3186, 2518
3187, 0
3188, 2520
3189, 2519
3190, 2520
3191, 2527
3192, 2560
3193, 2566
3194, 2565
3195, 2564
3196, 0
3197, 2563
3198, 2564
3199, 2566
3200, 2585
3201, 2596
3202, 2595
3203, 2594
3204, 2594
3205, 2593
3206, 0
3207, 2600
3208, 2615
3209, 2622
3210, 2623
3211, 2623
3212, 2622
3213, 2622
3214, 0
3215, 2636
3216, 2637
3217, 2655
3218, 2668
3219, 2668
3220, 2668
3221, 2667
3222, 2667
3223, 2672
3224, 2701
3225, 0
3226, 2704
3227, 2704
3228, 2704
3229, 2703
3230, 2704
3231, 2707
3232, 2728
3233, 2751
3234, 2751
3235, 0
3236, 2748
3237, 2747
3238, 2748
3239, 2755
3240, 2775
3241, 2793
3242, 2792
3243, 2791
3244, 0
3245, 2790
3246, 2790
3247, 2797
3248, 0
3249, 2818
3250, 2817
3251, 2819
3252, 2820
3253, 2819
3254, 2821
3255, 2832
3256, 2873
3257, 2872
3258, 0
3259, 0
3260, 2868
3261, 2869
3262, 2871
3263, 2876
3264, 2916
3265, 2916
3266, 2915
3267, 2913
3268, 2914
3269, 2914
3270, 2914
3271, 2916
3272, 2946
3273, 2960
3274, 2961
3275, 2962
3276, 2961
3277, 2961
3278, 0
3279, 2966
3280, 2982
3281, 2995
3282, 2994
3283, 2995
3284, 2988
3285, 2983
3286, 2970
3287, 2955
3288, 2952
3289, 2953
3290, 2953
3291, 0
3292, 2941
3293, 2921
3294, 2906
3295, 2902
3296, 0
3297, 2900
3298, 2898
3299, 2898
3300, 2900
3301, 0
3302, 0
3303, 2846
3304, 2844
3305, 2842
3306, 2841
3307, 2842
3308, 2843
3309, 0
3310, 2798
3311, 0
3312, 2790
3313, 2790
3314, 2790
3315, 2789
3316, 2789
3317, 2768
3318, 2748
3319, 2742
3320, 0
3321, 0
3322, 2732
3323, 2733
3324, 2735
3325, 2720
3326, 0
3327, 2686
3328, 2684
3329, 2684
3330, 2682
3331, 2681
3332, 2683
3333, 2672
3334, 2650
3335, 2642
3336, 2639
3337, 2638
3338, 2638
3339, 0
3340, 2636
3341, 2620
3342, 2603
3343, 2599
3344, 2597
