0, 0
1, 0
2, 0
3, 0
4, 0
5, 0
6, 0
7, 0
8, 0
9, 0
10, 0
11, 0
12, 0
13, 0
14, 0
15, 0
16, 0
17, 0
18, 0
19, 0
20, 0
21, 0
22, 0
23, 0
24, 0
25, 0
26, 0
27, 0
28, 0
29, 0
30, 0
31, 0
32, 0
33, 0
34, 0
35, 0
36, 0
37, 0
38, 0
39, 0
40, 0
41, 0
42, 0
43, 0
44, 0
45, 0
46, 0
47, 0
48, 0
49, 0
50, 0
51, 0
52, 0
53, 0
54, 0
55, 0
56, 0
57, 7
58, 7
59, 7
60, 7
61, 7
62, 6
63, 6
64, 6
65, 6
66, 6
67, 6
68, 6
69, 6
70, 6
71, 6
72, 6
73, 6
74, 5
75, 5
76, 6
77, 6
78, 5
79, 6
80, 6
81, 7
82, 6
83, 6
84, 6
85, 6
86, 6
87, 8
88, 8
89, 7
90, 8
91, 8
92, 7
93, 7
94, 6
95, 6
96, 6
97, 0
98, 0
99, 6
100, 6
101, 5
102, 0
103, 6
104, 6
105, 6
106, 5
107, 5
108, 5
109, 6
110, 5
111, 6
112, 6
113, 6
114, 6
115, 6
116, 6
117, 6
118, 6
119, 0
120, 0
121, 0
122, 6
123, 6
124, 6
125, 6
126, 6
127, 6
128, 6
129, 6
130, 0
131, 0
132, 0
133, 6
134, 6
135, 0
136, 4
137, 4
138, 4
139, 7
140, 7
141, 4
142, 4
143, 3
144, 7
145, 4
146, 4
147, 6
148, 6
149, 6
150, 6
151, 6
152, 6
153, 6
154, 6
155, 6
156, 6
157, 6
158, 6
159, 6
160, 6
161, 6
162, 6
163, 6
164, 2
165, 2
166, 2
167, 3
168, 0
169, 6
170, 7
171, 5
172, 5
173, 2
174, 3
175, 6
176, 5
177, 4
178, 1
179, 6
180, 6
181, 6
182, 5
183, 5
184, 5
185, 0
186, 3
187, 3
188, 3
189, 4
190, 4
191, 4
192, 5
193, 6
194, 6
195, 6
196, 6
197, 0
198, 0
199, 0
200, 0
201, 5
202, 5
203, 0
204, 3
205, 4
206, 4
207, 7
208, 4
209, 4
210, 4
211, 4
212, 4
213, 4
214, 4
215, 4
216, 4
217, 6
218, 6
219, 6
220, 6
221, 6
222, 0
223, 6
224, 6
225, 0
226, 0
227, 0
228, 2
229, 0
230, 0
231, 0
232, 2
233, 2
234, 6
235, 6
236, 5
237, 6
238, 6
239, 5
240, 6
241, 5
242, 5
243, 5
244, 2
245, 3
246, 4
247, 6
248, 6
249, 5
250, 5
251, 6
252, 6
253, 5
254, 6
255, 6
256, 4
257, 4
258, 4
259, 0
260, 6
261, 6
262, 6
263, 0
264, 3
265, 0
266, 0
267, 0
268, 0
269, 0
270, 0
271, 5
272, 5
273, 3
274, 4
275, 4
276, 7
277, 6
278, 6
279, 3
280, 3
281, 0
282, 0
283, 0
284, 0
285, 0
286, 0
287, 0
288, 0
289, 0
290, 0
291, 0
292, 0
293, 0
294, 0
295, 0
296, 0
297, 0
298, 0
299, 0
300, 0
301, 0
302, 0
303, 0
304, 0
305, 0
306, 0
307, 0
308, 0
309, 0
310, 0
311, 0
312, 0
313, 0
314, 0
315, 0
316, 0
317, 0
318, 0
319, 0
320, 0
321, 0
322, 0
323, 0
324, 0
325, 0
326, 0
327, 0
328, 0
329, 0
330, 0
331, 0
332, 0
333, 0
334, 0
335, 0
336, 0
337, 0
338, 0
339, 0
340, 0
341, -4
342, -3
343, 0
344, -6
345, 0
346, 0
347, -3
348, 0
349, 0
350, 0
351, 0
352, 0
353, 0
354, 5
355, 0
356, 0
357, 4
358, 4
359, 4
360, 5
361, 4
362, 0
363, 8
364, 7
365, 0
366, 5
367, 5
368, 6
369, 6
370, 5
371, 4
372, 4
373, 0
374, 7
375, 0
376, 0
377, 4
378, 4
379, 5
380, 5
381, 5
382, 5
383, 5
384, 5
385, 7
386, 0
387, 9
388, 9
389, 9
390, 9
391, 8
392, 8
393, 8
394, 6
395, 6
396, 7
397, 7
398, 7
399, 6
400, 0
401, 7
402, 7
403, 7
404, 7
405, 7
406, 6
407, 4
408, 3
409, 4
410, 5
411, 5
412, 0
413, 6
414, 6
415, 6
416, 6
417, 6
418, 6
419, 6
420, 6
421, 6
422, 7
423, 6
424, 7
425, 7
426, 6
427, 7
428, 7
429, 6
430, 6
431, 6
432, 8
433, 6
434, 6
435, 6
436, 7
437, 7
438, 7
439, 8
440, 8
441, 7
442, 5
443, 6
444, 0
445, 7
446, 8
447, 8
448, 8
449, 8
450, 8
451, 7
452, 7
453, 7
454, 8
455, 7
456, 0
457, 6
458, 6
459, 6
460, 7
461, 7
462, 7
463, 0
464, 0
465, 6
466, 6
467, 6
468, 0
469, 7
470, 7
471, 8
472, 8
473, 8
474, 8
475, 7
476, 7
477, 7
478, 0
479, 6
480, 6
481, 5
482, 5
483, 6
484, 6
485, 5
486, 5
487, 7
488, 6
489, 6
490, 6
491, 6
492, 7
493, 6
494, 6
495, 6
496, 6
497, 5
498, 5
499, 7
500, 7
501, 5
502, 5
503, 6
504, 6
505, 6
506, 6
507, 6
508, 7
509, 7
510, 6
511, 0
512, 8
513, 7
514, 8
515, 8
516, 7
517, 7
518, 8
519, 8
520, 8
521, 8
522, 7
523, 8
524, 8
525, 8
526, 8
527, 8
528, 8
529, 8
530, 8
531, 8
532, 8
533, 0
534, 5
535, 0
536, 0
537, 6
538, 5
539, 6
540, 6
541, 7
542, 6
543, 0
544, 0
545, 5
546, 6
547, 0
548, 8
549, 8
550, 7
551, 7
552, 7
553, 7
554, 8
555, 7
556, 8
557, 6
558, 6
559, 5
560, 5
561, 7
562, 8
563, 8
564, 8
565, 7
566, 7
567, 7
568, 7
569, 6
570, 7
571, 7
572, 7
573, 8
574, 7
575, 6
576, 6
577, 8
578, 8
579, 7
580, 7
581, 5
582, 6
583, 6
584, 7
585, 9
586, 7
587, 7
588, 6
589, 8
590, 8
591, 8
592, 9
593, 7
594, 7
595, 5
596, 5
597, 5
598, 5
599, 5
600, 5
601, 5
602, 6
603, 6
604, 7
605, 5
606, 5
607, 5
608, 6
609, 6
610, 6
611, 5
612, 5
613, 5
614, 5
615, 0
616, 7
617, 7
618, 7
619, 6
620, 0
621, 0
622, 0
623, 4
624, 5
625, 6
626, 6
627, 5
628, 5
629, 5
630, 5
631, 5
632, 5
633, 0
634, 0
635, 6
636, 7
637, 6
638, 6
639, 6
640, 6
641, 6
642, 6
643, 0
644, 8
645, 7
646, 0
647, 6
648, 5
649, 6
650, 6
651, 6
652, 6
653, 5
654, 0
655, 0
656, 5
657, 5
658, 5
659, 0
660, 0
661, 9
662, 7
663, 7
664, 5
665, 0
666, 6
667, 6
668, 6
669, 0
670, 6
671, 5
672, 5
673, 6
674, 6
675, 7
676, 7
677, 5
678, 6
679, 6
680, 6
681, 7
682, 8
683, 7
684, 7
685, 7
686, 7
687, 0
688, 7
689, 6
690, 6
691, 6
692, 6
693, 0
694, 7
695, 7
696, 7
697, 7
698, 7
699, 7
700, 8
701, 8
702, 9
703, 9
704, 10
705, 10
706, 10
707, 8
708, 7
709, 7
710, 7
711, 8
712, 7
713, 6
714, 6
715, 6
716, 5
717, 6
718, 6
719, 4
720, 5
721, 5
722, 5
723, 6
724, 6
725, 6
726, 6
727, 5
728, 0
729, 6
730, 6
731, 7
732, 0
733, 9
734, 7
735, 6
736, 5
737, 6
738, 6
739, 6
740, 6
741, 6
742, 6
743, 6
744, 6
745, 7
746, 5
747, 5
748, 0
749, 8
750, 8
751, 0
752, 5
753, 0
754, 7
755, 8
756, 8
757, 7
758, 7
759, 7
760, 8
761, 8
762, 8
763, 8
764, 6
765, 6
766, 6
767, 6
768, 6
769, 0
770, 7
771, 8
772, 7
773, 6
774, 6
775, 6
776, 7
777, 6
778, 5
779, 0
780, 7
781, 7
782, 7
783, 7
784, 0
785, 8
786, 8
787, 7
788, 7
789, 7
790, 8
791, 7
792, 8
793, 7
794, 5
795, 5
796, 5
797, 0
798, 7
799, 7
800, 7
801, 6
802, 6
803, 0
804, 8
805, 7
806, 7
807, 7
808, 6
809, 5
810, 5
811, 6
812, 6
813, 0
814, 5
815, 5
816, 5
817, 5
818, 5
819, 7
820, 0
821, 6
822, 7
823, 7
824, 6
825, 7
826, 7
827, 6
828, 6
829, 6
830, 7
831, 7
832, 0
833, 9
834, 9
835, 0
836, 7
837, 8
838, 8
839, 5
840, 5
841, 0
842, 7
843, 7
844, 7
845, 6
846, 7
847, 6
848, 6
849, 6
850, 6
851, 5
852, 6
853, 7
854, 8
855, 5
856, 5
857, 5
858, 7
859, 5
860, 5
861, 5
862, 0
863, 6
864, 6
865, 0
866, 0
867, 7
868, 5
869, 6
870, 6
871, 6
872, 0
873, 6
874, 6
875, 6
876, 6
877, 0
878, 7
879, 7
880, 5
881, 5
882, 6
883, 6
884, 0
885, 6
886, 7
887, 6
888, 6
889, 0
890, 8
891, 7
892, 5
893, 0
894, 7
895, 7
896, 7
897, 7
898, 8
899, 7
900, 0
901, 7
902, 7
903, 8
904, 8
905, 6
906, 7
907, 5
908, 6
909, 6
910, 0
911, 0
912, 8
913, 8
914, 8
915, 8
916, 0
917, 6
918, 6
919, 7
920, 6
921, 6
922, 6
923, 6
924, 0
925, 6
926, 6
927, 4
928, 0
929, 0
930, 6
931, 7
932, 6
933, 6
934, 0
935, 4
936, 5
937, 5
938, 0
939, 6
940, 6
941, 6
942, 6
943, 7
944, 0
945, 0
946, 9
947, 6
948, 6
949, 7
950, 7
951, 7
952, 7
953, 0
954, 0
955, 0
956, 0
957, 5
958, 5
959, 5
960, 5
961, 0
962, 7
963, 0
964, 7
965, 8
966, 8
967, 8
968, 7
969, 6
970, 0
971, 6
972, 7
973, 8
974, 7
975, 0
976, 0
977, 0
978, 5
979, 5
980, 6
981, 7
982, 0
983, 7
984, 6
985, 0
986, 5
987, 7
988, 6
989, 0
990, 0
991, 5
992, 0
993, 0
994, 7
995, 7
996, 8
997, 6
998, 0
999, 5
1000, 5
1001, 0
1002, 0
1003, 7
1004, 8
1005, 0
1006, 5
1007, 4
1008, 5
1009, 5
1010, 0
1011, 0
1012, 6
1013, 0
1014, 0
1015, 0
1016, 0
1017, 0
1018, 6
1019, 0
1020, 0
1021, 0
1022, 0
1023, 8
1024, 8
1025, 6
1026, 6
1027, 0
1028, 5
1029, 1
1030, 0
1031, 5
1032, 5
1033, 5
1034, 6
1035, 1
1036, 6
1037, 4
1038, 5
1039, 5
1040, 0
1041, 7
1042, 0
1043, 8
1044, 8
1045, 6
1046, 0
1047, 7
1048, 6
1049, 5
1050, 0
1051, 6
1052, 0
1053, 0
1054, 4
1055, 5
1056, 6
1057, 0
1058, 5
1059, 0
1060, 5
1061, 6
1062, 6
1063, 5
1064, 0
1065, 0
1066, 6
1067, 4
1068, 4
1069, 0
1070, 6
1071, 7
1072, 7
1073, 0
1074, 6
1075, 5
1076, 0
1077, 7
1078, 0
1079, 0
1080, 6
1081, 6
1082, 4
1083, 5
1084, 0
1085, 6
1086, 6
1087, 5
1088, 6
1089, 0
1090, 0
1091, 6
1092, 6
1093, 0
1094, 0
1095, 6
1096, 5
1097, 0
1098, 1
1099, 6
1100, 0
1101, 7
1102, 6
1103, 4
1104, 0
1105, 6
1106, 6
1107, 6
1108, 6
1109, 5
1110, 5
1111, 5
1112, 0
1113, 0
1114, 6
1115, 0
1116, 5
1117, 6
1118, 0
1119, 0
1120, 5
1121, 0
1122, 0
1123, 0
1124, 0
1125, 6
1126, 0
1127, 0
1128, 6
1129, 5
1130, 1
1131, 0
1132, 5
1133, 5
1134, 6
1135, 0
1136, 0
1137, 0
1138, 5
1139, 0
1140, 0
1141, 5
1142, 0
1143, 5
1144, 0
1145, 5
1146, 5
1147, 0
1148, 0
1149, 0
1150, 4
1151, 5
1152, 6
1153, 1
1154, 0
1155, 0
1156, 5
1157, 0
1158, 3
1159, 1
1160, 0
1161, 0
1162, 4
1163, 0
1164, 0
1165, 0
1166, 0
1167, 0
1168, 5
1169, 0
1170, 0
1171, 0
1172, 0
1173, 5
1174, 0
1175, 0
1176, 0
1177, 1
1178, 4
1179, 0
1180, 1
1181, 4
1182, 5
1183, 0
1184, 0
1185, 0
1186, 0
1187, 4
1188, 4
1189, 0
1190, 2
1191, 0
1192, 3
1193, 2
1194, 2
1195, 1
1196, 4
1197, 0
1198, 2
1199, 0
1200, 1
1201, 2
1202, 5
1203, 0
1204, 1
1205, 6
1206, 6
1207, 0
1208, 0
1209, 3
1210, 0
1211, 0
1212, 0
1213, 1
1214, 0
1215, 0
1216, 4
1217, 0
1218, 3
1219, 0
1220, 0
1221, 1
1222, 2
1223, 2
1224, 3
1225, 2
1226, 1
1227, 5
1228, 0
1229, 3
1230, 3
1231, 0
1232, 3
1233, 2
1234, 0
1235, 2
1236, 0
1237, 3
1238, 0
1239, 6
1240, 0
1241, 6
1242, 7
1243, 0
1244, 3
1245, 2
1246, 0
1247, 0
1248, 0
1249, 0
1250, 0
1251, 2
1252, 2
1253, 1
1254, 2
1255, 0
1256, 2
1257, 2
1258, 0
1259, 1
1260, 2
1261, 2
1262, 0
1263, 3
1264, 0
1265, 2
1266, 2
1267, 1
1268, 1
1269, 2
1270, 2
1271, 0
1272, 0
1273, 0
1274, 0
1275, 2
1276, 0
1277, 3
1278, 4
1279, 2
1280, 0
1281, 2
1282, 0
1283, 2
1284, 3
1285, 3
1286, 1
1287, 0
1288, 0
1289, 0
1290, 0
1291, 2
1292, 3
1293, 2
1294, 0
1295, 0
1296, 0
1297, 0
1298, 1
1299, 0
1300, 0
1301, -1
1302, 0
1303, -1
1304, 0
1305, 1
1306, 2
1307, 0
1308, 0
1309, -1
1310, -1
1311, 0
1312, 0
1313, 1
1314, 2
1315, 2
1316, 0
1317, 0
1318, 0
1319, 2
1320, 2
1321, 2
1322, 1
1323, 0
1324, 0
1325, 1
1326, 0
1327, 0
1328, 0
1329, 0
1330, 0
1331, 0
1332, 2
1333, -1
1334, 0
1335, 0
1336, 0
1337, -2
1338, -3
1339, 0
1340, 1
1341, 1
1342, 0
1343, 0
1344, -1
1345, 0
1346, -2
1347, 0
1348, 0
1349, 0
1350, 0
1351, 0
1352, 0
1353, 0
1354, 0
1355, 0
1356, 1
1357, 0
1358, 0
1359, 0
1360, 0
1361, 0
1362, 0
1363, 0
1364, 0
1365, 0
1366, -2
1367, 0
1368, 0
1369, -1
1370, 0
1371, 0
1372, 0
1373, 0
1374, 0
1375, 0
1376, -1
1377, 0
1378, 1
1379, -3
1380, 0
1381, 0
1382, -2
1383, 0
1384, 1
1385, 0
1386, -2
1387, 0
1388, 0
1389, -1
1390, 0
1391, 0
1392, 1
1393, 0
1394, -1
1395, 0
1396, 0
1397, -2
1398, -2
1399, 0
1400, 0
1401, 1
1402, -3
1403, -5
1404, -3
1405, 0
1406, 0
1407, 0
1408, 0
1409, -1
1410, 0
1411, -2
1412, 0
1413, 0
1414, 0
1415, 1
1416, 0
1417, 0
1418, -2
1419, -3
1420, 0
1421, -3
1422, -2
1423, 0
1424, 0
1425, -2
1426, 0
1427, 1
1428, 0
1429, 0
1430, -3
1431, -4
1432, 0
1433, -5
1434, 0
1435, -3
1436, 0
1437, 0
1438, 0
1439, -3
1440, -2
1441, 0
1442, -1
1443, 0
1444, -2
1445, 0
1446, -3
1447, 0
1448, -1
1449, -3
1450, 0
1451, 0
1452, 0
1453, 0
1454, -2
1455, 1
1456, -4
1457, -6
1458, 0
1459, 0
1460, 1
1461, -2
1462, 0
1463, 0
1464, 0
1465, 0
1466, -4
1467, 0
1468, 1
1469, -4
1470, -5
1471, 0
1472, 0
1473, 1
1474, 0
1475, -5
1476, 0
1477, 1
1478, 0
1479, -2
1480, 0
1481, 0
1482, -2
1483, 0
1484, 0
1485, 0
1486, 0
1487, -3
1488, -2
1489, 0
1490, -4
1491, 0
1492, 0
1493, 0
1494, -4
1495, -4
1496, 0
1497, -3
1498, 0
1499, 0
1500, -6
1501, 0
1502, 0
1503, 0
1504, 0
1505, 0
1506, 0
1507, -6
1508, 0
1509, 1
1510, 0
1511, 0
1512, -3
1513, 0
1514, 0
1515, 0
1516, -3
1517, 0
1518, -2
1519, 0
1520, -3
1521, 0
1522, 0
1523, 0
1524, -6
1525, -6
1526, -5
1527, -6
1528, 1
1529, -4
1530, -4
1531, 0
1532, 0
1533, 0
1534, -4
1535, 0
1536, 0
1537, 0
1538, 1
1539, 0
1540, -4
1541, 1
1542, 0
1543, 0
1544, 0
1545, -6
1546, 0
1547, 0
1548, 0
1549, -6
1550, -6
1551, 0
1552, 0
1553, -7
1554, -6
1555, 0
1556, -6
1557, 0
1558, -6
1559, -6
1560, 0
1561, 0
1562, 0
1563, 0
1564, -6
1565, 0
1566, -4
1567, -4
1568, -4
1569, -6
1570, 0
1571, -7
1572, 0
1573, 0
1574, -5
1575, -5
1576, 0
1577, 5
1578, 5
1579, 0
1580, 0
1581, 0
1582, -5
1583, 0
1584, 0
1585, 0
1586, 0
1587, -14
1588, -14
1589, -15
1590, -9
1591, -6
1592, -7
1593, 0
1594, -7
1595, -7
1596, -6
1597, -6
1598, 0
1599, -7
1600, -7
1601, -7
1602, 0
1603, -7
1604, 0
1605, -7
1606, -7
1607, -7
1608, -8
1609, 1
1610, -5
1611, 0
1612, 0
1613, 0
1614, -4
1615, 0
1616, -7
1617, -6
1618, -7
1619, 0
1620, -10
1621, 0
1622, -6
1623, -8
1624, 0
1625, -9
1626, 0
1627, -8
1628, -9
1629, 0
1630, 0
1631, -5
1632, 0
1633, -1
1634, 1
1635, -4
1636, 0
1637, -14
1638, -15
1639, -15
1640, 0
1641, 0
1642, -9
1643, 0
1644, -9
1645, 0
1646, -9
1647, 0
1648, -9
1649, -10
1650, 0
1651, 0
1652, -7
1653, -7
1654, 0
1655, -9
1656, -9
1657, 0
1658, -6
1659, 0
1660, -4
1661, -5
1662, -5
1663, -6
1664, -6
1665, -6
1666, -6
1667, 0
1668, -5
1669, -6
1670, 0
1671, -7
1672, -9
1673, 0
1674, -8
1675, -8
1676, -9
1677, 0
1678, -7
1679, -7
1680, -6
1681, 0
1682, -6
1683, 0
1684, -4
1685, -5
1686, -7
1687, -7
1688, 0
1689, -6
1690, -5
1691, 0
1692, -4
1693, -5
1694, 0
1695, 0
1696, 0
1697, 0
1698, 0
1699, 0
1700, 0
1701, 0
1702, 0
1703, 0
1704, 0
1705, 0
1706, 0
1707, -15
1708, -1
1709, 0
1710, -3
1711, -2
1712, 0
1713, -6
1714, 0
1715, -6
1716, -6
1717, -6
1718, 0
1719, -4
1720, -5
1721, -7
1722, -7
1723, 0
1724, 0
1725, -8
1726, -8
1727, -9
1728, -10
1729, -10
1730, 0
1731, 0
1732, -10
1733, -11
1734, -11
1735, 0
1736, -10
1737, 0
1738, -9
1739, -9
1740, -11
1741, -11
1742, 0
1743, -8
1744, -9
1745, -11
1746, -10
1747, 0
1748, -8
1749, -10
1750, 0
1751, -11
1752, -11
1753, -10
1754, 0
1755, 0
1756, -9
1757, -9
1758, -9
1759, -10
1760, 0
1761, -10
1762, 0
1763, -10
1764, -10
1765, 0
1766, -8
1767, -8
1768, 0
1769, -10
1770, 0
1771, -8
1772, -7
1773, -7
1774, -8
1775, -9
1776, -7
1777, 0
1778, -7
1779, -8
1780, 0
1781, -10
1782, -10
1783, -11
1784, -11
1785, 0
1786, -13
1787, -13
1788, -13
1789, 0
1790, 0
1791, -8
1792, -8
1793, -10
1794, -10
1795, 0
1796, -8
1797, -8
1798, -9
1799, -9
1800, -8
1801, -9
1802, 0
1803, -10
1804, 0
1805, -9
1806, -9
1807, -8
1808, -10
1809, -10
1810, -10
1811, 0
1812, 0
1813, 0
1814, 0
1815, 0
1816, 0
1817, 0
1818, -1
1819, -3
1820, 0
1821, -5
1822, 0
1823, -11
1824, -12
1825, -11
1826, -12
1827, 0
1828, -10
1829, -13
1830, -12
1831, 0
1832, 0
1833, -9
1834, -8
1835, -10
1836, -12
1837, -12
1838, -12
1839, 0
1840, -9
1841, -11
1842, -13
1843, 0
1844, -11
1845, 0
1846, 0
1847, -9
1848, -9
1849, -10
1850, -11
1851, -11
1852, -13
1853, 0
1854, -10
1855, -10
1856, -10
1857, -11
1858, -12
1859, 0
1860, -10
1861, -10
1862, 0
1863, -8
1864, -9
1865, -12
1866, -12
1867, -12
1868, 0
1869, -10
1870, 0
1871, -10
1872, -12
1873, -11
1874, -12
1875, 0
1876, -11
1877, 0
1878, -11
1879, -12
1880, -11
1881, -11
1882, 0
1883, -9
1884, -9
1885, -10
1886, -12
1887, -12
1888, -12
1889, -12
1890, -12
1891, 0
1892, 0
1893, -10
1894, -11
1895, -11
1896, -10
1897, -11
1898, 0
1899, 0
1900, -10
1901, -11
1902, -13
1903, -11
1904, -11
1905, -12
1906, -11
1907, 0
1908, -12
1909, -12
1910, 0
1911, -11
1912, -10
1913, -12
1914, -12
1915, 0
1916, -10
1917, -10
1918, -10
1919, -12
1920, -14
1921, -13
1922, -14
1923, -15
1924, 0
1925, -13
1926, 0
1927, -11
1928, -12
1929, -12
1930, 0
1931, -13
1932, -13
1933, 0
1934, -10
1935, -10
1936, -13
1937, -13
1938, -12
1939, 0
1940, 0
1941, -11
1942, -11
1943, -11
1944, -11
1945, 0
1946, 0
1947, -11
1948, -10
1949, -10
1950, -10
1951, -11
1952, -10
1953, -10
1954, 0
1955, -11
1956, -11
1957, -11
1958, -11
1959, -12
1960, -11
1961, -11
1962, -11
1963, 0
1964, -12
1965, -12
1966, 0
1967, -11
1968, -11
1969, -10
1970, -12
1971, -12
1972, 0
1973, -11
1974, 0
1975, -10
1976, -12
1977, -12
1978, -10
1979, -12
1980, -13
1981, -13
1982, -12
1983, -11
1984, -12
1985, -12
1986, -11
1987, -11
1988, -12
1989, -11
1990, -12
1991, 0
1992, -11
1993, -11
1994, -12
1995, -12
1996, -13
1997, -14
1998, 0
1999, -12
2000, 0
2001, -11
2002, -12
2003, -12
2004, -12
2005, -11
2006, 0
2007, -9
2008, -9
2009, -9
2010, -9
2011, 0
2012, -10
2013, 0
2014, -9
2015, -11
2016, -11
2017, -11
2018, -12
2019, 0
2020, -11
2021, -12
2022, -12
2023, -12
2024, -13
2025, -13
2026, -14
2027, -14
2028, 0
2029, 0
2030, -12
2031, -12
2032, -12
2033, -14
2034, 0
2035, -12
2036, -12
2037, -13
2038, -14
2039, -13
2040, -14
2041, -14
2042, -14
2043, 0
2044, -14
2045, -14
2046, -15
2047, 0
2048, -14
2049, -13
2050, 0
2051, 0
2052, -12
2053, -11
2054, -9
2055, -11
2056, -14
2057, -14
2058, -13
2059, -12
2060, -13
2061, 0
2062, -11
2063, -12
2064, 0
2065, -14
2066, 0
2067, -12
2068, -13
2069, -13
2070, -13
2071, -13
2072, 0
2073, 0
2074, -9
2075, -11
2076, -13
2077, -13
2078, -12
2079, -13
2080, -13
2081, 0
2082, -11
2083, 0
2084, -12
2085, -13
2086, -14
2087, -14
2088, -13
2089, 0
2090, -11
2091, -13
2092, 0
2093, -12
2094, -12
2095, -12
2096, -13
2097, -12
2098, -11
2099, -12
2100, -13
2101, -12
2102, 0
2103, -11
2104, -11
2105, -12
2106, -12
2107, -12
2108, -12
2109, -13
2110, -12
2111, -13
2112, -13
2113, -13
2114, -14
2115, 0
2116, 0
2117, -11
2118, -12
2119, -12
2120, -13
2121, -12
2122, -13
2123, -13
2124, -13
2125, 0
2126, 0
2127, -13
2128, -13
2129, -12
2130, -12
2131, -12
2132, -13
2133, -12
2134, -11
2135, -13
2136, -12
2137, -10
2138, -11
2139, -11
2140, -12
2141, -13
2142, -12
2143, -12
2144, -13
2145, -13
2146, -14
2147, 0
2148, 0
2149, -12
2150, -11
2151, -13
2152, -14
2153, -14
2154, -14
2155, -13
2156, -14
2157, -14
2158, 0
2159, -14
2160, -14
2161, 0
2162, -13
2163, -14
2164, -14
2165, -14
2166, -14
2167, -14
2168, 0
2169, -13
2170, -14
2171, -14
2172, -14
2173, -13
2174, -12
2175, -11
2176, -11
2177, -12
2178, -12
2179, 0
2180, 0
2181, -15
2182, 0
2183, -14
2184, -13
2185, 0
2186, -13
2187, -13
2188, -15
2189, -15
2190, 0
2191, -14
2192, -13
2193, -13
2194, -13
2195, 0
2196, -12
2197, -13
2198, -12
2199, -13
2200, -14
2201, -14
2202, -13
2203, -13
2204, -13
2205, -13
2206, -14
2207, 0
2208, -12
2209, -11
2210, -11
2211, -12
2212, -14
2213, -14
2214, 0
2215, -13
2216, -12
2217, 0
2218, -10
2219, -10
2220, -10
2221, -11
2222, -12
2223, -12
2224, -14
2225, -16
2226, 0
2227, 0
2228, -14
2229, -14
2230, -13
2231, -14
2232, -14
2233, -14
2234, -13
2235, -14
2236, -15
2237, 0
2238, -11
2239, -13
2240, -14
2241, -14
2242, -14
2243, -15
2244, -15
2245, -15
2246, -14
2247, -13
2248, -14
2249, 0
2250, -13
2251, -13
2252, -12
2253, -11
2254, -11
2255, -11
2256, -11
2257, -12
2258, -12
2259, -10
2260, -12
2261, -13
2262, -13
2263, -13
2264, -13
2265, 0
2266, -12
2267, -13
2268, -12
2269, -12
2270, -13
2271, -14
2272, -14
2273, -13
2274, -12
2275, -13
2276, -14
2277, -13
2278, -11
2279, -11
2280, -11
2281, -12
2282, -12
2283, -13
2284, 0
2285, -12
2286, -12
2287, -13
2288, -13
2289, -14
2290, -15
2291, -16
2292, -15
2293, -13
2294, -13
2295, 0
2296, -11
2297, -13
2298, -12
2299, -11
2300, -12
2301, -12
2302, -13
2303, -14
2304, -14
2305, -13
2306, -14
2307, -13
2308, -13
2309, -12
2310, -11
2311, -13
2312, 0
2313, -13
2314, -12
2315, -12
2316, -12
2317, -11
2318, -11
2319, -13
2320, -14
2321, -15
2322, -15
2323, -14
2324, -15
2325, -16
2326, 0
2327, 0
2328, -12
2329, -12
2330, -13
2331, -12
2332, -12
2333, -13
2334, -13
2335, -13
2336, -13
2337, -12
2338, -13
2339, -14
2340, -13
2341, -14
2342, -15
2343, -15
2344, 0
2345, -13
2346, -13
2347, -13
2348, -12
2349, -11
2350, -12
2351, -13
2352, -14
2353, -13
2354, -13
2355, -14
2356, -14
2357, -13
2358, -13
2359, -12
2360, 0
2361, -11
2362, -12
2363, -13
2364, -13
2365, -12
2366, -12
2367, -13
2368, -14
2369, -14
2370, -14
2371, -13
2372, -13
2373, -14
2374, -15
2375, -15
2376, 0
2377, -13
2378, -14
2379, 0
2380, -15
2381, -16
2382, 0
2383, -13
2384, -13
2385, -12
2386, -12
2387, -13
2388, -13
2389, -13
2390, -14
2391, -15
2392, -15
2393, -15
2394, 0
2395, -12
2396, -13
2397, -13
2398, 0
2399, -12
2400, -12
2401, -12
2402, -13
2403, -13
2404, -13
2405, -14
2406, -13
2407, -13
2408, -13
2409, -13
2410, -13
2411, -14
2412, 0
2413, -12
2414, 0
2415, -11
2416, 0
2417, -14
2418, -13
2419, 0
2420, -14
2421, -13
2422, -14
2423, -15
2424, -15
2425, -14
2426, -14
2427, -13
2428, -12
2429, -12
2430, -12
2431, -13
2432, 0
2433, -14
2434, 0
2435, 0
2436, 0
2437, 0
2438, -14
2439, -15
2440, -16
2441, -15
2442, -15
2443, -14
2444, -14
2445, 0
2446, -14
2447, -15
2448, -14
2449, -15
2450, -15
2451, -14
2452, 0
2453, -12
2454, -12
2455, -12
2456, -12
2457, -13
2458, -13
2459, -14
2460, -14
2461, -14
2462, -13
2463, -13
2464, 0
2465, -15
2466, -15
2467, -15
2468, -14
2469, 0
2470, -12
2471, -12
2472, -12
2473, -12
2474, -12
2475, -13
2476, -14
2477, -14
2478, -13
2479, -13
2480, -14
2481, 0
2482, -14
2483, -14
2484, -13
2485, -14
2486, -14
2487, -13
2488, -14
2489, -13
2490, 0
2491, -15
2492, 0
2493, -14
2494, -15
2495, -15
2496, -15
2497, 0
2498, -14
2499, -16
2500, 0
2501, -12
2502, -12
2503, -13
2504, -13
2505, -13
2506, -13
2507, -13
2508, -12
2509, -11
2510, -10
2511, -10
2512, -11
2513, -13
2514, -13
2515, -13
2516, -14
2517, -13
2518, -13
2519, -14
2520, -14
2521, -15
2522, -15
2523, 0
2524, 0
2525, 0
2526, -14
2527, -13
2528, -12
2529, -13
2530, -12
2531, -11
2532, -11
2533, -12
2534, -13
2535, -13
2536, -12
2537, -12
2538, -12
2539, -12
2540, -12
2541, -12
2542, -15
2543, -15
2544, -14
2545, -13
2546, -14
2547, -15
2548, 0
2549, -13
2550, -12
2551, -13
2552, -14
2553, -14
2554, -14
2555, -14
2556, -13
2557, -12
2558, -12
2559, -13
2560, -14
2561, -14
2562, -14
2563, -15
2564, -15
2565, -15
2566, -13
2567, -13
2568, -12
2569, -11
2570, -11
2571, -12
2572, -11
2573, -11
2574, -10
2575, -10
2576, -12
2577, -13
2578, -13
2579, -14
2580, -14
2581, -13
2582, -13
2583, -13
2584, -13
2585, -13
2586, -12
2587, -12
2588, -13
2589, -13
2590, -13
2591, -14
2592, -13
2593, -13
2594, -13
2595, 0
2596, -16
2597, -16
2598, -14
2599, 0
2600, -10
2601, -10
2602, 0
2603, -11
2604, -10
2605, -12
2606, -13
2607, -13
2608, -14
2609, -15
2610, -16
2611, -15
2612, -14
2613, -15
2614, 0
2615, -14
2616, -13
2617, -13
2618, -13
2619, -14
2620, -14
2621, -15
2622, 0
2623, -13
2624, 0
2625, -12
2626, -12
2627, -12
2628, -11
2629, -12
2630, 0
2631, -10
2632, -9
2633, -11
2634, -12
2635, -12
2636, -10
2637, -10
2638, -11
2639, -12
2640, -11
2641, -10
2642, -13
2643, -15
2644, 0
2645, -11
2646, -10
2647, -9
2648, -11
2649, -12
2650, -13
2651, -13
2652, -13
2653, 0
2654, -11
2655, -10
2656, -12
2657, -12
2658, 0
2659, -13
2660, -14
2661, -15
2662, -13
2663, -12
2664, -12
2665, -13
2666, 0
2667, -11
2668, -12
2669, -13
2670, -14
2671, -14
2672, -13
2673, -13
2674, -13
2675, -14
2676, -13
2677, -12
2678, -13
2679, -12
2680, -12
2681, 0
2682, -15
2683, 0
2684, -12
2685, -10
2686, -10
2687, 0
2688, 0
2689, -13
2690, -13
2691, 0
2692, -13
2693, -13
2694, 0
2695, -11
2696, -12
2697, -11
2698, -11
2699, 0
2700, -12
2701, -14
2702, 0
2703, -12
2704, -13
2705, -13
2706, -13
2707, -13
2708, -12
2709, -12
2710, -12
2711, -12
2712, -12
2713, -12
2714, -12
2715, -11
2716, -11
2717, -12
2718, -12
2719, -11
2720, -11
2721, -10
2722, -11
2723, -13
2724, -12
2725, -12
2726, -12
2727, 0
2728, -11
2729, 0
2730, -12
2731, 0
2732, -11
2733, -12
2734, -12
2735, -12
2736, -12
2737, -12
2738, -11
2739, -11
2740, -11
2741, -11
2742, -11
2743, -11
2744, -10
2745, -10
2746, -11
2747, -11
2748, -11
2749, -11
2750, -11
2751, -11
2752, -11
2753, -12
2754, -13
2755, -13
2756, -13
2757, -13
2758, -13
2759, -13
2760, -13
2761, 0
2762, -11
2763, 0
2764, -13
2765, -13
2766, 0
2767, -11
2768, 0
2769, -13
2770, -13
2771, 0
2772, -11
2773, -12
2774, -12
2775, 0
2776, -16
2777, -16
2778, 0
2779, 0
2780, -11
2781, -11
2782, -12
2783, -13
2784, -13
2785, -12
2786, -12
2787, -12
2788, -11
2789, -10
2790, -10
2791, -9
2792, -11
2793, -10
2794, -12
2795, -13
2796, -13
2797, -12
2798, -11
2799, -11
2800, -9
2801, -10
2802, -10
2803, -10
2804, -10
2805, -10
2806, -11
2807, -12
2808, -12
2809, -11
2810, -11
2811, -11
2812, -10
2813, 0
2814, -10
2815, -10
2816, -11
2817, -11
2818, -11
2819, -11
2820, -13
2821, -12
2822, -11
2823, -10
2824, -10
2825, -11
2826, -10
2827, -10
2828, -10
2829, -10
2830, -11
2831, -11
2832, -11
2833, -12
2834, -13
2835, -12
2836, -12
2837, -12
2838, -12
2839, -11
2840, -11
2841, -11
2842, -11
2843, -11
2844, -10
2845, -9
2846, -9
2847, -9
2848, -9
2849, -9
2850, 0
2851, -12
2852, -12
2853, 0
2854, -10
2855, -9
2856, -8
2857, -8
2858, 0
2859, -11
2860, -12
2861, 0
2862, -10
2863, -9
2864, -9
2865, -10
2866, -11
2867, -11
2868, -10
2869, -9
2870, -9
2871, -9
2872, -10
2873, -9
2874, 0
2875, -11
2876, -10
2877, -9
2878, -10
2879, -10
2880, -9
2881, -11
2882, -11
2883, 0
2884, -11
2885, -11
2886, -10
2887, -10
2888, -10
2889, -10
2890, -12
2891, -12
2892, -11
2893, -13
2894, -13
2895, -13
2896, -12
2897, -11
2898, -10
2899, -10
2900, -10
2901, -10
2902, -10
2903, -11
2904, -10
2905, -10
2906, -10
2907, -10
2908, -10
2909, -10
2910, -10
2911, -12
2912, -13
2913, -11
2914, -12
2915, -13
2916, -12
2917, -10
2918, -10
2919, -11
2920, -10
2921, -9
2922, -9
2923, -10
2924, -11
2925, -11
2926, -11
2927, -11
2928, -10
2929, -9
2930, -9
2931, -10
2932, -11
2933, -12
2934, -12
2935, -12
2936, -12
2937, -11
2938, -10
2939, -10
2940, -10
2941, -10
2942, -10
2943, -10
2944, -10
2945, -11
2946, 0
2947, -11
2948, -12
2949, -13
2950, -12
2951, -10
2952, -9
2953, -10
2954, -11
2955, -10
2956, -9
2957, -8
2958, -9
2959, -8
2960, -8
2961, -9
2962, -8
2963, 0
2964, -10
2965, -12
2966, -12
2967, -12
2968, -11
2969, -11
2970, -10
2971, -10
2972, -11
2973, -10
2974, -10
2975, -10
2976, -10
2977, -10
2978, -10
2979, -11
2980, -11
2981, -11
2982, -11
2983, -11
2984, -12
2985, -10
2986, -10
2987, -10
2988, 0
2989, -11
2990, -10
2991, -9
2992, -9
2993, -10
2994, -11
2995, -9
2996, -9
2997, -9
2998, -8
2999, -8
3000, -8
3001, -9
3002, -8
3003, 0
3004, -10
3005, -10
3006, -11
3007, 0
3008, 0
3009, -10
3010, -10
3011, -10
3012, -11
3013, -11
3014, -12
3015, -12
3016, -11
3017, -10
3018, -10
3019, -10
3020, -10
3021, -9
3022, -9
3023, -9
3024, -9
3025, -9
3026, -10
3027, 0
3028, -9
3029, -9
3030, -10
3031, -11
3032, -11
3033, -10
3034, -11
3035, -11
3036, -10
3037, -8
3038, -8
3039, -11
3040, -11
3041, -10
3042, -9
3043, -8
3044, -9
3045, -10
3046, -10
3047, 0
3048, -11
3049, -9
3050, 0
3051, -8
3052, -8
3053, 0
3054, -10
3055, -9
3056, -9
3057, -10
3058, -9
3059, -8
3060, -8
3061, -8
3062, -9
3063, -9
3064, 0
3065, -12
3066, -12
3067, -12
3068, -10
3069, -9
3070, -9
3071, -9
3072, -9
3073, -9
3074, -9
3075, -11
3076, -12
3077, -12
3078, -10
3079, -10
3080, -10
3081, -9
3082, -8
3083, -9
3084, -8
3085, -8
3086, 0
3087, -9
3088, -11
3089, -11
3090, -10
3091, -9
3092, -9
3093, -10
3094, -9
3095, -10
3096, 0
3097, 0
3098, -11
3099, -9
3100, 0
3101, -9
3102, -8
3103, -7
3104, -7
3105, -7
3106, -8
3107, -8
3108, -7
3109, -7
3110, 0
3111, -9
3112, -9
3113, -9
3114, -8
3115, -8
3116, 0
3117, 0
3118, -10
3119, -9
3120, -9
3121, -7
3122, -7
3123, -7
3124, -7
3125, 0
3126, -10
3127, -9
3128, -10
3129, -10
3130, -9
3131, -10
3132, -10
3133, -9
3134, -9
3135, -8
3136, -7
3137, -7
3138, -8
3139, -9
3140, -9
3141, -9
3142, -8
3143, -8
3144, 0
3145, -9
3146, 0
3147, -7
3148, 0
3149, -8
3150, -7
3151, -7
3152, -7
3153, -7
3154, -7
3155, 0
3156, -9
3157, -8
3158, -8
3159, -9
3160, -9
3161, -9
3162, -7
3163, -5
3164, -7
3165, 0
3166, -8
3167, 0
3168, 0
3169, -8
3170, 0
3171, -10
3172, -9
3173, -8
3174, -8
3175, -9
3176, -9
3177, -10
3178, -9
3179, -9
3180, -9
3181, -10
3182, -9
3183, -8
3184, -7
3185, 0
3186, -11
3187, 0
3188, -9
3189, -9
3190, -9
3191, -9
3192, -9
3193, -10
3194, -10
3195, -9
3196, 0
3197, -9
3198, -8
3199, -7
3200, -8
3201, -7
3202, -8
3203, -9
3204, -10
3205, -10
3206, 0
3207, -12
3208, -11
3209, -9
3210, -7
3211, -7
3212, -7
3213, -7
3214, 0
3215, -10
3216, -9
3217, -8
3218, -8
3219, -7
3220, -6
3221, -5
3222, -7
3223, -7
3224, -7
3225, 0
3226, -8
3227, -8
3228, -7
3229, -6
3230, -7
3231, -7
3232, -8
3233, -5
3234, -5
3235, 0
3236, -8
3237, -7
3238, -8
3239, -6
3240, -6
3241, -6
3242, -5
3243, -4
3244, 0
3245, -7
3246, -7
3247, -7
3248, 0
3249, -9
3250, -8
3251, -7
3252, -6
3253, -6
3254, -5
3255, -5
3256, -6
3257, -6
3258, 0
3259, 0
3260, -9
3261, -8
3262, -8
3263, -8
3264, -9
3265, -8
3266, -8
3267, -8
3268, -9
3269, -8
3270, -8
3271, -8
3272, -7
3273, -6
3274, -5
3275, -5
3276, -4
3277, -4
3278, 0
3279, -6
3280, -7
3281, -7
3282, -7
3283, -7
3284, -6
3285, -5
3286, -5
3287, -4
3288, -5
3289, -5
3290, -6
3291, 0
3292, -7
3293, -7
3294, -7
3295, -7
3296, 0
3297, -11
3298, -11
3299, -10
3300, -8
3301, 0
3302, 0
3303, -7
3304, -6
3305, -5
3306, -4
3307, -5
3308, -5
3309, 0
3310, -5
3311, 0
3312, -6
3313, -5
3314, -4
3315, -5
3316, -4
3317, -4
3318, -3
3319, 0
3320, -4
3321, 0
3322, -5
3323, -6
3324, -6
3325, -4
3326, 0
3327, -8
3328, -8
3329, -7
3330, -6
3331, -7
3332, -5
3333, -5
3334, -6
3335, -5
3336, -6
3337, -7
3338, -7
3339, 0
3340, -7
3341, -7
3342, -7
3343, -5
3344, -4
3345, -5
3346, -4
3347, -5
3348, 0
3349, -6
3350, 0
3351, -6
3352, -7
3353, -7
3354, -6
3355, -6
3356, -6
3357, -4
3358, -4
3359, -3
3360, 0
3361, -5
3362, -6
3363, 0
3364, -6
3365, -5
3366, -4
3367, 0
3368, -5
3369, -6
3370, -6
3371, 0
3372, -6
3373, -5
3374, -6
3375, -5
3376, -3
3377, -4
3378, -3
3379, 0
3380, -2
3381, -3
3382, 0
3383, -7
3384, -6
3385, -5
3386, -6
3387, -6
3388, -5
3389, -5
3390, -4
3391, -4
3392, -4
3393, -5
3394, -5
3395, 0
3396, -6
3397, -5
3398, 0
3399, -6
3400, -6
3401, -5
3402, -4
3403, -4
3404, -4
3405, -4
3406, -5
3407, -6
3408, -4
3409, -3
3410, 0
3411, 0
3412, 0
3413, 0
3414, -4
3415, -4
3416, -6
3417, -5
3418, -4
3419, -3
3420, -4
3421, -4
3422, 0
3423, 0
3424, -6
3425, -5
3426, -4
3427, -5
3428, -4
3429, -4
3430, -5
3431, -4
3432, -4
3433, -3
3434, -3
3435, 0
3436, -5
3437, -5
3438, -4
3439, 0
3440, 0
3441, -6
3442, -4
3443, -4
3444, -4
3445, -5
3446, -5
3447, -3
3448, -4
3449, -5
3450, -4
3451, -3
3452, -3
3453, -4
3454, -4
3455, -3
3456, -3
3457, -3
3458, -3
3459, -3
3460, -3
3461, -3
3462, -4
3463, -4
3464, 0
3465, -4
3466, -3
3467, -2
3468, -2
3469, -3
3470, -3
3471, -4
3472, -4
3473, -4
3474, 0
3475, 0
3476, 0
3477, 0
3478, 0
3479, 0
3480, -5
3481, -3
3482, -3
3483, 0
3484, 0
3485, -5
3486, -5
3487, -5
3488, -5
3489, -4
3490, -3
3491, -2
3492, -2
3493, 0
3494, -3
3495, -4
3496, 0
3497, -4
3498, 0
3499, -4
3500, -3
3501, -2
3502, 0
3503, 0
3504, -2
3505, -2
3506, -2
3507, 0
3508, -2
3509, 0
3510, -1
3511, 0
3512, -2
3513, -3
3514, -3
3515, -3
3516, 0
3517, 0
3518, -4
3519, -4
3520, -3
3521, -2
3522, -3
3523, 0
3524, -2
3525, 0
3526, 0
3527, 0
3528, -2
3529, -2
3530, 0
3531, -4
3532, -4
3533, -4
3534, 0
3535, 0
3536, -2
3537, 0
3538, 0
3539, -2
3540, -2
3541, 0
3542, -2
3543, 0
3544, -4
3545, -3
3546, -2
3547, 0
3548, 0
3549, -2
3550, 0
3551, 0
3552, 0
3553, 0
3554, 0
3555, 0
3556, 0
3557, 0
3558, 0
3559, 0
3560, 0
3561, 0
3562, 0
3563, -3
3564, -3
3565, 0
3566, 0
3567, 0
3568, -2
3569, 0
3570, 0
3571, 0
3572, 0
3573, -2
3574, 0
3575, 0
3576, 0
3577, -2
3578, -2
3579, 0
3580, -2
3581, 0
3582, 0
3583, 0
3584, 0
3585, 2
3586, -2
3587, 0
3588, -2
3589, -2
3590, -2
3591, 0
3592, 0
3593, 0
3594, 0
3595, 0
3596, 0
3597, 0
3598, 0
3599, 0
3600, 0
3601, 0
3602, 0
3603, 0
3604, 0
3605, 0
3606, 0
3607, 0
3608, 0
3609, 0
3610, 0
3611, -2
3612, 0
3613, 0
3614, 0
3615, 0
3616, -2
3617, -3
3618, 0
3619, 0
3620, 0
3621, 0
3622, 0
3623, -2
3624, 0
3625, 0
3626, 0
3627, 0
3628, 0
3629, 0
3630, 2
3631, 0
3632, 0
3633, 0
3634, 0
3635, 0
3636, 0
3637, 1
3638, 0
3639, 0
3640, 0
3641, 0
3642, 0
3643, 1
3644, 0
3645, 0
3646, 0
3647, 0
3648, 0
3649, 0
3650, 0
3651, 0
3652, 0
3653, 0
3654, 0
3655, 1
3656, 0
3657, 0
3658, 0
3659, 0
3660, 0
3661, 0
3662, 0
3663, 2
3664, 4
3665, 3
3666, 0
3667, 1
3668, 0
3669, 0
3670, 0
3671, 0
3672, 0
3673, 2
3674, 2
3675, 0
3676, 1
3677, 0
3678, 0
3679, 0
3680, 0
3681, 2
3682, 0
3683, 1
3684, 0
3685, 0
3686, 0
3687, 0
3688, 0
3689, 2
3690, 0
3691, 0
3692, 1
3693, 0
3694, 0
3695, 0
3696, 0
3697, 1
3698, 1
3699, 0
3700, 2
3701, 0
3702, 0
3703, 0
3704, 1
3705, 3
3706, 0
3707, 0
3708, 1
3709, 0
3710, 0
3711, 0
3712, 0
3713, 2
3714, 4
3715, 4
3716, 0
3717, 0
3718, 0
3719, 1
3720, 0
3721, 3
3722, 3
3723, 4
3724, 0
3725, 0
3726, 3
3727, 3
3728, 0
3729, 0
3730, 1
3731, 0
3732, 2
3733, 0
3734, 0
3735, 0
3736, 0
3737, 0
3738, 3
3739, 0
3740, 1
3741, 3
3742, 4
3743, 3
3744, 0
3745, 3
3746, 3
3747, 0
3748, 3
3749, 3
3750, 0
3751, 4
3752, 0
3753, 0
3754, 0
3755, 0
3756, 2
3757, 3
3758, 3
3759, 0
3760, -1
3761, 0
3762, 0
3763, -1
3764, 0
3765, -1
3766, 0
3767, 0
3768, 0
3769, 0
3770, 0
3771, 0
3772, 0
3773, 0
3774, 0
3775, 0
3776, 4
3777, 0
3778, 0
3779, 0
3780, 0
3781, 0
3782, 0
3783, 0
3784, 0
3785, 0
3786, 0
3787, 0
3788, 0
3789, 0
3790, 0
3791, 0
3792, 0
3793, 0
3794, 0
3795, 0
3796, 0
3797, -1
3798, -2
3799, -2
3800, 0
3801, 2
3802, 0
3803, -2
3804, -1
3805, 0
3806, 0
3807, 3
3808, 0
3809, 1
3810, 0
3811, 6
3812, 0
3813, 4
3814, 4
3815, 0
3816, 3
3817, 5
3818, 5
3819, 5
3820, 5
3821, 0
3822, 0
3823, 4
3824, 4
3825, 7
3826, 6
3827, 7
3828, 0
3829, 6
3830, 7
3831, 5
3832, 7
3833, 0
3834, 4
3835, 6
3836, 0
3837, 7
3838, 8
3839, 0
3840, 7
3841, 10
3842, 0
3843, 0
3844, 8
3845, 7
3846, 9
3847, 0
3848, 8
3849, 0
3850, 5
3851, 5
3852, 5
3853, 0
3854, 4
3855, 0
3856, 4
3857, 6
3858, 7
3859, 9
3860, 9
3861, 8
3862, 0
3863, 0
3864, 8
3865, 0
3866, 4
3867, 5
3868, 6
3869, 0
3870, 7
3871, 8
3872, 0
3873, 4
3874, 6
3875, 0
3876, 7
3877, 8
3878, 8
3879, 6
3880, 0
3881, 0
3882, 6
3883, 6
3884, 6
3885, 8
3886, 0
3887, 0
3888, 6
3889, 8
3890, 0
3891, 5
3892, 0
3893, 6
3894, 7
3895, 7
3896, 0
3897, 5
3898, 7
3899, 0
3900, 8
3901, 7
3902, 7
3903, 10
3904, 0
3905, 0
3906, 6
3907, 9
3908, 9
3909, 0
3910, 7
3911, 7
3912, 0
3913, 7
3914, 0
3915, 8
3916, 7
3917, 0
3918, 5
3919, 7
3920, 0
3921, 0
3922, 7
3923, 6
3924, 6
3925, 9
3926, 0
3927, 0
3928, 8
3929, 8
3930, 8
3931, 0
3932, 9
3933, 8
3934, 10
3935, 10
3936, 11
3937, 0
3938, 0
3939, 10
3940, 0
3941, 10
3942, 12
3943, 12
3944, 0
3945, 10
3946, 0
3947, 9
3948, 0
3949, 8
3950, 8
3951, 10
3952, 11
3953, 0
3954, 10
3955, 12
3956, 11
3957, 10
3958, 0
3959, 0
3960, 8
3961, 10
3962, 0
3963, 9
3964, 0
3965, 8
3966, 8
3967, 10
3968, 11
3969, 10
3970, 0
3971, 8
3972, 8
3973, 0
3974, 8
3975, 9
3976, 0
3977, 10
3978, 10
3979, 12
3980, 13
3981, 0
3982, 0
3983, 13
3984, 13
3985, 0
3986, 11
3987, 11
3988, 0
3989, 11
3990, 13
3991, 0
3992, 0
3993, 0
3994, 9
3995, 12
3996, 0
3997, 12
3998, 0
3999, 12
4000, 13
4001, 13
4002, 0
4003, 0
4004, 13
4005, 13
4006, 13
4007, 0
4008, 10
4009, 12
4010, 10
4011, 9
4012, 0
4013, 10
4014, 10
4015, 11
4016, 0
4017, 11
4018, 13
4019, 0
4020, 14
4021, 15
4022, 14
4023, 0
4024, 0
4025, 0
4026, 12
4027, 14
4028, 0
4029, 0
4030, 10
4031, 11
4032, 12
4033, 13
4034, 12
4035, 0
4036, 10
4037, 12
4038, 13
4039, 17
4040, 0
4041, 16
4042, 17
4043, 0
4044, 0
4045, 16
4046, 0
4047, 0
4048, 0
4049, 0
4050, 10
4051, 12
4052, 0
4053, 12
4054, 10
4055, 0
4056, 0
4057, 9
4058, 8
4059, 12
4060, 12
4061, 14
4062, 0
4063, 15
4064, 17
4065, 0
4066, 16
4067, 0
4068, 18
4069, 0
4070, 0
4071, 15
4072, 0
4073, 15
4074, 14
4075, 15
4076, 0
4077, 13
4078, 13
4079, 14
4080, 0
4081, 0
4082, 15
4083, 16
4084, 0
4085, 0
4086, 14
4087, 16
4088, 15
4089, 0
4090, 0
4091, 12
4092, 14
4093, 0
4094, 14
4095, 14
4096, 12
4097, 0
4098, 0
4099, 0
4100, 11
4101, 0
4102, 12
4103, 0
4104, 13
4105, 15
4106, 14
4107, 0
4108, 15
4109, 15
4110, 17
4111, 17
4112, 0
4113, 15
4114, 17
4115, 0
4116, 18
4117, 0
4118, 19
4119, 18
4120, 0
4121, 0
4122, 16
4123, 18
4124, 0
4125, 0
4126, 15
4127, 0
4128, 17
4129, 18
4130, 17
4131, 0
4132, 17
4133, 18
4134, 0
4135, 19
4136, 0
4137, 16
4138, 0
4139, 15
4140, 17
4141, 0
4142, 0
4143, 16
4144, 15
4145, 0
4146, 0
4147, 16
4148, 16
4149, 15
4150, 0
4151, 16
4152, 0
4153, 17
4154, 16
4155, 0
4156, 0
4157, 16
4158, 20
4159, 20
4160, 0
4161, 0
4162, 19
4163, 18
4164, 19
4165, 0
4166, 0
4167, 0
4168, 0
4169, 0
4170, 17
4171, 16
4172, 15
4173, 0
4174, 0
4175, 16
4176, 17
4177, 0
4178, 0
4179, 17
4180, 20
4181, 0
4182, 19
4183, 20
4184, 0
4185, 0
4186, 0
4187, 0
4188, 0
4189, 17
4190, 0
4191, 0
4192, 0
4193, 0
4194, 17
4195, 21
4196, 20
4197, 22
4198, 0
4199, 0
4200, 23
4201, 24
4202, 0
4203, 0
4204, 0
4205, 20
4206, 0
4207, 21
4208, 0
4209, 19
4210, 21
4211, 0
4212, 22
4213, 0
4214, 23
4215, 0
4216, 23
4217, 0
4218, 23
4219, 0
4220, 0
4221, 0
4222, 0
4223, 0
4224, 0
4225, 20
4226, 0
4227, 17
4228, 0
4229, 0
4230, 17
4231, 18
4232, 0
4233, 20
4234, 23
4235, 24
4236, 0
4237, 26
4238, 25
4239, 26
4240, 0
4241, 20
4242, 21
4243, 0
4244, 0
4245, 0
4246, 21
4247, 0
4248, 21
4249, 26
4250, 0
4251, 0
4252, 0
4253, 24
4254, 26
4255, 30
4256, 0
4257, 25
4258, 0
4259, 23
4260, 23
4261, 26
4262, 0
4263, 0
4264, 0
4265, 22
4266, 0
4267, 22
4268, 21
4269, 0
4270, 0
4271, 25
4272, 24
4273, 0
4274, 24
4275, 25
4276, 0
4277, 0
4278, 0
4279, 0
4280, 18
4281, 0
4282, 21
4283, 0
4284, 22
4285, 23
4286, 0
4287, 22
4288, 24
4289, 0
4290, 0
4291, 26
4292, 0
4293, 22
4294, 0
4295, 0
4296, 24
4297, 26
4298, 25
4299, 0
4300, 20
4301, 0
4302, 22
4303, 23
4304, 0
4305, 0
4306, 0
4307, 25
4308, 0
4309, 29
4310, 29
4311, 0
4312, 0
4313, 0
4314, 25
4315, 0
4316, 0
4317, 22
4318, 0
4319, 22
4320, 23
4321, 27
4322, 0
4323, 0
4324, 22
4325, 0
4326, 24
4327, 0
4328, 23
4329, 0
4330, 22
4331, 24
4332, 24
4333, 26
4334, 0
4335, 22
4336, 22
4337, 0
4338, 0
4339, 23
4340, 22
4341, 23
4342, 0
4343, 22
4344, 23
4345, 23
4346, 0
4347, 0
4348, 23
4349, 22
4350, 0
4351, 0
4352, 22
4353, 0
4354, 0
4355, 0
4356, 23
4357, 22
4358, 21
4359, 21
4360, 0
4361, 23
4362, 25
4363, 28
4364, 0
4365, 0
4366, 24
4367, 0
4368, 26
4369, 25
4370, 0
4371, 0
4372, 0
4373, 20
4374, 21
4375, 22
4376, 0
4377, 21
4378, 0
4379, 18
4380, 19
4381, 21
4382, 21
4383, 0
4384, 21
4385, 22
4386, 23
4387, 24
4388, 0
4389, 0
4390, 23
4391, 0
4392, 20
4393, 24
4394, 0
4395, 21
4396, 0
4397, 20
4398, 22
4399, 23
4400, 22
4401, 0
4402, 22
4403, 22
4404, 21
4405, 23
4406, 0
4407, 20
4408, 23
4409, 22
4410, 0
4411, 0
4412, 20
4413, 21
4414, 21
4415, 0
4416, 20
4417, 21
4418, 20
4419, 21
4420, 0
4421, 0
4422, 23
4423, 23
4424, 22
4425, 0
4426, 22
4427, 0
4428, 22
4429, 24
4430, 0
4431, 21
4432, 0
4433, 20
4434, 19
4435, 0
4436, 19
4437, 19
4438, 0
4439, 0
4440, 19
4441, 22
4442, 21
4443, 21
4444, 0
4445, 0
4446, 24
4447, 23
4448, 22
4449, 0
4450, 19
4451, 21
4452, 21
4453, 22
4454, 0
4455, 16
4456, 19
4457, 19
4458, 21
4459, 0
4460, 0
4461, 17
4462, 20
4463, 20
4464, 20
4465, 21
4466, 0
4467, 0
4468, 20
4469, 20
4470, 20
4471, 0
4472, 0
4473, 18
4474, 18
4475, 0
4476, 0
4477, 19
4478, 19
4479, 18
4480, 21
4481, 0
4482, 0
4483, 20
4484, 19
4485, 20
4486, 19
4487, 0
4488, 0
4489, 20
4490, 19
4491, 20
4492, 18
4493, 0
4494, 21
4495, 22
4496, 0
4497, 20
4498, 0
4499, 19
4500, 19
4501, 21
4502, 21
4503, 20
4504, 0
4505, 17
4506, 20
4507, 19
4508, 18
4509, 0
4510, 16
4511, 18
4512, 18
4513, 19
4514, 19
4515, 0
4516, 0
4517, 19
4518, 19
4519, 19
4520, 18
4521, 17
4522, 0
4523, 0
4524, 15
4525, 15
4526, 14
4527, 0
4528, 13
4529, 16
4530, 16
4531, 18
4532, 0
4533, 16
4534, 17
4535, 18
4536, 20
4537, 20
4538, 19
4539, 0
4540, 19
4541, 18
4542, 19
4543, 19
4544, 0
4545, 19
4546, 0
4547, 19
4548, 19
4549, 19
4550, 0
4551, 18
4552, 22
4553, 0
4554, 26
4555, 26
4556, 0
4557, 22
4558, 0
4559, 0
4560, 0
4561, 0
4562, 0
4563, 0
4564, 10
4565, 10
4566, 12
4567, 14
4568, 0
4569, 15
4570, 14
4571, 15
4572, 16
4573, 15
4574, 15
4575, 0
4576, 15
4577, 17
4578, 16
4579, 0
4580, 15
4581, 15
4582, 16
4583, 17
4584, 0
4585, 18
4586, 17
4587, 0
4588, 14
4589, 17
4590, 17
4591, 17
4592, 0
4593, 16
4594, 17
4595, 0
4596, 14
4597, 17
4598, 17
4599, 16
4600, 16
4601, 0
4602, 15
4603, 0
4604, 15
4605, 17
4606, 16
4607, 0
4608, 15
4609, 15
4610, 15
4611, 14
4612, 0
4613, 15
4614, 17
4615, 16
4616, 15
4617, 0
4618, 16
4619, 17
4620, 17
4621, 0
4622, 16
4623, 15
4624, 0
4625, 13
4626, 15
4627, 15
4628, 0
4629, 14
4630, 15
4631, 14
4632, 15
4633, 17
4634, 17
4635, 19
4636, 18
4637, 0
4638, 17
4639, 0
4640, 16
4641, 15
4642, 0
4643, 14
4644, 15
4645, 15
4646, 15
4647, 15
4648, 15
4649, 15
4650, 14
4651, 16
4652, 0
4653, 14
4654, 0
4655, 14
4656, 14
4657, 14
4658, 14
4659, 0
4660, 13
4661, 15
4662, 13
4663, 16
4664, 0
4665, 14
4666, 14
4667, 15
4668, 14
4669, 0
4670, 13
4671, 0
4672, 0
4673, 0
4674, 16
4675, 16
4676, 16
4677, 14
4678, 17
4679, 16
4680, 18
4681, 0
4682, 15
4683, 15
4684, 0
4685, 14
4686, 14
4687, 13
4688, 13
4689, 14
4690, 0
4691, 13
4692, 15
4693, 15
4694, 14
4695, 0
4696, 12
4697, 13
4698, 12
4699, 13
4700, 0
4701, 14
4702, 13
4703, 14
4704, 14
4705, 15
4706, 15
4707, 0
4708, 12
4709, 12
4710, 14
4711, 0
4712, 13
4713, 13
4714, 14
4715, 0
4716, 12
4717, 12
4718, 12
4719, 12
4720, 12
4721, 12
4722, 12
4723, 0
4724, 10
4725, 11
4726, 11
4727, 14
4728, 13
4729, 13
4730, 13
4731, 13
4732, 14
4733, 14
4734, 0
4735, 14
4736, 0
4737, 12
4738, 12
4739, 12
4740, 14
4741, 16
4742, 15
4743, 14
4744, 0
4745, 13
4746, 13
4747, 14
4748, 14
4749, 13
4750, 16
4751, 0
4752, 12
4753, 14
4754, 13
4755, 0
4756, 12
4757, 11
4758, 13
4759, 14
4760, 14
4761, 13
4762, 12
4763, 0
4764, 11
4765, 12
4766, 11
4767, 11
4768, 14
4769, 14
4770, 13
4771, 14
4772, 13
4773, 13
4774, 13
4775, 15
4776, 15
4777, 0
4778, 13
4779, 13
4780, 13
4781, 11
4782, 11
4783, 11
4784, 11
4785, 10
4786, 12
4787, 12
4788, 13
4789, 13
4790, 12
4791, 10
4792, 12
4793, 13
4794, 0
4795, 10
4796, 0
4797, 0
4798, 11
4799, 11
4800, 11
4801, 12
4802, 0
4803, 10
4804, 9
4805, 10
4806, 9
4807, 9
4808, 9
4809, 9
4810, 9
4811, 9
4812, 9
4813, 12
4814, 12
4815, 0
4816, 11
4817, 12
4818, 0
4819, 0
4820, 0
4821, 16
4822, 16
4823, 17
4824, 0
4825, 15
4826, 14
4827, 13
4828, 0
4829, 10
4830, 10
4831, 11
4832, 11
4833, 10
4834, 10
4835, 0
4836, 9
4837, 9
4838, 9
4839, 9
4840, 9
4841, 10
4842, 9
4843, 9
4844, 9
4845, 10
4846, 11
4847, 0
4848, 8
4849, 8
4850, 8
4851, 8
4852, 12
4853, 10
4854, 10
4855, 10
4856, 9
4857, 10
4858, 10
4859, 0
4860, 10
4861, 0
4862, 0
4863, 0
4864, 8
4865, 10
4866, 10
4867, 10
4868, 10
4869, 9
4870, 11
4871, 11
4872, 11
4873, 10
4874, 10
4875, 12
4876, 12
4877, 11
4878, 11
4879, 11
4880, 0
4881, 8
4882, 9
4883, 9
4884, 10
4885, 10
4886, 0
4887, 8
4888, 8
4889, 8
4890, 9
4891, 9
4892, 9
4893, 9
4894, 9
4895, 9
4896, 8
4897, 9
4898, 9
4899, 10
4900, 10
4901, 9
4902, 9
4903, 8
4904, 8
4905, 8
4906, 10
4907, 11
4908, 11
4909, 0
4910, 9
4911, 9
4912, 9
4913, 10
4914, 0
4915, 9
4916, 9
4917, 9
4918, 8
4919, 8
4920, 10
4921, 0
4922, 10
4923, 12
4924, 0
4925, 10
4926, 9
4927, 9
4928, 9
4929, 11
4930, 0
4931, 7
4932, 8
4933, 8
4934, 8
4935, 8
4936, 7
4937, 7
4938, 7
4939, 9
4940, 0
4941, 6
4942, 0
4943, 10
4944, 9
4945, 9
4946, 9
4947, 9
4948, 9
4949, 0
4950, 8
4951, 0
4952, 12
4953, 12
4954, 0
4955, 9
4956, 8
4957, 8
4958, 8
4959, 8
4960, 8
4961, 6
4962, 6
4963, 5
4964, 5
4965, 7
4966, 8
4967, 0
4968, 7
4969, 5
4970, 0
4971, 7
4972, 7
4973, 8
4974, 8
4975, 8
4976, 9
4977, 0
4978, 7
4979, 8
4980, 9
4981, 9
4982, 0
4983, 11
4984, 6
4985, 6
4986, 7
4987, 7
4988, 0
4989, 2
4990, 2
4991, 0
4992, 0
4993, 5
4994, 5
4995, 0
4996, 10
4997, 10
4998, 9
4999, 10
5000, 11
5001, 11
5002, 10
5003, 10
5004, 9
5005, 0
5006, 7
5007, 7
5008, 8
5009, 7
5010, 7
5011, 7
5012, 6
5013, 6
5014, 6
5015, 7
5016, 7
5017, 5
5018, 5
5019, 5
5020, 5
5021, 6
5022, 6
5023, 7
5024, 8
5025, 8
5026, 7
5027, 7
5028, 7
5029, 8
5030, 8
5031, 8
5032, 7
5033, 7
5034, 7
5035, 7
5036, 6
5037, 6
5038, 6
5039, 6
5040, 7
5041, 7
5042, 7
5043, 7
5044, 6
5045, 8
5046, 8
5047, 7
5048, 7
5049, 8
5050, 7
5051, 10
5052, 10
5053, 10
5054, 8
5055, 8
5056, 8
5057, 8
5058, 10
5059, 8
5060, 6
5061, 6
5062, 0
5063, 2
5064, 2
5065, 0
5066, 6
5067, 6
5068, 6
5069, 0
5070, 0
5071, 0
5072, 3
5073, 3
5074, 0
5075, 7
5076, 7
5077, 0
5078, 3
5079, 5
5080, 5
5081, 5
5082, 0
5083, 8
5084, 0
5085, 7
5086, 7
5087, 6
5088, 6
5089, 7
5090, 6
5091, 6
5092, 8
5093, 8
5094, 8
5095, 0
5096, 8
5097, 0
5098, 7
5099, 7
5100, 6
5101, 6
5102, 6
5103, 6
5104, 6
5105, 6
5106, 6
5107, 6
5108, 7
5109, 7
5110, 7
5111, 7
5112, 7
5113, 8
5114, 6
5115, 6
5116, 6
5117, 6
5118, 6
5119, 7
5120, 7
5121, 8
5122, 8
5123, 7
5124, 7
5125, 7
5126, 7
5127, 7
5128, 7
5129, 7
5130, 6
5131, 6
5132, 6
5133, 6
5134, 7
5135, 7
5136, 7
5137, 0
5138, 2
5139, 0
5140, 0
5141, 2
5142, 0
5143, 6
5144, 5
5145, 5
5146, 5
5147, 5
5148, 5
5149, 6
5150, 6
5151, 6
5152, 6
5153, 5
5154, 5
5155, 5
5156, 6
5157, 7
5158, 8
5159, 7
5160, 7
5161, 7
5162, 7
5163, 6
5164, 6
5165, 7
5166, 7
5167, 6
5168, 5
5169, 5
5170, 7
5171, 7
5172, 7
5173, 0
5174, 5
5175, 5
5176, 5
5177, 4
5178, 4
5179, 4
5180, 4
5181, 0
5182, 0
5183, 3
5184, 4
5185, 4
5186, 4
5187, 3
5188, 0
5189, 0
5190, 0
5191, 0
5192, 0
5193, 3
5194, 3
5195, 3
5196, 2
5197, 2
5198, 3
5199, 0
5200, 0
5201, 2
5202, 2
5203, 1
5204, 1
5205, 1
5206, 1
5207, 1
5208, 2
5209, 0
5210, 0
5211, 0
5212, 2
5213, -6
5214, 0
5215, 2
5216, 2
5217, 2
5218, 2
5219, 2
5220, 0
5221, 4
5222, 0
5223, 0
5224, 0
5225, 0
5226, 0
5227, 0
5228, 0
5229, 2
5230, 2
5231, 2
5232, 3
5233, 2
5234, 1
5235, 4
5236, 4
5237, 3
5238, 3
5239, 3
5240, 4
5241, 4
5242, 0
5243, 6
5244, 7
5245, 7
5246, 5
5247, 4
5248, 5
5249, 5
5250, 5
5251, 6
5252, 6
5253, 7
5254, 10
5255, 11
5256, 12
5257, 14
5258, 15
5259, 15
5260, 17
5261, 17
5262, 20
5263, 21
5264, 0
5265, 20
5266, 21
5267, 23
5268, 25
5269, 29
5270, 0
5271, 0
5272, 28
5273, 32
5274, 0
5275, 33
5276, 32
5277, 0
5278, 38
5279, 0
5280, 54
5281, 60
5282, 0
5283, 61
5284, 0
5285, 0
5286, 0
5287, 0
5288, 0
5289, 0
5290, 0
5291, 0
5292, 0
5293, 0
5294, 0
5295, 0
5296, 0
5297, 0
5298, 0
5299, 0
5300, 0
5301, 0
5302, 0
5303, 0
5304, 0
5305, 0
5306, 0
5307, 0
5308, 0
5309, 0
5310, 0
5311, 2
5312, 2
5313, 1
5314, 6
5315, 0
5316, 3
5317, 2
5318, 3
5319, 4
5320, 0
5321, 6
5322, 9
5323, 9
5324, 9
5325, 6
5326, 6
5327, 6
5328, 6
5329, 0
5330, 0
5331, 0
5332, 6
5333, 0
5334, 6
5335, 5
5336, 5
5337, 5
5338, 6
5339, 4
5340, 0
5341, 0
5342, 0
5343, 5
5344, 6
5345, 0
5346, 8
5347, 0
5348, 6
5349, 6
5350, 6
5351, 6
5352, 6
5353, 0
5354, 6
5355, 6
5356, 6
5357, 4
5358, 4
5359, 4
5360, 0
5361, 0
5362, 4
5363, 6
5364, 6
5365, 0
5366, 0
5367, 6
5368, 6
5369, 6
5370, 0
5371, 0
5372, 6
5373, 6
5374, 6
5375, 6
5376, 5
5377, 4
5378, 4
5379, 4
5380, 7
5381, 0
5382, 6
5383, 0
5384, 4
5385, 7
5386, 6
5387, 6
5388, 0
5389, 0
5390, 0
5391, 0
5392, 6
5393, 6
5394, 6
5395, 6
5396, 0
5397, 8
5398, 6
5399, 6
5400, 7
5401, 0
5402, 4
5403, 4
5404, 4
5405, 4
5406, 4
5407, 4
5408, 4
5409, 3
5410, 3
5411, 5
5412, 7
5413, 6
5414, 0
5415, 6
5416, 6
5417, 6
5418, 6
5419, 6
5420, 6
5421, 6
5422, 6
5423, 6
5424, 6
5425, 6
5426, 6
5427, 6
5428, 6
5429, 6
5430, 6
5431, 6
5432, 6
5433, 6
5434, 6
5435, 1
5436, 0
5437, 0
5438, 4
5439, 4
5440, 4
5441, 4
5442, 6
5443, 6
5444, 6
5445, 6
5446, 6
5447, 6
5448, 6
5449, 6
5450, 6
5451, 6
5452, 6
5453, 6
5454, 0
5455, 0
5456, 7
5457, 6
5458, 0
5459, 4
5460, 3
5461, 6
5462, 6
5463, 6
5464, 5
5465, 5
5466, 5
5467, 0
5468, 0
5469, 6
5470, 6
5471, 6
5472, 6
5473, 6
5474, 6
5475, 5
5476, 6
5477, 6
5478, 7
5479, 7
5480, 7
5481, 6
5482, 7
5483, 0
5484, 9
5485, 0
5486, 6
5487, 0
5488, 0
5489, 0
5490, 0
5491, 0
5492, 0
5493, 0
5494, 0
5495, 0
5496, 0
5497, 0
5498, 0
5499, 0
5500, 0
5501, 0
5502, 0
5503, 0
5504, 0
5505, 0
5506, 0
5507, 0
