0, 0
1, 0
2, 0
3, 0
4, 0
5, 0
6, 0
7, 0
8, 0
9, 0
10, 0
11, 0
12, 0
13, 0
14, 0
15, 0
16, 0
17, 0
18, 0
19, 0
20, 0
21, 0
22, 0
23, 0
24, 0
25, 0
26, 0
27, 0
28, 0
29, 0
30, 0
31, 0
32, 0
33, 0
34, 0
35, 0
36, 0
37, 0
38, 0
39, 0
40, 0
41, 0
42, 0
43, 0
44, 0
45, 0
46, 0
47, 0
48, 0
49, 0
50, 0
51, 0
52, 0
53, 0
54, 0
55, 0
56, 0
57, 0
58, 0
59, 0
60, 0
61, 0
62, 0
63, 0
64, 0
65, 0
66, 0
67, 0
68, 0
69, 0
70, 0
71, 0
72, 0
73, 0
74, 0
75, 0
76, 0
77, 0
78, 0
79, 0
80, 0
81, 0
82, 0
83, 0
84, 0
85, 0
86, 0
87, 0
88, 0
89, 0
90, 0
91, 0
92, 0
93, 0
94, 0
95, 0
96, 0
97, 0
98, 0
99, 0
100, 0
101, 0
102, 0
103, 0
104, 0
105, 0
106, 0
107, 0
108, 0
109, 0
110, 0
111, 0
112, 0
113, 0
114, 0
115, 0
116, 0
117, 0
118, 0
119, 0
120, 0
121, 0
122, 0
123, 0
124, 0
125, 0
126, 0
127, 0
128, 0
129, 0
130, 0
131, 0
132, 0
133, 0
134, 0
135, 0
136, 0
137, 0
138, 0
139, 0
140, 0
141, 0
142, 0
143, 0
144, 0
145, 0
146, 0
147, 0
148, 0
149, 0
150, 0
151, 0
152, 0
153, 0
154, 0
155, 0
156, 0
157, 0
158, 0
159, 0
160, 0
161, 0
162, 0
163, 0
164, 0
165, 0
166, 0
167, 0
168, 0
169, 0
170, 0
171, 0
172, 0
173, 0
174, 0
175, 0
176, 0
177, 0
178, 0
179, 0
180, 0
181, 0
182, 0
183, 0
184, 0
185, 0
186, 0
187, 0
188, 0
189, 0
190, 0
191, 0
192, 0
193, 0
194, 0
195, 0
196, 0
197, 0
198, 0
199, 0
200, 0
201, 0
202, 0
203, 0
204, 0
205, 0
206, 0
207, 0
208, 0
209, 0
210, 0
211, 0
212, 0
213, 0
214, 0
215, 0
216, 0
217, 0
218, 0
219, 0
220, 0
221, 0
222, 0
223, 0
224, 0
225, 0
226, 0
227, 0
228, 0
229, 0
230, 0
231, 0
232, 0
233, 0
234, 0
235, 0
236, 0
237, 0
238, 0
239, 0
240, 0
241, 0
242, 0
243, 0
244, 0
245, 0
246, 0
247, 0
248, 0
249, 0
250, 0
251, 0
252, 0
253, 0
254, 0
255, 0
256, 0
257, 0
258, 0
259, 0
260, 0
261, 0
262, 0
263, 0
264, 0
265, 0
266, 0
267, 0
268, 0
269, 0
270, 0
271, 0
272, 0
273, 0
274, 0
275, 0
276, 0
277, 0
278, 0
279, 0
280, 0
281, 0
282, 0
283, 0
284, 0
285, 0
286, 0
287, 0
288, 0
289, 0
290, 0
291, 0
292, 0
293, 0
294, 0
295, 0
296, 0
297, 0
298, 0
299, 0
300, 0
301, 0
302, 0
303, 0
304, 0
305, 0
306, 0
307, 0
308, 0
309, 0
310, 0
311, 0
312, 0
313, 0
314, 0
315, 0
316, 0
317, 0
318, 0
319, 0
320, 0
321, 0
322, 0
323, 0
324, 0
325, 0
326, 0
327, 0
328, 0
329, 0
330, 0
331, 0
332, 0
333, 0
334, 0
335, 0
336, 0
337, 0
338, 0
339, 0
340, 0
341, 0
342, 0
343, 0
344, 0
345, 0
346, 0
347, 0
348, 0
349, 0
350, 0
351, 0
352, 0
353, 0
354, 0
355, 0
356, 0
357, 0
358, 0
359, 0
360, 0
361, 0
362, 0
363, 0
364, 0
365, 0
366, 0
367, 0
368, 0
369, 0
370, 0
371, 0
372, 0
373, 0
374, 0
375, 0
376, 0
377, 0
378, 0
379, 0
380, 0
381, 0
382, 0
383, 0
384, 0
385, 0
386, 0
387, 0
388, 0
389, 0
390, 0
391, 0
392, 0
393, 0
394, 0
395, 0
396, 0
397, 0
398, 0
399, 0
400, 0
401, 0
402, 0
403, 0
404, 0
405, 0
406, 0
407, 0
408, 0
409, 0
410, 0
411, 0
412, 0
413, 0
414, 0
415, 0
416, 0
417, 0
418, 0
419, 0
420, 0
421, 0
422, 0
423, 0
424, 0
425, 0
426, 0
427, 0
428, 0
429, 0
430, 0
431, 0
432, 0
433, 0
434, 0
435, 0
436, 0
437, 0
438, 0
439, 0
440, 0
441, 0
442, 0
443, 0
444, 0
445, 0
446, 0
447, 0
448, 0
449, 0
450, 0
451, 0
452, 0
453, 0
454, 0
455, 0
456, 0
457, 0
458, 0
459, 0
460, 0
461, 0
462, 0
463, 0
464, 0
465, 0
466, 0
467, 0
468, 0
469, 0
470, 0
471, 0
472, 0
473, 0
474, 0
475, 0
476, 0
477, 0
478, 0
479, 0
480, 0
481, 0
482, 0
483, 0
484, 0
485, 0
486, 0
487, 0
488, 0
489, 0
490, 0
491, 0
492, 0
493, 0
494, 0
495, 0
496, 0
497, 0
498, 0
499, 0
500, 0
501, 0
502, 0
503, 0
504, 0
505, 0
506, 0
507, 0
508, 0
509, 0
510, 0
511, 0
512, 0
513, 0
514, 0
515, 0
516, 0
517, 0
518, 0
519, 0
520, 0
521, 0
522, 0
523, 0
524, 0
525, 0
526, 0
527, 0
528, 0
529, 0
530, 0
531, 0
532, 0
533, 0
534, 0
535, 0
536, 0
537, 0
538, 0
539, 0
540, 0
541, 0
542, 0
543, 0
544, 0
545, 0
546, 0
547, 0
548, 0
549, 0
550, 0
551, 0
552, 0
553, 0
554, 0
555, 0
556, 0
557, 0
558, 0
559, 0
560, 0
561, 0
562, 0
563, 0
564, 0
565, 0
566, 0
567, 0
568, 0
569, 0
570, 0
571, 0
572, 0
573, 0
574, 0
575, 0
576, 0
577, 0
578, 0
579, 0
580, 0
581, 0
582, 0
583, 0
584, 0
585, 0
586, 0
587, 0
588, 0
589, 0
590, 0
591, 0
592, 0
593, 0
594, 0
595, 0
596, 0
597, 0
598, 0
599, 0
600, 0
601, 0
602, 0
603, 0
604, 0
605, 0
606, 0
607, 0
608, 0
609, 0
610, 0
611, 0
612, 0
613, 0
614, 0
615, 0
616, 0
617, 0
618, 0
619, 0
620, 0
621, 0
622, 0
623, 0
624, 0
625, 0
626, 0
627, 0
628, 0
629, 0
630, 0
631, 0
632, 0
633, 0
634, 0
635, 0
636, 0
637, 0
638, 0
639, 0
640, 0
641, 0
642, 0
643, 0
644, 0
645, 0
646, 0
647, 0
648, 0
649, 0
650, 0
651, 0
652, 0
653, 0
654, 0
655, 0
656, 0
657, 0
658, 0
659, 0
660, 0
661, 0
662, 0
663, 0
664, 0
665, 0
666, 0
667, 0
668, 0
669, 0
670, 0
671, 0
672, 0
673, 0
674, 0
675, 0
676, 0
677, 0
678, 0
679, 0
680, 0
681, 0
682, 0
683, 0
684, 0
685, 0
686, 0
687, 0
688, 0
689, 0
690, 0
691, 0
692, 0
693, 0
694, 0
695, 0
696, 0
697, 0
698, 0
699, 0
700, 0
701, 0
702, 0
703, 0
704, 0
705, 0
706, 0
707, 0
708, 0
709, 0
710, 0
711, 0
712, 0
713, 0
714, 0
715, 0
716, 0
717, 0
718, 0
719, 0
720, 0
721, 0
722, 0
723, 0
724, 0
725, 0
726, 0
727, 0
728, 0
729, 0
730, 0
731, 0
732, 0
733, 0
734, 0
735, 0
736, 0
737, 0
738, 0
739, 0
740, 0
741, 0
742, 0
743, 0
744, 0
745, 0
746, 0
747, 0
748, 0
749, 0
750, 0
751, 0
752, 0
753, 0
754, 0
755, 0
756, 0
757, 0
758, 0
759, 0
760, 0
761, 0
762, 0
763, 0
764, 0
765, 0
766, 0
767, 0
768, 0
769, 0
770, 0
771, 0
772, 0
773, 0
774, 0
775, 0
776, 0
777, 0
778, 0
779, 0
780, 0
781, 0
782, 0
783, 0
784, 0
785, 2035
786, 1989
787, 1988
788, 1887
789, 1852
790, 1767
791, 1749
792, 1743
793, 1742
794, 1708
795, 1683
796, 1658
797, 0
798, 1625
799, 1623
800, 1592
801, 1577
802, 1541
803, 0
804, 1526
805, 1524
806, 1509
807, 1495
808, 1488
809, 1468
810, 1454
811, 1453
812, 1419
813, 1412
814, 1402
815, 1391
816, 1378
817, 1376
818, 1371
819, 1357
820, 0
821, 1335
822, 1331
823, 1329
824, 1317
825, 1310
826, 1304
827, 1284
828, 1278
829, 1276
830, 1267
831, 1261
832, 0
833, 1245
834, 1240
835, 0
836, 1229
837, 1225
838, 1207
839, 1195
840, 1191
841, 0
842, 1186
843, 1185
844, 1174
845, 1171
846, 1143
847, 1141
848, 1135
849, 1126
850, 1114
851, 1106
852, 1101
853, 1101
854, 1099
855, 1093
856, 1088
857, 1077
858, 1070
859, 1068
860, 1058
861, 1048
862, 0
863, 1033
864, 1025
865, 1023
866, 0
867, 1013
868, 1003
869, 998
870, 991
871, 989
872, 0
873, 979
874, 974
875, 965
876, 954
877, 0
878, 949
879, 943
880, 937
881, 931
882, 924
883, 922
884, 0
885, 913
886, 911
887, 905
888, 899
889, 0
890, 895
891, 893
892, 883
893, 0
894, 869
895, 868
896, 861
897, 858
898, 852
899, 845
900, 0
901, 839
902, 835
903, 832
904, 826
905, 819
906, 814
907, 812
908, 810
909, 807
910, 0
911, 0
912, 789
913, 787
914, 787
915, 779
916, 0
917, 771
918, 760
919, 759
920, 758
921, 750
922, 745
923, 739
924, 0
925, 733
926, 726
927, 723
928, 717
929, 0
930, 705
931, 705
932, 701
933, 691
934, 0
935, 682
936, 678
937, 677
938, 0
939, 673
940, 668
941, 666
942, 663
943, 662
944, 0
945, 0
946, 657
947, 650
948, 646
949, 644
950, 639
951, 635
952, 629
953, 0
954, 622
955, 620
956, 0
957, 614
958, 612
959, 606
960, 604
961, 0
962, 602
963, 0
964, 599
965, 595
966, 589
967, 588
968, 587
969, 584
970, 0
971, 579
972, 575
973, 574
974, 573
975, 0
976, 563
977, 0
978, 557
979, 555
980, 553
981, 549
982, 0
983, 544
984, 538
985, 0
986, 536
987, 535
988, 532
989, 529
990, 524
991, 523
992, 0
993, 0
994, 517
995, 513
996, 510
997, 508
998, 506
999, 503
1000, 500
1001, 0
1002, 0
1003, 494
1004, 494
1005, 488
1006, 482
1007, 477
1008, 473
1009, 471
1010, 469
1011, 0
1012, 467
1013, 461
1014, 457
1015, 455
1016, 454
1017, 0
1018, 444
1019, 0
1020, 437
1021, 435
1022, 0
1023, 430
1024, 422
1025, 420
1026, 416
1027, 415
1028, 414
1029, 0
1030, 0
1031, 406
1032, 402
1033, 402
1034, 402
1035, 0
1036, 397
1037, 393
1038, 393
1039, 391
1040, 0
1041, 388
1042, 0
1043, 384
1044, 380
1045, 379
1046, 0
1047, 377
1048, 376
1049, 374
1050, 0
1051, 374
1052, 376
1053, 0
1054, 367
1055, 366
1056, 364
1057, 362
1058, 360
1059, 0
1060, 355
1061, 0
1062, 348
1063, 347
1064, 347
1065, 0
1066, 343
1067, 342
1068, 338
1069, 0
1070, 338
1071, 337
1072, 335
1073, 0
1074, 331
1075, 329
1076, 0
1077, 323
1078, 322
1079, 0
1080, 319
1081, 317
1082, 317
1083, 316
1084, 0
1085, 309
1086, 308
1087, 307
1088, 307
1089, 304
1090, 0
1091, 303
1092, 300
1093, 299
1094, 0
1095, 296
1096, 292
1097, 289
1098, 0
1099, 286
1100, 0
1101, 286
1102, 284
1103, 279
1104, 0
1105, 278
1106, 280
1107, 277
1108, 275
1109, 271
1110, 270
1111, 269
1112, 0
1113, 0
1114, 266
1115, 0
1116, 260
1117, 260
1118, 0
1119, 260
1120, 256
1121, 253
1122, 251
1123, 0
1124, 0
1125, 0
1126, 247
1127, 0
1128, 244
1129, 244
1130, 0
1131, 242
1132, 0
1133, 236
1134, 233
1135, 0
1136, 234
1137, 0
1138, 232
1139, 228
1140, 225
1141, 224
1142, 0
1143, 224
1144, 222
1145, 0
1146, 218
1147, 0
1148, 216
1149, 216
1150, 0
1151, 212
1152, 210
1153, 0
1154, 211
1155, 0
1156, 208
1157, 205
1158, 202
1159, 0
1160, 204
1161, 199
1162, 0
1163, 197
1164, 196
1165, 0
1166, 195
1167, 192
1168, 0
1169, 191
1170, 188
1171, 0
1172, 0
1173, 186
1174, 186
1175, 186
1176, 183
1177, 0
1178, 0
1179, 184
1180, 0
1181, 0
1182, 181
1183, 177
1184, 179
1185, 180
1186, 0
1187, 175
1188, 173
1189, 171
1190, 0
1191, 0
1192, 0
1193, 173
1194, 169
1195, 0
1196, 0
1197, 170
1198, 170
1199, 165
1200, 0
1201, 162
1202, 0
1203, 163
1204, 0
1205, 0
1206, 161
1207, 161
1208, 162
1209, 159
1210, 0
1211, 160
1212, 156
1213, 0
1214, 155
1215, 0
1216, 0
1217, 151
1218, 148
1219, 149
1220, 149
1221, 0
1222, 150
1223, 149
1224, 149
1225, 0
1226, 0
1227, 0
1228, 150
1229, 148
1230, 144
1231, 0
1232, 0
1233, 145
1234, 0
1235, 0
1236, 144
1237, 0
1238, 0
1239, 148
1240, 0
1241, 143
1242, 143
1243, 140
1244, 141
1245, 137
1246, 0
1247, 0
1248, 137
1249, 137
1250, 0
1251, 0
1252, 137
1253, 136
1254, 136
1255, 0
1256, 136
1257, 137
1258, 0
1259, 138
1260, 135
1261, 136
1262, 0
1263, 138
1264, 137
1265, 133
1266, 131
1267, 0
1268, 0
1269, 131
1270, 132
1271, 130
1272, 0
1273, 0
1274, 0
1275, 0
1276, 0
1277, 129
1278, 128
1279, 127
1280, 0
1281, 128
1282, 0
1283, 0
1284, 128
1285, 128
1286, 128
1287, 0
1288, 0
1289, 127
1290, 0
1291, 127
1292, 0
1293, 127
1294, 126
1295, 0
1296, 0
1297, 126
1298, 126
1299, 0
1300, 0
1301, 124
1302, 124
1303, 123
1304, 0
1305, 127
1306, 126
1307, 0
1308, 0
1309, 125
1310, 126
1311, 0
1312, 0
1313, 128
1314, 127
1315, 126
1316, 0
1317, 0
1318, 126
1319, 126
1320, 121
1321, 121
1322, 122
1323, 0
1324, 0
1325, 0
1326, 0
1327, 129
1328, 0
1329, 129
1330, 0
1331, 0
1332, 132
1333, 130
1334, 0
1335, 132
1336, 0
1337, 131
1338, 128
1339, 0
1340, 131
1341, 132
1342, 0
1343, 131
1344, 129
1345, 0
1346, 130
1347, 0
1348, 0
1349, 133
1350, 0
1351, 0
1352, 0
1353, 0
1354, 0
1355, 138
1356, 136
1357, 136
1358, 0
1359, 137
1360, 0
1361, 136
1362, 134
1363, 134
1364, 0
1365, 0
1366, 137
1367, 0
1368, 136
1369, 0
1370, 138
1371, 0
1372, 0
1373, 137
1374, 136
1375, 0
1376, 138
1377, 0
1378, 0
1379, 140
1380, 0
1381, 141
1382, 142
1383, 0
1384, 144
1385, 142
1386, 141
1387, 0
1388, 145
1389, 145
1390, 0
1391, 0
1392, 146
1393, 145
1394, 144
1395, 0
1396, 147
1397, 146
1398, 144
1399, 0
1400, 144
1401, 0
1402, 0
1403, 147
1404, 0
1405, 0
1406, 0
1407, 0
1408, 152
1409, 149
1410, 0
1411, 149
1412, 149
1413, 0
1414, 0
1415, 0
1416, 151
1417, 152
1418, 0
1419, 153
1420, 0
1421, 154
1422, 0
1423, 153
1424, 0
1425, 155
1426, 0
1427, 0
1428, 154
1429, 0
1430, 157
1431, 155
1432, 0
1433, 154
1434, 154
1435, 0
1436, 0
1437, 159
1438, 0
1439, 157
1440, 156
1441, 0
1442, 159
1443, 0
1444, 159
1445, 158
1446, 157
1447, 0
1448, 158
1449, 159
1450, 0
1451, 159
1452, 157
1453, 0
1454, 159
1455, 0
1456, 0
1457, 159
1458, 159
1459, 159
1460, 0
1461, 0
1462, 162
1463, 0
1464, 162
1465, 0
1466, 164
1467, 163
1468, 0
1469, 163
1470, 0
1471, 163
1472, 163
1473, 0
1474, 0
1475, 165
1476, 164
1477, 0
1478, 0
1479, 167
1480, 166
1481, 0
1482, 0
1483, 168
1484, 169
1485, 168
1486, 0
1487, 170
1488, 169
1489, 0
1490, 170
1491, 0
1492, 170
1493, 168
1494, 166
1495, 167
1496, 0
1497, 170
1498, 170
1499, 0
1500, 170
1501, 0
1502, 173
1503, 172
1504, 0
1505, 174
1506, 173
1507, 172
1508, 174
1509, 0
1510, 176
1511, 175
1512, 173
1513, 172
1514, 0
1515, 176
1516, 0
1517, 0
1518, 175
1519, 175
1520, 177
1521, 175
1522, 173
1523, 0
1524, 0
1525, 174
1526, 176
1527, 0
1528, 0
1529, 178
1530, 0
1531, 177
1532, 0
1533, 0
1534, 0
1535, 178
1536, 177
1537, 175
1538, 0
1539, 0
1540, 180
1541, 0
1542, 179
1543, 177
1544, 178
1545, 179
1546, 0
1547, 181
1548, 179
1549, 178
1550, 180
1551, 0
1552, 182
1553, 180
1554, 178
1555, 179
1556, 179
1557, 0
1558, 183
1559, 184
1560, 181
1561, 0
1562, 183
1563, 184
1564, 184
1565, 0
1566, 183
1567, 0
1568, 186
1569, 186
1570, 0
1571, 185
1572, 0
1573, 187
1574, 188
1575, 187
1576, 0
1577, 196
1578, 195
1579, 0
1580, 198
1581, 197
1582, 195
1583, 0
1584, 0
1585, 189
1586, 0
1587, 0
1588, 192
1589, 189
1590, 187
1591, 189
1592, 0
1593, 0
1594, 191
1595, 192
1596, 189
1597, 0
1598, 0
1599, 193
1600, 193
1601, 191
1602, 0
1603, 191
1604, 0
1605, 194
1606, 193
1607, 0
1608, 193
1609, 0
1610, 194
1611, 196
1612, 197
1613, 0
1614, 0
1615, 196
1616, 197
1617, 198
1618, 195
1619, 0
1620, 195
1621, 0
1622, 197
1623, 196
1624, 0
1625, 197
1626, 0
1627, 197
1628, 197
1629, 0
1630, 0
1631, 200
1632, 200
1633, 199
1634, 0
1635, 202
1636, 0
1637, 198
1638, 197
1639, 198
1640, 0
1641, 0
1642, 206
1643, 0
1644, 206
1645, 0
1646, 207
1647, 0
1648, 208
1649, 209
1650, 0
1651, 0
1652, 212
1653, 211
1654, 0
1655, 213
1656, 212
1657, 0
1658, 215
1659, 0
1660, 217
1661, 215
1662, 214
1663, 214
1664, 214
1665, 215
1666, 213
1667, 0
1668, 214
1669, 212
1670, 0
1671, 213
1672, 214
1673, 0
1674, 214
1675, 212
1676, 213
1677, 0
1678, 216
1679, 213
1680, 213
1681, 0
1682, 213
1683, 0
1684, 214
1685, 215
1686, 214
1687, 214
1688, 0
1689, 214
1690, 214
1691, 0
1692, 215
1693, 212
1694, 0
1695, 0
1696, 0
1697, 0
1698, 0
1699, 0
1700, 0
1701, 0
1702, 0
1703, 0
1704, 0
1705, 0
1706, 0
1707, 0
1708, 221
1709, 0
1710, 221
1711, 221
1712, 0
1713, 223
1714, 0
1715, 225
1716, 226
1717, 225
1718, 0
1719, 227
1720, 225
1721, 224
1722, 224
1723, 0
1724, 0
1725, 226
1726, 225
1727, 225
1728, 224
1729, 224
1730, 0
1731, 0
1732, 226
1733, 226
1734, 224
1735, 0
1736, 227
1737, 0
1738, 229
1739, 230
1740, 229
1741, 227
1742, 0
1743, 233
1744, 232
1745, 229
1746, 228
1747, 0
1748, 233
1749, 234
1750, 0
1751, 233
1752, 232
1753, 234
1754, 0
1755, 0
1756, 236
1757, 238
1758, 235
1759, 234
1760, 0
1761, 237
1762, 0
1763, 237
1764, 237
1765, 0
1766, 239
1767, 240
1768, 0
1769, 240
1770, 0
1771, 238
1772, 239
1773, 240
1774, 239
1775, 238
1776, 240
1777, 0
1778, 241
1779, 241
1780, 0
1781, 242
1782, 239
1783, 239
1784, 240
1785, 0
1786, 239
1787, 239
1788, 238
1789, 0
1790, 0
1791, 242
1792, 241
1793, 240
1794, 240
1795, 0
1796, 242
1797, 242
1798, 241
1799, 241
1800, 240
1801, 240
1802, 0
1803, 242
1804, 0
1805, 243
1806, 242
1807, 242
1808, 242
1809, 243
1810, 242
1811, 0
1812, 0
1813, 0
1814, 0
1815, 0
1816, 0
1817, 0
1818, 253
1819, 250
1820, 0
1821, 0
1822, 0
1823, 249
1824, 248
1825, 248
1826, 248
1827, 0
1828, 249
1829, 249
1830, 248
1831, 0
1832, 0
1833, 251
1834, 252
1835, 250
1836, 249
1837, 249
1838, 251
1839, 0
1840, 253
1841, 253
1842, 253
1843, 0
1844, 256
1845, 0
1846, 0
1847, 257
1848, 256
1849, 256
1850, 257
1851, 258
1852, 257
1853, 0
1854, 259
1855, 260
1856, 260
1857, 258
1858, 256
1859, 0
1860, 257
1861, 258
1862, 0
1863, 261
1864, 260
1865, 259
1866, 257
1867, 259
1868, 0
1869, 262
1870, 0
1871, 263
1872, 260
1873, 261
1874, 261
1875, 0
1876, 263
1877, 0
1878, 262
1879, 260
1880, 261
1881, 262
1882, 0
1883, 265
1884, 263
1885, 262
1886, 262
1887, 264
1888, 263
1889, 264
1890, 263
1891, 0
1892, 0
1893, 267
1894, 268
1895, 269
1896, 267
1897, 268
1898, 0
1899, 0
1900, 268
1901, 268
1902, 267
1903, 268
1904, 268
1905, 269
1906, 268
1907, 0
1908, 270
1909, 268
1910, 0
1911, 269
1912, 271
1913, 270
1914, 269
1915, 0
1916, 272
1917, 271
1918, 272
1919, 271
1920, 270
1921, 270
1922, 270
1923, 270
1924, 0
1925, 269
1926, 0
1927, 273
1928, 274
1929, 273
1930, 0
1931, 274
1932, 273
1933, 0
1934, 276
1935, 276
1936, 276
1937, 276
1938, 275
1939, 0
1940, 0
1941, 279
1942, 280
1943, 280
1944, 279
1945, 0
1946, 0
1947, 281
1948, 281
1949, 280
1950, 280
1951, 280
1952, 282
1953, 282
1954, 0
1955, 283
1956, 282
1957, 280
1958, 281
1959, 282
1960, 283
1961, 283
1962, 283
1963, 0
1964, 285
1965, 285
1966, 0
1967, 285
1968, 285
1969, 287
1970, 287
1971, 288
1972, 0
1973, 286
1974, 0
1975, 287
1976, 287
1977, 287
1978, 289
1979, 289
1980, 287
1981, 289
1982, 290
1983, 290
1984, 289
1985, 289
1986, 289
1987, 289
1988, 290
1989, 292
1990, 292
1991, 0
1992, 292
1993, 291
1994, 291
1995, 291
1996, 290
1997, 290
1998, 0
1999, 293
2000, 0
2001, 296
2002, 295
2003, 293
2004, 292
2005, 292
2006, 0
2007, 297
2008, 297
2009, 296
2010, 296
2011, 0
2012, 297
2013, 0
2014, 299
2015, 297
2016, 297
2017, 298
2018, 299
2019, 0
2020, 301
2021, 300
2022, 300
2023, 300
2024, 300
2025, 301
2026, 301
2027, 299
2028, 0
2029, 0
2030, 304
2031, 302
2032, 300
2033, 299
2034, 0
2035, 300
2036, 303
2037, 304
2038, 302
2039, 303
2040, 303
2041, 303
2042, 304
2043, 0
2044, 305
2045, 304
2046, 303
2047, 0
2048, 306
2049, 306
2050, 0
2051, 0
2052, 306
2053, 306
2054, 308
2055, 308
2056, 307
2057, 306
2058, 307
2059, 307
2060, 307
2061, 0
2062, 310
2063, 310
2064, 0
2065, 306
2066, 0
2067, 309
2068, 310
2069, 309
2070, 309
2071, 308
2072, 0
2073, 0
2074, 313
2075, 313
2076, 313
2077, 312
2078, 314
2079, 312
2080, 312
2081, 0
2082, 314
2083, 0
2084, 316
2085, 316
2086, 314
2087, 314
2088, 314
2089, 0
2090, 317
2091, 317
2092, 0
2093, 317
2094, 316
2095, 317
2096, 318
2097, 319
2098, 320
2099, 318
2100, 317
2101, 317
2102, 0
2103, 320
2104, 320
2105, 320
2106, 320
2107, 320
2108, 321
2109, 321
2110, 322
2111, 321
2112, 318
2113, 319
2114, 320
2115, 0
2116, 0
2117, 323
2118, 321
2119, 322
2120, 322
2121, 322
2122, 323
2123, 322
2124, 322
2125, 0
2126, 0
2127, 324
2128, 325
2129, 325
2130, 323
2131, 324
2132, 325
2133, 326
2134, 326
2135, 326
2136, 325
2137, 326
2138, 327
2139, 327
2140, 326
2141, 326
2142, 326
2143, 327
2144, 328
2145, 328
2146, 327
2147, 0
2148, 0
2149, 328
2150, 330
2151, 331
2152, 331
2153, 332
2154, 332
2155, 331
2156, 331
2157, 331
2158, 0
2159, 331
2160, 331
2161, 0
2162, 333
2163, 333
2164, 335
2165, 335
2166, 332
2167, 332
2168, 0
2169, 336
2170, 336
2171, 335
2172, 334
2173, 336
2174, 337
2175, 336
2176, 336
2177, 336
2178, 336
2179, 0
2180, 0
2181, 338
2182, 0
2183, 339
2184, 339
2185, 0
2186, 341
2187, 342
2188, 339
2189, 341
2190, 0
2191, 341
2192, 342
2193, 343
2194, 343
2195, 0
2196, 345
2197, 345
2198, 346
2199, 345
2200, 345
2201, 345
2202, 343
2203, 346
2204, 347
2205, 346
2206, 346
2207, 0
2208, 348
2209, 347
2210, 348
2211, 348
2212, 348
2213, 348
2214, 0
2215, 349
2216, 350
2217, 0
2218, 353
2219, 353
2220, 351
2221, 352
2222, 352
2223, 352
2224, 349
2225, 350
2226, 0
2227, 0
2228, 353
2229, 352
2230, 352
2231, 352
2232, 351
2233, 352
2234, 353
2235, 353
2236, 353
2237, 0
2238, 355
2239, 355
2240, 356
2241, 357
2242, 0
2243, 0
2244, 355
2245, 356
2246, 357
2247, 358
2248, 357
2249, 0
2250, 359
2251, 357
2252, 358
2253, 0
2254, 0
2255, 0
2256, 0
2257, 0
2258, 0
2259, 361
2260, 361
2261, 361
2262, 0
2263, 0
2264, 0
2265, 0
2266, 364
2267, 363
2268, 364
2269, 364
2270, 364
2271, 363
2272, 364
2273, 362
2274, 361
2275, 361
2276, 362
2277, 363
2278, 365
2279, 365
2280, 365
2281, 367
2282, 369
2283, 368
2284, 0
2285, 370
2286, 370
2287, 372
2288, 374
2289, 374
2290, 375
2291, 376
2292, 375
2293, 375
2294, 370
2295, 0
2296, 370
2297, 369
2298, 370
2299, 371
2300, 373
2301, 373
2302, 373
2303, 374
2304, 373
2305, 374
2306, 374
2307, 375
2308, 374
2309, 376
2310, 377
2311, 375
2312, 0
2313, 377
2314, 378
2315, 377
2316, 377
2317, 377
2318, 377
2319, 375
2320, 376
2321, 376
2322, 376
2323, 377
2324, 377
2325, 378
2326, 0
2327, 0
2328, 382
2329, 382
2330, 381
2331, 381
2332, 381
2333, 381
2334, 381
2335, 382
2336, 382
2337, 383
2338, 382
2339, 381
2340, 382
2341, 382
2342, 382
2343, 382
2344, 0
2345, 386
2346, 385
2347, 385
2348, 386
2349, 386
2350, 385
2351, 386
2352, 387
2353, 388
2354, 388
2355, 386
2356, 386
2357, 386
2358, 385
2359, 386
2360, 0
2361, 389
2362, 388
2363, 388
2364, 388
2365, 389
2366, 389
2367, 390
2368, 390
2369, 391
2370, 392
2371, 391
2372, 393
2373, 393
2374, 392
2375, 391
2376, 0
2377, 393
2378, 393
2379, 0
2380, 393
2381, 393
2382, 0
2383, 395
2384, 395
2385, 395
2386, 396
2387, 396
2388, 396
2389, 396
2390, 395
2391, 394
2392, 394
2393, 394
2394, 0
2395, 397
2396, 398
2397, 398
2398, 0
2399, 400
2400, 400
2401, 399
2402, 400
2403, 400
2404, 401
2405, 401
2406, 402
2407, 400
2408, 400
2409, 400
2410, 400
2411, 401
2412, 0
2413, 403
2414, 0
2415, 403
2416, 0
2417, 403
2418, 403
2419, 0
2420, 405
2421, 405
2422, 406
2423, 406
2424, 405
2425, 405
2426, 405
2427, 406
2428, 407
2429, 407
2430, 408
2431, 408
2432, 0
2433, 409
2434, 0
2435, 0
2436, 0
2437, 0
2438, 409
2439, 408
2440, 408
2441, 410
2442, 410
2443, 411
2444, 411
2445, 0
2446, 411
2447, 411
2448, 412
2449, 413
2450, 413
2451, 414
2452, 0
2453, 417
2454, 417
2455, 417
2456, 417
2457, 417
2458, 416
2459, 416
2460, 416
2461, 417
2462, 418
2463, 419
2464, 0
2465, 417
2466, 416
2467, 416
2468, 417
2469, 0
2470, 419
2471, 420
2472, 420
2473, 420
2474, 421
2475, 421
2476, 420
2477, 421
2478, 422
2479, 422
2480, 422
2481, 0
2482, 0
2483, 423
2484, 423
2485, 424
2486, 424
2487, 425
2488, 425
2489, 426
2490, 0
2491, 425
2492, 0
2493, 428
2494, 428
2495, 428
2496, 428
2497, 0
2498, 430
2499, 429
2500, 0
2501, 432
2502, 432
2503, 432
2504, 433
2505, 432
2506, 433
2507, 433
2508, 433
2509, 433
2510, 434
2511, 435
2512, 435
2513, 434
2514, 433
2515, 432
2516, 434
2517, 435
2518, 435
2519, 435
2520, 436
2521, 435
2522, 435
2523, 0
2524, 0
2525, 0
2526, 437
2527, 438
2528, 439
2529, 439
2530, 439
2531, 440
2532, 440
2533, 440
2534, 439
2535, 438
2536, 437
2537, 438
2538, 438
2539, 439
2540, 440
2541, 440
2542, 439
2543, 439
2544, 439
2545, 439
2546, 440
2547, 441
2548, 0
2549, 442
2550, 442
2551, 443
2552, 443
2553, 443
2554, 443
2555, 443
2556, 444
2557, 445
2558, 445
2559, 446
2560, 447
2561, 447
2562, 446
2563, 445
2564, 446
2565, 446
2566, 448
2567, 448
2568, 448
2569, 450
2570, 451
2571, 451
2572, 452
2573, 453
2574, 453
2575, 452
2576, 453
2577, 453
2578, 453
2579, 452
2580, 452
2581, 452
2582, 454
2583, 454
2584, 454
2585, 454
2586, 455
2587, 455
2588, 456
2589, 457
2590, 458
2591, 458
2592, 457
2593, 456
2594, 456
2595, 0
2596, 455
2597, 455
2598, 456
2599, 0
2600, 458
2601, 459
2602, 0
2603, 459
2604, 459
2605, 458
2606, 458
2607, 458
2608, 458
2609, 459
2610, 459
2611, 459
2612, 460
2613, 460
2614, 0
2615, 463
2616, 463
2617, 465
2618, 466
2619, 466
2620, 465
2621, 463
2622, 0
2623, 466
2624, 0
2625, 470
2626, 470
2627, 470
2628, 470
2629, 469
2630, 0
2631, 471
2632, 472
2633, 473
2634, 473
2635, 473
2636, 475
2637, 475
2638, 474
2639, 474
2640, 474
2641, 475
2642, 474
2643, 473
2644, 0
2645, 475
2646, 475
2647, 476
2648, 475
2649, 475
2650, 476
2651, 477
2652, 477
2653, 0
2654, 479
2655, 481
2656, 481
2657, 480
2658, 0
2659, 478
2660, 478
2661, 478
2662, 480
2663, 482
2664, 481
2665, 480
2666, 0
2667, 483
2668, 483
2669, 482
2670, 482
2671, 482
2672, 483
2673, 483
2674, 483
2675, 483
2676, 482
2677, 483
2678, 485
2679, 486
2680, 487
2681, 0
2682, 484
2683, 0
2684, 488
2685, 490
2686, 491
2687, 0
2688, 0
2689, 486
2690, 486
2691, 0
2692, 490
2693, 489
2694, 0
2695, 490
2696, 491
2697, 492
2698, 492
2699, 0
2700, 489
2701, 489
2702, 0
2703, 493
2704, 492
2705, 492
2706, 492
2707, 493
2708, 494
2709, 495
2710, 495
2711, 495
2712, 495
2713, 496
2714, 496
2715, 497
2716, 497
2717, 497
2718, 497
2719, 498
2720, 498
2721, 499
2722, 499
2723, 499
2724, 499
2725, 498
2726, 498
2727, 0
2728, 499
2729, 0
2730, 498
2731, 0
2732, 500
2733, 501
2734, 500
2735, 500
2736, 499
2737, 499
2738, 500
2739, 500
2740, 499
2741, 500
2742, 500
2743, 500
2744, 501
2745, 502
2746, 501
2747, 501
2748, 501
2749, 502
2750, 503
2751, 503
2752, 503
2753, 503
2754, 503
2755, 504
2756, 504
2757, 505
2758, 505
2759, 505
2760, 505
2761, 0
2762, 510
2763, 0
2764, 508
2765, 508
2766, 0
2767, 510
2768, 0
2769, 509
2770, 509
2771, 0
2772, 511
2773, 510
2774, 510
2775, 0
2776, 510
2777, 509
2778, 0
2779, 0
2780, 515
2781, 516
2782, 515
2783, 514
2784, 514
2785, 516
2786, 517
2787, 518
2788, 519
2789, 518
2790, 518
2791, 520
2792, 519
2793, 520
2794, 520
2795, 521
2796, 522
2797, 522
2798, 524
2799, 526
2800, 527
2801, 526
2802, 526
2803, 527
2804, 528
2805, 528
2806, 527
2807, 527
2808, 527
2809, 527
2810, 527
2811, 528
2812, 528
2813, 0
2814, 525
2815, 526
2816, 527
2817, 527
2818, 530
2819, 532
2820, 531
2821, 531
2822, 531
2823, 532
2824, 532
2825, 530
2826, 530
2827, 531
2828, 534
2829, 534
2830, 533
2831, 533
2832, 532
2833, 531
2834, 532
2835, 533
2836, 534
2837, 535
2838, 535
2839, 535
2840, 535
2841, 536
2842, 536
2843, 536
2844, 537
2845, 539
2846, 540
2847, 539
2848, 539
2849, 539
2850, 0
2851, 538
2852, 538
2853, 0
2854, 540
2855, 542
2856, 542
2857, 542
2858, 0
2859, 541
2860, 542
2861, 0
2862, 546
2863, 547
2864, 547
2865, 546
2866, 547
2867, 547
2868, 548
2869, 547
2870, 548
2871, 548
2872, 548
2873, 548
2874, 0
2875, 546
2876, 546
2877, 546
2878, 547
2879, 549
2880, 549
2881, 549
2882, 551
2883, 0
2884, 551
2885, 551
2886, 550
2887, 552
2888, 552
2889, 553
2890, 552
2891, 552
2892, 553
2893, 553
2894, 554
2895, 555
2896, 557
2897, 557
2898, 557
2899, 557
2900, 558
2901, 557
2902, 557
2903, 557
2904, 557
2905, 559
2906, 559
2907, 559
2908, 559
2909, 559
2910, 559
2911, 559
2912, 559
2913, 560
2914, 560
2915, 558
2916, 557
2917, 560
2918, 561
2919, 561
2920, 562
2921, 565
2922, 565
2923, 566
2924, 565
2925, 566
2926, 594
2927, 576
2928, 575
2929, 576
2930, 576
2931, 576
2932, 577
2933, 575
2934, 574
2935, 574
2936, 575
2937, 575
2938, 575
2939, 575
2940, 575
2941, 576
2942, 577
2943, 577
2944, 577
2945, 577
2946, 0
2947, 577
2948, 577
2949, 577
2950, 578
2951, 580
2952, 580
2953, 580
2954, 580
2955, 581
2956, 582
2957, 583
2958, 583
2959, 585
2960, 586
2961, 586
2962, 586
2963, 0
2964, 584
2965, 583
2966, 584
2967, 585
2968, 587
2969, 588
2970, 589
2971, 589
2972, 589
2973, 590
2974, 591
2975, 591
2976, 591
2977, 591
2978, 591
2979, 591
2980, 592
2981, 593
2982, 593
2983, 594
2984, 594
2985, 594
2986, 595
2987, 595
2988, 0
2989, 594
2990, 594
2991, 594
2992, 595
2993, 597
2994, 596
2995, 597
2996, 597
2997, 597
2998, 598
2999, 599
3000, 600
3001, 599
3002, 600
3003, 0
3004, 600
3005, 600
3006, 599
3007, 0
3008, 0
3009, 601
3010, 601
3011, 602
3012, 602
3013, 602
3014, 603
3015, 604
3016, 604
3017, 604
3018, 603
3019, 604
3020, 606
3021, 606
3022, 606
3023, 608
3024, 608
3025, 608
3026, 607
3027, 0
3028, 610
3029, 611
3030, 610
3031, 609
3032, 609
3033, 610
3034, 610
3035, 612
3036, 612
3037, 613
3038, 613
3039, 611
3040, 611
3041, 612
3042, 613
3043, 613
3044, 614
3045, 615
3046, 616
3047, 0
3048, 615
3049, 615
3050, 0
3051, 619
3052, 620
3053, 0
3054, 620
3055, 621
3056, 621
3057, 619
3058, 622
3059, 622
3060, 623
3061, 624
3062, 623
3063, 623
3064, 0
3065, 624
3066, 623
3067, 623
3068, 627
3069, 628
3070, 627
3071, 628
3072, 627
3073, 626
3074, 628
3075, 628
3076, 630
3077, 631
3078, 632
3079, 632
3080, 633
3081, 634
3082, 634
3083, 633
3084, 633
3085, 633
3086, 0
3087, 635
3088, 635
3089, 636
3090, 636
3091, 638
3092, 638
3093, 638
3094, 638
3095, 637
3096, 0
3097, 0
3098, 638
3099, 640
3100, 0
3101, 639
3102, 639
3103, 640
3104, 640
3105, 642
3106, 642
3107, 643
3108, 643
3109, 643
3110, 0
3111, 643
3112, 644
3113, 644
3114, 644
3115, 645
3116, 0
3117, 0
3118, 644
3119, 644
3120, 644
3121, 646
3122, 647
3123, 647
3124, 647
3125, 0
3126, 648
3127, 648
3128, 648
3129, 649
3130, 650
3131, 650
3132, 650
3133, 650
3134, 651
3135, 651
3136, 651
3137, 653
3138, 654
3139, 654
3140, 656
3141, 655
3142, 657
3143, 657
3144, 0
3145, 655
3146, 0
3147, 657
3148, 0
3149, 659
3150, 659
3151, 659
3152, 659
3153, 660
3154, 660
3155, 0
3156, 659
3157, 659
3158, 660
3159, 660
3160, 661
3161, 662
3162, 662
3163, 663
3164, 663
3165, 0
3166, 663
3167, 0
3168, 0
3169, 667
3170, 0
3171, 666
3172, 666
3173, 667
3174, 667
3175, 667
3176, 669
3177, 668
3178, 669
3179, 671
3180, 672
3181, 671
3182, 672
3183, 673
3184, 673
3185, 0
3186, 670
3187, 0
3188, 676
3189, 676
3190, 676
3191, 676
3192, 677
3193, 677
3194, 677
3195, 679
3196, 0
3197, 679
3198, 680
3199, 680
3200, 681
3201, 682
3202, 683
3203, 684
3204, 684
3205, 683
3206, 0
3207, 685
3208, 684
3209, 686
3210, 686
3211, 686
3212, 688
3213, 689
3214, 0
3215, 689
3216, 689
3217, 689
3218, 691
3219, 692
3220, 694
3221, 695
3222, 693
3223, 695
3224, 695
3225, 0
3226, 695
3227, 696
3228, 697
3229, 698
3230, 697
3231, 698
3232, 699
3233, 703
3234, 703
3235, 0
3236, 701
3237, 703
3238, 704
3239, 709
3240, 709
3241, 710
3242, 711
3243, 712
3244, 0
3245, 712
3246, 712
3247, 712
3248, 0
3249, 713
3250, 715
3251, 718
3252, 719
3253, 718
3254, 719
3255, 718
3256, 718
3257, 719
3258, 0
3259, 0
3260, 718
3261, 720
3262, 721
3263, 722
3264, 721
3265, 723
3266, 725
3267, 727
3268, 726
3269, 728
3270, 728
3271, 729
3272, 731
3273, 733
3274, 736
3275, 737
3276, 737
3277, 737
3278, 0
3279, 735
3280, 734
3281, 734
3282, 733
3283, 734
3284, 737
3285, 739
3286, 739
3287, 740
3288, 739
3289, 740
3290, 742
3291, 0
3292, 742
3293, 744
3294, 745
3295, 745
3296, 0
3297, 745
3298, 745
3299, 747
3300, 748
3301, 0
3302, 0
3303, 750
3304, 752
3305, 753
3306, 754
3307, 755
3308, 755
3309, 0
3310, 755
3311, 0
3312, 755
3313, 756
3314, 757
3315, 758
3316, 759
3317, 760
3318, 761
3319, 760
3320, 0
3321, 0
3322, 761
3323, 763
3324, 763
3325, 763
3326, 0
3327, 762
3328, 764
3329, 765
3330, 766
3331, 764
3332, 766
3333, 768
3334, 768
3335, 769
3336, 768
3337, 769
3338, 770
3339, 0
3340, 769
3341, 771
3342, 772
3343, 772
3344, 773
3345, 775
3346, 776
3347, 776
3348, 0
3349, 776
3350, 0
3351, 777
3352, 778
3353, 779
3354, 779
3355, 780
3356, 779
3357, 781
3358, 782
3359, 783
3360, 0
3361, 781
3362, 782
3363, 0
3364, 781
3365, 783
3366, 784
3367, 0
3368, 782
3369, 782
3370, 783
3371, 0
3372, 783
3373, 784
3374, 789
3375, 790
3376, 790
3377, 789
3378, 791
3379, 791
3380, 790
3381, 791
3382, 0
3383, 791
3384, 790
3385, 791
3386, 791
3387, 792
3388, 795
3389, 795
3390, 796
3391, 796
3392, 797
3393, 797
3394, 799
3395, 0
3396, 799
3397, 799
3398, 0
3399, 799
3400, 831
3401, 831
3402, 815
3403, 814
3404, 808
3405, 807
3406, 806
3407, 807
3408, 807
3409, 808
3410, 0
3411, 808
3412, 806
3413, 0
3414, 804
3415, 804
3416, 804
3417, 805
3418, 805
3419, 806
3420, 805
3421, 806
3422, 0
3423, 0
3424, 806
3425, 808
3426, 808
3427, 808
3428, 809
3429, 808
3430, 809
3431, 811
3432, 810
3433, 810
3434, 811
3435, 0
3436, 811
3437, 813
3438, 813
3439, 0
3440, 0
3441, 816
3442, 818
3443, 820
3444, 819
3445, 821
3446, 822
3447, 823
3448, 822
3449, 821
3450, 820
3451, 821
3452, 822
3453, 824
3454, 0
3455, 824
3456, 824
3457, 825
3458, 826
3459, 826
3460, 828
3461, 829
3462, 827
3463, 829
3464, 0
3465, 830
3466, 831
3467, 831
3468, 831
3469, 831
3470, 832
3471, 833
3472, 833
3473, 835
3474, 835
3475, 835
3476, 839
3477, 0
3478, 837
3479, 0
3480, 838
3481, 839
3482, 840
3483, 841
3484, 0
3485, 0
3486, 841
3487, 842
3488, 843
3489, 844
3490, 845
3491, 846
3492, 848
3493, 849
3494, 848
3495, 848
3496, 0
3497, 848
3498, 0
3499, 846
3500, 848
3501, 850
3502, 851
3503, 853
3504, 852
3505, 852
3506, 854
3507, 857
3508, 0
3509, 858
3510, 858
3511, 0
3512, 859
3513, 860
3514, 860
3515, 860
3516, 861
3517, 0
3518, 862
3519, 862
3520, 863
3521, 0
3522, 861
3523, 861
3524, 861
3525, 863
3526, 869
3527, 869
3528, 0
3529, 867
3530, 0
3531, 867
3532, 869
3533, 870
3534, 872
3535, 872
3536, 874
3537, 877
3538, 0
3539, 880
3540, 880
3541, 879
3542, 876
3543, 0
3544, 876
3545, 0
3546, 878
3547, 879
3548, 880
3549, 881
3550, 883
3551, 884
3552, 883
3553, 885
3554, 0
3555, 886
3556, 888
3557, 0
3558, 890
3559, 890
3560, 891
3561, 890
3562, 0
3563, 890
3564, 889
3565, 891
3566, 893
3567, 895
3568, 896
3569, 898
3570, 896
3571, 897
3572, 0
3573, 897
3574, 901
3575, 0
3576, 900
3577, 900
3578, 902
3579, 905
3580, 905
3581, 906
3582, 905
3583, 906
3584, 905
3585, 0
3586, 907
3587, 907
3588, 906
3589, 907
3590, 907
3591, 909
3592, 911
3593, 0
3594, 0
3595, 911
3596, 913
3597, 914
3598, 916
3599, 917
3600, 916
3601, 917
3602, 0
3603, 0
3604, 921
3605, 921
3606, 921
3607, 923
3608, 925
3609, 0
3610, 0
3611, 922
3612, 923
3613, 924
3614, 927
3615, 927
3616, 929
3617, 0
3618, 929
3619, 931
3620, 0
3621, 932
3622, 935
3623, 0
3624, 935
3625, 936
3626, 938
3627, 0
3628, 941
3629, 942
3630, 0
3631, 0
3632, 943
3633, 944
3634, 944
3635, 945
3636, 946
3637, 947
3638, 0
3639, 0
3640, 949
3641, 951
3642, 951
3643, 952
3644, 952
3645, 954
3646, 954
3647, 954
3648, 954
3649, 955
3650, 958
3651, 0
3652, 957
3653, 960
3654, 959
3655, 961
3656, 0
3657, 963
3658, 964
3659, 967
3660, 966
3661, 966
3662, 968
3663, 969
3664, 971
3665, 972
3666, 0
3667, 0
3668, 973
3669, 975
3670, 976
3671, 977
3672, 976
3673, 978
3674, 979
3675, 0
3676, 0
3677, 981
3678, 984
3679, 985
3680, 987
3681, 986
3682, 0
3683, 0
3684, 988
3685, 989
3686, 987
3687, 989
3688, 993
3689, 0
3690, 991
3691, 992
3692, 0
3693, 993
3694, 994
3695, 994
3696, 996
3697, 996
3698, 0
3699, 997
3700, 999
3701, 0
3702, 1000
3703, 1003
3704, 0
3705, 1005
3706, 0
3707, 1009
3708, 0
3709, 1009
3710, 1011
3711, 1012
3712, 1014
3713, 1016
3714, 1016
3715, 1018
3716, 0
3717, 1019
3718, 1020
3719, 0
3720, 1020
3721, 1020
3722, 1023
3723, 1025
3724, 0
3725, 1026
3726, 1026
3727, 1028
3728, 1031
3729, 0
3730, 0
3731, 1031
3732, 1033
3733, 1033
3734, 1035
3735, 1038
3736, 0
3737, 1037
3738, 1038
3739, 0
3740, 0
3741, 1041
3742, 1043
3743, 1044
3744, 0
3745, 1045
3746, 1046
3747, 1047
3748, 1050
3749, 0
3750, 1050
3751, 1052
3752, 1057
3753, 1059
3754, 0
3755, 1054
3756, 1053
3757, 1055
3758, 1058
3759, 0
3760, 1058
3761, 1060
3762, 0
3763, 1060
3764, 0
3765, 1065
3766, 0
3767, 0
3768, 0
3769, 0
3770, 0
3771, 0
3772, 0
3773, 0
3774, 0
3775, 0
3776, 0
3777, 0
3778, 0
3779, 0
3780, 0
3781, 0
3782, 0
3783, 0
3784, 0
3785, 0
3786, 0
3787, 0
3788, 0
3789, 0
3790, 0
3791, 0
3792, 0
3793, 0
3794, 0
3795, 1084
3796, 0
3797, 1089
3798, 1089
3799, 1092
3800, 0
3801, 1097
3802, 0
3803, 1098
3804, 1098
3805, 0
3806, 1104
3807, 0
3808, 1106
3809, 0
3810, 0
3811, 1112
3812, 0
3813, 1113
3814, 1117
3815, 0
3816, 1115
3817, 1116
3818, 1117
3819, 1120
3820, 1123
3821, 0
3822, 0
3823, 1121
3824, 1125
3825, 1129
3826, 1130
3827, 1132
3828, 0
3829, 1130
3830, 1133
3831, 1132
3832, 1134
3833, 0
3834, 1135
3835, 1137
3836, 0
3837, 1142
3838, 1142
3839, 0
3840, 1140
3841, 1141
3842, 0
3843, 0
3844, 1144
3845, 1144
3846, 1146
3847, 0
3848, 1147
3849, 0
3850, 1146
3851, 1148
3852, 1147
3853, 0
3854, 1150
3855, 0
3856, 1152
3857, 1153
3858, 1156
3859, 1157
3860, 1160
3861, 1159
3862, 0
3863, 0
3864, 1161
3865, 0
3866, 1160
3867, 1164
3868, 1168
3869, 0
3870, 1168
3871, 1168
3872, 0
3873, 1170
3874, 1172
3875, 0
3876, 1174
3877, 1176
3878, 1178
3879, 1180
3880, 0
3881, 0
3882, 1180
3883, 1181
3884, 1184
3885, 1183
3886, 0
3887, 0
3888, 1184
3889, 1187
3890, 0
3891, 1190
3892, 0
3893, 1195
3894, 1195
3895, 1197
3896, 0
3897, 1201
3898, 1204
3899, 0
3900, 1203
3901, 1204
3902, 1227
3903, 1242
3904, 0
3905, 0
3906, 1216
3907, 1215
3908, 1218
3909, 0
3910, 1222
3911, 1223
3912, 0
3913, 1223
3914, 0
3915, 1228
3916, 1232
3917, 0
3918, 1233
3919, 1236
3920, 0
3921, 0
3922, 1238
3923, 1240
3924, 1241
3925, 1243
3926, 0
3927, 0
3928, 1247
3929, 1248
3930, 1250
3931, 0
3932, 1252
3933, 1254
3934, 1256
3935, 1258
3936, 1259
3937, 0
3938, 0
3939, 1262
3940, 0
3941, 1266
3942, 1269
3943, 1269
3944, 0
3945, 1270
3946, 0
3947, 1272
3948, 0
3949, 1275
3950, 1279
3951, 1281
3952, 1285
3953, 0
3954, 1283
3955, 1285
3956, 1289
3957, 1291
3958, 0
3959, 0
3960, 1295
3961, 1296
3962, 0
3963, 1299
3964, 0
3965, 1304
3966, 1304
3967, 1306
3968, 1308
3969, 1312
3970, 0
3971, 1315
3972, 1314
3973, 0
3974, 1317
3975, 1319
3976, 0
3977, 1322
3978, 1322
3979, 1324
3980, 1328
3981, 0
3982, 0
3983, 1332
3984, 1333
3985, 0
3986, 1335
3987, 1338
3988, 0
3989, 1337
3990, 1338
3991, 0
3992, 0
3993, 0
3994, 1342
3995, 1345
3996, 0
3997, 1346
3998, 0
3999, 1352
4000, 1354
4001, 1357
4002, 0
4003, 0
4004, 1359
4005, 1360
4006, 1364
4007, 0
4008, 1363
4009, 1364
4010, 1367
4011, 1369
4012, 0
4013, 1373
4014, 1373
4015, 1374
4016, 0
4017, 1382
4018, 1384
4019, 0
4020, 1387
4021, 1388
4022, 1392
4023, 0
4024, 0
4025, 0
4026, 1396
4027, 1396
4028, 0
4029, 0
4030, 1402
4031, 1405
4032, 1406
4033, 1407
4034, 1411
4035, 0
4036, 1415
4037, 1415
4038, 1414
4039, 1416
4040, 0
4041, 1425
4042, 1426
4043, 0
4044, 0
4045, 1428
4046, 0
4047, 0
4048, 0
4049, 0
4050, 1435
4051, 1437
4052, 0
4053, 1442
4054, 1448
4055, 0
4056, 0
4057, 1451
4058, 1455
4059, 1459
4060, 1463
4061, 1467
4062, 0
4063, 1467
4064, 1472
4065, 0
4066, 1476
4067, 0
4068, 1481
4069, 0
4070, 0
4071, 1487
4072, 0
4073, 1491
4074, 1493
4075, 1494
4076, 0
4077, 1500
4078, 1501
4079, 1503
4080, 0
4081, 0
4082, 1504
4083, 1508
4084, 0
4085, 0
4086, 1518
4087, 1520
4088, 1521
4089, 0
4090, 0
4091, 1524
4092, 1538
4093, 0
4094, 1539
4095, 1544
4096, 1546
4097, 0
4098, 0
4099, 0
4100, 1556
4101, 0
4102, 1562
4103, 0
4104, 1567
4105, 1569
4106, 1573
4107, 0
4108, 1583
4109, 1588
4110, 1588
4111, 1589
4112, 0
4113, 1594
4114, 1604
4115, 0
4116, 1610
4117, 0
4118, 1615
4119, 1620
4120, 0
4121, 0
4122, 1623
4123, 1623
4124, 0
4125, 0
4126, 1633
4127, 0
4128, 1640
4129, 1641
4130, 1647
4131, 0
4132, 1649
4133, 1659
4134, 0
4135, 1660
4136, 0
4137, 1670
4138, 0
4139, 1678
4140, 1679
4141, 0
4142, 0
4143, 1689
4144, 1692
4145, 0
4146, 0
4147, 1699
4148, 1707
4149, 1712
4150, 0
4151, 1719
4152, 0
4153, 1722
4154, 1727
4155, 0
4156, 0
4157, 1743
4158, 1743
4159, 1745
4160, 0
4161, 0
4162, 1757
4163, 1762
4164, 1761
4165, 0
4166, 0
4167, 0
4168, 0
4169, 0
4170, 1787
4171, 1788
4172, 1794
4173, 0
4174, 0
4175, 1808
4176, 1811
4177, 0
4178, 0
4179, 1824
4180, 1830
4181, 0
4182, 1839
4183, 1841
4184, 0
4185, 0
4186, 0
4187, 0
4188, 0
4189, 1860
4190, 0
4191, 0
4192, 0
4193, 0
4194, 1893
4195, 1895
4196, 1900
4197, 1906
4198, 0
4199, 0
4200, 1917
4201, 1918
4202, 0
4203, 0
4204, 0
4205, 1975
4206, 0
4207, 1978
4208, 0
4209, 1991
4210, 1995
4211, 0
4212, 2002
4213, 0
4214, 2003
4215, 0
4216, 2006
4217, 0
4218, 2032
4219, 0
4220, 0
4221, 0
4222, 0
4223, 0
4224, 0
4225, 2075
4226, 0
4227, 2099
4228, 0
4229, 0
4230, 2121
4231, 2122
4232, 0
4233, 2140
4234, 2150
4235, 2159
4236, 0
4237, 2177
4238, 2190
4239, 2204
4240, 0
4241, 2226
4242, 2234
4243, 0
4244, 0
4245, 0
4246, 2282
4247, 0
4248, 2309
4249, 2310
4250, 0
4251, 0
4252, 0
4253, 2371
4254, 2389
4255, 2391
4256, 0
4257, 2436
4258, 0
4259, 2521
4260, 2544
4261, 2546
4262, 0
4263, 0
