0, 0
1, 0
2, 0
3, 0
4, 0
5, 0
6, 0
7, 0
8, 0
9, 0
10, 0
11, 0
12, 0
13, 0
14, 0
15, 0
16, 0
17, 0
18, 0
19, 0
20, 0
21, 0
22, 0
23, 0
24, 0
25, 0
26, 0
27, 0
28, 0
29, 0
30, 0
31, 0
32, 0
33, 0
34, 0
35, 0
36, 0
37, 0
38, 0
39, 0
40, 0
41, 0
42, 0
43, 0
44, 0
45, 0
46, 0
47, 0
48, 0
49, 0
50, 0
51, 0
52, 0
53, 0
54, 0
55, 0
56, 0
57, 33
58, 32
59, 32
60, 32
61, 32
62, 33
63, 35
64, 33
65, 32
66, 32
67, 34
68, 32
69, 32
70, 32
71, 32
72, 33
73, 32
74, 31
75, 32
76, 33
77, 32
78, 31
79, 33
80, 32
81, 32
82, 33
83, 31
84, 31
85, 32
86, 31
87, 32
88, 33
89, 31
90, 32
91, 34
92, 32
93, 32
94, 32
95, 32
96, 33
97, 32
98, 32
99, 33
100, 33
101, 31
102, 32
103, 33
104, 32
105, 32
106, 33
107, 33
108, 31
109, 31
110, 32
111, 32
112, 32
113, 32
114, 32
115, 32
116, 32
117, 32
118, 32
119, 32
120, 33
121, 32
122, 32
123, 33
124, 33
125, 32
126, 32
127, 33
128, 32
129, 32
130, 0
131, 0
132, 32
133, 33
134, 32
135, 31
136, 33
137, 32
138, 32
139, 32
140, 32
141, 33
142, 33
143, 31
144, 31
145, 31
146, 33
147, 32
148, 32
149, 33
150, 33
151, 32
152, 32
153, 32
154, 33
155, 33
156, 32
157, 32
158, 33
159, 32
160, 32
161, 33
162, 32
163, 31
164, 31
165, 31
166, 31
167, 32
168, 33
169, 32
170, 33
171, 31
172, 31
173, 31
174, 31
175, 31
176, 30
177, 29
178, 0
179, 31
180, 31
181, 32
182, 31
183, 31
184, 32
185, 0
186, 28
187, 29
188, 28
189, 28
190, 30
191, 31
192, 30
193, 31
194, 31
195, 32
196, 33
197, 32
198, 32
199, 32
200, 0
201, 35
202, 35
203, 0
204, 33
205, 32
206, 32
207, 32
208, 34
209, 32
210, 32
211, 33
212, 33
213, 33
214, 35
215, 32
216, 32
217, 33
218, 33
219, 32
220, 32
221, 32
222, 32
223, 32
224, 32
225, 32
226, 0
227, 0
228, 30
229, 0
230, 0
231, 31
232, 31
233, 30
234, 31
235, 33
236, 31
237, 32
238, 32
239, 31
240, 35
241, 32
242, 32
243, 33
244, 32
245, 31
246, 32
247, 33
248, 32
249, 32
250, 34
251, 34
252, 32
253, 31
254, 34
255, 33
256, 32
257, 32
258, 32
259, 0
260, 34
261, 34
262, 34
263, 0
264, 31
265, 0
266, 0
267, 26
268, 0
269, 0
270, 0
271, 31
272, 31
273, 32
274, 33
275, 32
276, 32
277, 33
278, 32
279, 32
280, 33
281, 0
282, 0
283, 0
284, 0
285, 0
286, 0
287, 0
288, 0
289, 0
290, 0
291, 0
292, 0
293, 0
294, 0
295, 0
296, 0
297, 0
298, 0
299, 0
300, 0
301, 0
302, 0
303, 0
304, 0
305, 0
306, 0
307, 0
308, 0
309, 0
310, 0
311, 0
312, 0
313, 0
314, 0
315, 0
316, 0
317, 0
318, 0
319, 0
320, 0
321, 0
322, 0
323, 0
324, 0
325, 0
326, 0
327, 0
328, 0
329, 0
330, 0
331, 0
332, 0
333, 0
334, 0
335, 0
336, 0
337, 0
338, 0
339, 0
340, 0
341, 118
342, 120
343, 0
344, 123
345, 0
346, 0
347, 0
348, 0
349, 0
350, 0
351, 0
352, 0
353, 0
354, 60
355, 0
356, 0
357, 45
358, 44
359, 44
360, 46
361, 48
362, 0
363, 48
364, 46
365, 0
366, 41
367, 40
368, 41
369, 42
370, 40
371, 40
372, 41
373, 0
374, 45
375, 44
376, 44
377, 43
378, 43
379, 36
380, 36
381, 36
382, 37
383, 37
384, 37
385, 38
386, 0
387, 38
388, 38
389, 38
390, 39
391, 39
392, 38
393, 38
394, 40
395, 41
396, 38
397, 38
398, 39
399, 38
400, 0
401, 40
402, 41
403, 41
404, 40
405, 41
406, 41
407, 41
408, 41
409, 41
410, 40
411, 33
412, 0
413, 34
414, 34
415, 36
416, 36
417, 35
418, 35
419, 35
420, 36
421, 36
422, 35
423, 36
424, 36
425, 36
426, 37
427, 37
428, 36
429, 36
430, 35
431, 34
432, 34
433, 35
434, 35
435, 36
436, 33
437, 33
438, 33
439, 34
440, 35
441, 36
442, 36
443, 35
444, 34
445, 36
446, 34
447, 34
448, 35
449, 34
450, 34
451, 35
452, 35
453, 35
454, 33
455, 33
456, 0
457, 32
458, 31
459, 31
460, 33
461, 33
462, 33
463, 0
464, 0
465, 31
466, 31
467, 31
468, 0
469, 34
470, 33
471, 35
472, 36
473, 34
474, 33
475, 34
476, 33
477, 33
478, 0
479, 32
480, 31
481, 31
482, 31
483, 33
484, 32
485, 32
486, 32
487, 31
488, 32
489, 34
490, 33
491, 32
492, 34
493, 30
494, 30
495, 32
496, 31
497, 30
498, 33
499, 34
500, 33
501, 30
502, 30
503, 30
504, 31
505, 31
506, 31
507, 32
508, 32
509, 33
510, 30
511, 0
512, 33
513, 35
514, 34
515, 34
516, 33
517, 33
518, 34
519, 35
520, 34
521, 35
522, 32
523, 33
524, 34
525, 34
526, 33
527, 33
528, 33
529, 34
530, 35
531, 36
532, 34
533, 0
534, 31
535, 0
536, 0
537, 34
538, 30
539, 30
540, 34
541, 30
542, 30
543, 0
544, 0
545, 31
546, 31
547, 0
548, 33
549, 32
550, 33
551, 33
552, 32
553, 32
554, 34
555, 36
556, 34
557, 34
558, 35
559, 33
560, 34
561, 34
562, 34
563, 34
564, 36
565, 36
566, 35
567, 36
568, 37
569, 34
570, 35
571, 37
572, 36
573, 34
574, 33
575, 34
576, 35
577, 34
578, 34
579, 34
580, 35
581, 33
582, 34
583, 34
584, 36
585, 37
586, 37
587, 37
588, 37
589, 35
590, 34
591, 35
592, 36
593, 35
594, 36
595, 36
596, 36
597, 35
598, 35
599, 35
600, 35
601, 35
602, 37
603, 37
604, 35
605, 35
606, 35
607, 35
608, 37
609, 37
610, 37
611, 37
612, 37
613, 38
614, 36
615, 0
616, 39
617, 38
618, 38
619, 40
620, 0
621, 38
622, 37
623, 36
624, 37
625, 38
626, 38
627, 38
628, 38
629, 38
630, 38
631, 37
632, 37
633, 37
634, 0
635, 42
636, 39
637, 39
638, 40
639, 39
640, 39
641, 39
642, 40
643, 0
644, 42
645, 43
646, 0
647, 41
648, 40
649, 40
650, 40
651, 35
652, 33
653, 32
654, 0
655, 0
656, 32
657, 32
658, 34
659, 0
660, 0
661, 36
662, 37
663, 36
664, 36
665, 0
666, 36
667, 36
668, 35
669, 0
670, 39
671, 38
672, 38
673, 38
674, 38
675, 39
676, 39
677, 38
678, 38
679, 40
680, 38
681, 39
682, 41
683, 41
684, 41
685, 41
686, 40
687, 0
688, 43
689, 43
690, 43
691, 37
692, 35
693, 0
694, 39
695, 37
696, 37
697, 38
698, 38
699, 38
700, 38
701, 38
702, 39
703, 38
704, 40
705, 40
706, 40
707, 40
708, 39
709, 40
710, 39
711, 40
712, 40
713, 38
714, 39
715, 30
716, 30
717, 33
718, 32
719, 31
720, 32
721, 32
722, 34
723, 33
724, 34
725, 33
726, 32
727, 33
728, 0
729, 34
730, 36
731, 38
732, 0
733, 39
734, 39
735, 37
736, 37
737, 39
738, 39
739, 38
740, 38
741, 38
742, 39
743, 39
744, 40
745, 41
746, 40
747, 40
748, 0
749, 44
750, 44
751, 0
752, 41
753, 0
754, 43
755, 39
756, 38
757, 38
758, 37
759, 37
760, 38
761, 38
762, 37
763, 32
764, 30
765, 30
766, 31
767, 30
768, 30
769, 0
770, 33
771, 34
772, 35
773, 34
774, 34
775, 34
776, 36
777, 37
778, 37
779, 0
780, 37
781, 39
782, 38
783, 38
784, 0
785, 40
786, 40
787, 40
788, 40
789, 41
790, 43
791, 41
792, 44
793, 44
794, 44
795, 36
796, 36
797, 0
798, 39
799, 40
800, 41
801, 38
802, 38
803, 0
804, 33
805, 33
806, 33
807, 33
808, 33
809, 35
810, 34
811, 34
812, 34
813, 35
814, 37
815, 38
816, 38
817, 38
818, 37
819, 37
820, 0
821, 40
822, 41
823, 42
824, 41
825, 43
826, 46
827, 42
828, 42
829, 44
830, 44
831, 43
832, 0
833, 45
834, 46
835, 0
836, 39
837, 40
838, 42
839, 41
840, 41
841, 0
842, 44
843, 37
844, 37
845, 37
846, 37
847, 38
848, 38
849, 37
850, 37
851, 38
852, 40
853, 42
854, 42
855, 42
856, 42
857, 42
858, 43
859, 36
860, 35
861, 36
862, 0
863, 37
864, 37
865, 37
866, 0
867, 32
868, 33
869, 33
870, 33
871, 34
872, 0
873, 39
874, 36
875, 37
876, 38
877, 0
878, 39
879, 41
880, 41
881, 41
882, 41
883, 41
884, 0
885, 44
886, 46
887, 46
888, 45
889, 0
890, 49
891, 35
892, 34
893, 0
894, 35
895, 38
896, 37
897, 36
898, 37
899, 38
900, 0
901, 39
902, 39
903, 40
904, 42
905, 41
906, 42
907, 34
908, 34
909, 35
910, 0
911, 0
912, 41
913, 39
914, 41
915, 33
916, 0
917, 37
918, 36
919, 37
920, 38
921, 39
922, 39
923, 41
924, 0
925, 41
926, 40
927, 40
928, 42
929, 0
930, 43
931, 38
932, 37
933, 37
934, 0
935, 41
936, 41
937, 41
938, 0
939, 37
940, 36
941, 38
942, 39
943, 38
944, 0
945, 0
946, 46
947, 45
948, 45
949, 46
950, 45
951, 46
952, 45
953, 0
954, 49
955, 44
956, 0
957, 43
958, 42
959, 42
960, 43
961, 0
962, 45
963, 0
964, 40
965, 41
966, 42
967, 42
968, 45
969, 44
970, 0
971, 38
972, 39
973, 43
974, 41
975, 0
976, 40
977, 0
978, 41
979, 37
980, 35
981, 36
982, 0
983, 39
984, 40
985, 0
986, 42
987, 37
988, 36
989, 35
990, 36
991, 36
992, 0
993, 0
994, 40
995, 33
996, 34
997, 34
998, 36
999, 37
1000, 38
1001, 0
1002, 0
1003, 33
1004, 34
1005, 34
1006, 36
1007, 36
1008, 37
1009, 38
1010, 39
1011, 0
1012, 40
1013, 41
1014, 42
1015, 41
1016, 43
1017, 0
1018, 47
1019, 0
1020, 32
1021, 32
1022, 0
1023, 40
1024, 37
1025, 38
1026, 39
1027, 40
1028, 40
1029, 0
1030, 0
1031, 43
1032, 45
1033, 49
1034, 49
1035, 0
1036, 33
1037, 34
1038, 34
1039, 34
1040, 0
1041, 38
1042, 0
1043, 42
1044, 40
1045, 41
1046, 0
1047, 45
1048, 46
1049, 47
1050, 0
1051, 33
1052, 34
1053, 0
1054, 36
1055, 37
1056, 40
1057, 39
1058, 39
1059, 0
1060, 45
1061, 47
1062, 45
1063, 46
1064, 48
1065, 0
1066, 49
1067, 36
1068, 35
1069, 0
1070, 36
1071, 37
1072, 38
1073, 0
1074, 41
1075, 35
1076, 0
1077, 36
1078, 36
1079, 0
1080, 41
1081, 41
1082, 43
1083, 36
1084, 0
1085, 40
1086, 40
1087, 41
1088, 41
1089, 41
1090, 0
1091, 37
1092, 37
1093, 38
1094, 0
1095, 40
1096, 41
1097, 45
1098, 0
1099, 37
1100, 0
1101, 40
1102, 41
1103, 43
1104, 0
1105, 45
1106, 47
1107, 33
1108, 34
1109, 34
1110, 34
1111, 36
1112, 0
1113, 0
1114, 40
1115, 0
1116, 35
1117, 37
1118, 0
1119, 40
1120, 43
1121, 41
1122, 42
1123, 0
1124, 0
1125, 0
1126, 32
1127, 0
1128, 36
1129, 37
1130, 0
1131, 41
1132, 0
1133, 43
1134, 44
1135, 0
1136, 47
1137, 0
1138, 51
1139, 38
1140, 37
1141, 38
1142, 0
1143, 41
1144, 41
1145, 0
1146, 43
1147, 0
1148, 31
1149, 33
1150, 0
1151, 36
1152, 36
1153, 0
1154, 41
1155, 0
1156, 44
1157, 43
1158, 43
1159, 0
1160, 49
1161, 48
1162, 0
1163, 37
1164, 36
1165, 0
1166, 39
1167, 41
1168, 0
1169, 44
1170, 44
1171, 0
1172, 0
1173, 34
1174, 36
1175, 37
1176, 37
1177, 0
1178, 0
1179, 27
1180, 0
1181, 0
1182, 33
1183, 34
1184, 37
1185, 37
1186, 0
1187, 33
1188, 33
1189, 35
1190, 0
1191, 0
1192, 0
1193, 42
1194, 42
1195, 0
1196, 0
1197, 42
1198, 43
1199, 44
1200, 0
1201, 47
1202, 0
1203, 36
1204, 0
1205, 0
1206, 41
1207, 43
1208, 43
1209, 45
1210, 0
1211, 35
1212, 33
1213, 0
1214, 36
1215, 0
1216, 0
1217, 39
1218, 40
1219, 27
1220, 27
1221, 0
1222, 34
1223, 34
1224, 36
1225, 0
1226, 0
1227, 0
1228, 32
1229, 30
1230, 31
1231, 0
1232, 0
1233, 38
1234, 0
1235, 0
1236, 36
1237, 0
1238, 0
1239, 43
1240, 0
1241, 44
1242, 45
1243, 30
1244, 31
1245, 32
1246, 0
1247, 0
1248, 38
1249, 41
1250, 0
1251, 0
1252, 31
1253, 30
1254, 33
1255, 0
1256, 37
1257, 38
1258, 0
1259, 27
1260, 28
1261, 31
1262, 0
1263, 36
1264, 38
1265, 39
1266, 39
1267, 0
1268, 0
1269, 30
1270, 31
1271, 31
1272, 0
1273, 0
1274, 0
1275, 0
1276, 0
1277, 27
1278, 29
1279, 29
1280, 0
1281, 37
1282, 0
1283, 0
1284, 25
1285, 27
1286, 27
1287, 0
1288, 0
1289, 33
1290, 0
1291, 26
1292, 0
1293, 25
1294, 26
1295, 0
1296, 0
1297, 33
1298, 34
1299, 0
1300, 0
1301, 23
1302, 24
1303, 27
1304, 0
1305, 33
1306, 34
1307, 0
1308, 0
1309, 24
1310, 25
1311, 0
1312, 0
1313, 32
1314, 36
1315, 20
1316, 0
1317, 0
1318, 27
1319, 28
1320, 29
1321, 28
1322, 29
1323, 0
1324, 0
1325, 0
1326, 0
1327, 25
1328, 0
1329, 27
1330, 0
1331, 0
1332, 19
1333, 19
1334, 0
1335, 24
1336, 0
1337, 29
1338, 29
1339, 0
1340, 18
1341, 19
1342, 0
1343, 23
1344, 25
1345, 0
1346, 29
1347, 0
1348, 0
1349, 21
1350, 0
1351, 0
1352, 0
1353, 0
1354, 0
1355, 23
1356, 22
1357, 23
1358, 0
1359, 28
1360, 0
1361, 30
1362, 31
1363, 18
1364, 0
1365, 0
1366, 24
1367, 0
1368, 27
1369, 0
1370, 32
1371, 0
1372, 0
1373, 24
1374, 25
1375, 0
1376, 28
1377, 0
1378, 0
1379, 11
1380, 0
1381, 16
1382, 16
1383, 0
1384, 24
1385, 23
1386, 24
1387, 0
1388, 14
1389, 15
1390, 0
1391, 0
1392, 23
1393, 24
1394, 24
1395, 0
1396, 13
1397, 16
1398, 15
1399, 0
1400, 17
1401, 0
1402, 0
1403, 9
1404, 0
1405, 0
1406, 0
1407, 0
1408, 23
1409, 22
1410, 0
1411, 11
1412, 10
1413, 0
1414, 0
1415, 0
1416, 20
1417, 23
1418, 0
1419, 13
1420, 0
1421, 15
1422, 0
1423, 18
1424, 0
1425, 25
1426, 0
1427, 0
1428, 12
1429, 0
1430, 17
1431, 17
1432, 0
1433, 22
1434, 22
1435, 0
1436, 0
1437, 15
1438, 0
1439, 19
1440, 18
1441, 0
1442, 24
1443, 0
1444, 10
1445, 12
1446, 12
1447, 0
1448, 16
1449, 18
1450, 0
1451, 6
1452, 5
1453, 0
1454, 10
1455, 0
1456, 0
1457, 15
1458, 17
1459, 6
1460, 6
1461, 0
1462, 11
1463, 0
1464, 14
1465, 0
1466, 19
1467, 0
1468, 6
1469, 7
1470, 0
1471, 9
1472, 12
1473, 0
1474, 0
1475, 0
1476, 3
1477, 5
1478, 0
1479, 10
1480, 10
1481, 0
1482, 0
1483, 6
1484, 0
1485, 0
1486, 0
1487, 9
1488, 10
1489, 0
1490, 12
1491, 0
1492, 0
1493, 4
1494, 1
1495, 0
1496, 0
1497, 9
1498, 10
1499, 0
1500, 0
1501, 0
1502, 1
1503, 0
1504, 0
1505, 8
1506, 11
1507, 0
1508, 0
1509, 0
1510, 0
1511, 0
1512, 3
1513, 0
1514, 0
1515, 0
1516, 2
1517, 0
1518, -2
1519, 0
1520, 4
1521, 2
1522, 3
1523, -2
1524, -4
1525, -6
1526, -6
1527, 0
1528, 0
1529, 0
1530, 0
1531, 0
1532, 0
1533, 0
1534, 0
1535, 5
1536, 5
1537, 6
1538, 0
1539, 0
1540, 4
1541, 7
1542, 8
1543, 9
1544, 10
1545, 10
1546, 0
1547, 5
1548, 0
1549, 1
1550, 2
1551, 0
1552, 7
1553, 7
1554, 9
1555, 2
1556, 0
1557, 0
1558, 0
1559, 0
1560, 2
1561, 0
1562, 6
1563, 0
1564, -3
1565, 0
1566, 0
1567, 0
1568, 0
1569, 4
1570, 0
1571, 0
1572, 0
1573, -7
1574, -6
1575, -3
1576, 0
1577, 8
1578, 10
1579, 3
1580, 4
1581, 5
1582, 6
1583, 5
1584, 0
1585, 4
1586, 0
1587, -2
1588, 0
1589, 2
1590, 0
1591, 2
1592, 0
1593, 0
1594, 8
1595, 0
1596, -6
1597, 0
1598, 0
1599, 1
1600, 0
1601, 6
1602, 1
1603, 0
1604, 0
1605, -7
1606, 0
1607, -4
1608, -4
1609, 0
1610, 0
1611, -4
1612, 0
1613, 0
1614, 0
1615, -9
1616, -7
1617, -6
1618, -5
1619, 0
1620, -3
1621, -1
1622, 0
1623, 2
1624, 5
1625, 5
1626, 0
1627, 0
1628, -3
1629, 0
1630, 0
1631, 0
1632, 0
1633, 2
1634, 0
1635, 0
1636, 0
1637, -22
1638, -21
1639, 0
1640, 0
1641, 0
1642, -6
1643, 0
1644, -10
1645, 0
1646, -16
1647, 0
1648, 0
1649, -11
1650, -9
1651, 1
1652, 0
1653, -10
1654, 0
1655, -8
1656, -8
1657, -5
1658, -4
1659, 0
1660, 0
1661, -14
1662, -14
1663, -11
1664, -9
1665, -9
1666, -10
1667, 0
1668, -7
1669, -7
1670, 0
1671, -5
1672, 0
1673, 0
1674, -1
1675, -5
1676, 0
1677, 0
1678, -3
1679, -4
1680, -2
1681, 0
1682, 0
1683, -2
1684, -1
1685, -5
1686, -13
1687, -12
1688, 0
1689, -7
1690, -6
1691, 1
1692, -8
1693, -14
1694, 0
1695, 0
1696, 0
1697, 0
1698, 0
1699, 0
1700, 0
1701, 0
1702, 0
1703, 0
1704, 0
1705, 0
1706, 0
1707, 13
1708, 1
1709, 0
1710, 0
1711, 1
1712, 0
1713, 4
1714, 0
1715, -1
1716, -1
1717, -7
1718, 0
1719, -3
1720, -2
1721, -1
1722, 1
1723, 0
1724, 0
1725, -10
1726, -9
1727, -10
1728, -10
1729, -8
1730, -7
1731, 1
1732, -10
1733, -11
1734, -18
1735, 0
1736, -14
1737, 0
1738, -9
1739, -9
1740, -12
1741, -17
1742, 0
1743, -10
1744, -10
1745, -10
1746, -7
1747, 0
1748, -6
1749, -18
1750, 0
1751, -15
1752, -15
1753, -15
1754, 0
1755, 0
1756, -7
1757, -4
1758, -4
1759, -3
1760, 0
1761, -3
1762, 0
1763, 0
1764, -6
1765, 0
1766, -11
1767, -11
1768, 0
1769, -8
1770, 0
1771, -8
1772, -12
1773, -20
1774, -19
1775, -17
1776, -14
1777, 0
1778, -15
1779, -14
1780, 0
1781, -17
1782, -19
1783, -18
1784, -17
1785, 0
1786, -15
1787, -13
1788, -15
1789, 0
1790, 0
1791, -15
1792, -14
1793, -13
1794, -11
1795, 0
1796, -13
1797, -13
1798, -14
1799, -14
1800, -13
1801, 0
1802, 1
1803, -10
1804, 0
1805, -12
1806, -12
1807, -11
1808, -14
1809, -12
1810, -12
1811, 0
1812, 0
1813, 0
1814, 0
1815, 0
1816, 0
1817, -14
1818, -8
1819, 0
1820, 0
1821, 0
1822, 0
1823, -16
1824, -18
1825, -19
1826, -19
1827, 0
1828, -16
1829, -22
1830, -21
1831, 0
1832, 0
1833, -16
1834, -14
1835, -15
1836, -16
1837, -23
1838, -28
1839, 0
1840, -23
1841, -22
1842, -22
1843, 0
1844, -19
1845, 0
1846, 0
1847, -15
1848, -15
1849, -13
1850, -13
1851, -14
1852, -24
1853, 0
1854, -23
1855, -19
1856, -17
1857, -18
1858, -19
1859, 0
1860, -17
1861, -25
1862, 0
1863, -21
1864, -20
1865, -21
1866, -21
1867, -20
1868, 0
1869, -22
1870, 0
1871, -22
1872, -20
1873, -19
1874, -20
1875, 0
1876, -21
1877, 0
1878, -31
1879, -29
1880, -27
1881, -26
1882, 0
1883, -23
1884, -24
1885, -23
1886, -22
1887, -20
1888, -18
1889, -18
1890, -19
1891, 0
1892, 0
1893, -24
1894, -25
1895, -27
1896, -25
1897, -25
1898, 0
1899, 0
1900, -21
1901, -22
1902, -22
1903, -19
1904, -20
1905, -19
1906, -16
1907, 0
1908, -25
1909, -30
1910, 0
1911, -26
1912, -24
1913, -25
1914, -26
1915, 0
1916, -23
1917, -22
1918, -21
1919, -21
1920, -20
1921, -20
1922, -19
1923, -20
1924, 0
1925, -30
1926, 0
1927, -29
1928, -28
1929, -26
1930, 0
1931, -23
1932, -21
1933, 0
1934, -20
1935, -19
1936, -18
1937, -18
1938, -19
1939, 0
1940, 0
1941, -27
1942, -29
1943, -28
1944, -28
1945, 0
1946, 0
1947, -22
1948, -21
1949, -19
1950, -19
1951, -20
1952, -17
1953, -18
1954, 0
1955, -15
1956, -17
1957, -30
1958, -30
1959, -30
1960, -27
1961, -27
1962, -27
1963, 0
1964, -25
1965, -24
1966, 0
1967, -20
1968, -19
1969, -18
1970, -19
1971, -20
1972, 0
1973, -31
1974, 0
1975, -28
1976, -28
1977, -29
1978, -27
1979, -28
1980, -29
1981, -32
1982, -32
1983, -29
1984, -26
1985, -28
1986, -28
1987, -28
1988, -34
1989, -32
1990, -31
1991, 0
1992, -29
1993, -28
1994, -27
1995, -27
1996, -26
1997, -26
1998, 0
1999, -23
2000, 0
2001, -21
2002, -20
2003, -22
2004, -25
2005, -33
2006, 0
2007, -30
2008, -31
2009, -30
2010, -31
2011, 0
2012, -28
2013, 0
2014, -23
2015, -24
2016, -25
2017, -24
2018, -22
2019, 0
2020, -22
2021, -33
2022, -36
2023, -34
2024, -32
2025, -33
2026, -34
2027, -32
2028, 0
2029, 0
2030, -27
2031, -27
2032, -27
2033, -28
2034, 0
2035, -26
2036, -31
2037, -30
2038, -30
2039, -29
2040, -28
2041, -29
2042, -28
2043, 0
2044, -28
2045, -32
2046, -32
2047, 0
2048, -30
2049, -29
2050, 0
2051, 0
2052, -27
2053, -28
2054, -29
2055, -30
2056, -30
2057, -31
2058, -30
2059, -29
2060, -31
2061, 0
2062, -33
2063, -32
2064, 0
2065, -32
2066, 0
2067, -30
2068, -27
2069, -29
2070, -29
2071, -27
2072, 0
2073, 0
2074, -22
2075, -24
2076, -31
2077, -39
2078, -36
2079, -35
2080, -35
2081, 0
2082, -32
2083, 0
2084, -32
2085, -32
2086, -32
2087, -29
2088, -27
2089, 0
2090, -27
2091, -28
2092, 0
2093, -32
2094, -32
2095, -30
2096, -27
2097, -28
2098, -28
2099, -28
2100, -31
2101, -32
2102, 0
2103, -33
2104, -32
2105, -31
2106, -31
2107, -30
2108, -30
2109, -29
2110, -27
2111, -28
2112, -27
2113, -28
2114, -27
2115, 0
2116, 0
2117, -30
2118, -30
2119, -27
2120, -28
2121, -27
2122, -25
2123, -25
2124, -30
2125, 0
2126, 0
2127, -31
2128, -30
2129, -30
2130, -30
2131, -29
2132, -30
2133, -31
2134, -32
2135, -34
2136, -32
2137, -31
2138, -32
2139, -31
2140, -30
2141, -37
2142, -38
2143, -37
2144, -35
2145, -35
2146, -36
2147, 0
2148, 0
2149, -30
2150, -29
2151, -30
2152, -29
2153, -27
2154, -27
2155, -28
2156, -32
2157, -34
2158, 0
2159, -33
2160, -33
2161, 0
2162, -30
2163, -30
2164, -29
2165, -35
2166, -36
2167, -35
2168, 0
2169, -33
2170, -32
2171, -33
2172, -34
2173, -37
2174, -37
2175, -37
2176, -35
2177, -36
2178, -36
2179, 0
2180, 0
2181, -34
2182, 0
2183, -33
2184, -31
2185, 0
2186, -29
2187, -29
2188, -31
2189, -34
2190, 0
2191, -31
2192, -31
2193, -32
2194, -31
2195, 0
2196, -32
2197, -38
2198, -36
2199, -37
2200, -37
2201, -36
2202, -35
2203, -33
2204, -32
2205, -30
2206, -31
2207, 0
2208, -30
2209, -29
2210, -27
2211, -27
2212, -28
2213, -28
2214, 0
2215, -25
2216, -24
2217, 0
2218, -22
2219, -24
2220, -27
2221, -37
2222, -37
2223, -37
2224, -37
2225, -37
2226, 0
2227, 0
2228, -35
2229, -34
2230, -33
2231, -33
2232, -33
2233, -32
2234, -30
2235, -28
2236, -30
2237, 0
2238, -26
2239, -27
2240, -28
2241, -27
2242, -26
2243, -27
2244, -29
2245, -40
2246, -40
2247, -38
2248, -37
2249, 0
2250, -36
2251, -36
2252, -35
2253, -33
2254, -33
2255, -32
2256, -32
2257, -32
2258, -31
2259, -31
2260, -31
2261, -31
2262, -31
2263, -29
2264, -31
2265, 0
2266, -27
2267, -29
2268, -34
2269, -39
2270, -39
2271, -39
2272, -38
2273, -39
2274, -40
2275, -39
2276, -38
2277, -37
2278, -34
2279, -33
2280, -33
2281, -34
2282, -33
2283, -35
2284, 0
2285, -32
2286, -31
2287, -30
2288, -31
2289, -30
2290, -29
2291, -31
2292, -33
2293, -38
2294, -37
2295, 0
2296, -32
2297, -33
2298, -33
2299, -34
2300, -41
2301, -41
2302, -39
2303, -40
2304, -39
2305, -36
2306, -38
2307, -37
2308, -36
2309, -36
2310, -35
2311, -36
2312, 0
2313, -34
2314, -30
2315, -29
2316, -31
2317, -31
2318, -30
2319, -32
2320, -30
2321, -31
2322, -31
2323, -32
2324, -39
2325, -43
2326, 0
2327, 0
2328, -40
2329, -40
2330, -39
2331, -38
2332, -39
2333, -38
2334, -36
2335, -36
2336, -37
2337, -35
2338, -36
2339, -36
2340, -36
2341, -37
2342, -37
2343, -36
2344, 0
2345, -32
2346, -29
2347, -29
2348, -29
2349, -30
2350, -30
2351, -31
2352, -30
2353, -29
2354, -29
2355, -30
2356, -31
2357, -43
2358, -45
2359, -43
2360, 0
2361, -40
2362, -41
2363, -41
2364, -41
2365, -39
2366, -39
2367, -36
2368, -38
2369, -39
2370, -37
2371, -36
2372, -37
2373, -36
2374, -35
2375, -35
2376, 0
2377, -33
2378, -33
2379, 0
2380, -33
2381, -34
2382, 0
2383, -32
2384, -32
2385, -31
2386, -30
2387, -30
2388, -33
2389, -38
2390, -36
2391, -36
2392, -37
2393, -38
2394, 0
2395, -36
2396, -39
2397, -42
2398, 0
2399, -39
2400, -39
2401, -38
2402, -37
2403, -35
2404, -34
2405, -37
2406, -38
2407, -37
2408, -37
2409, -38
2410, -36
2411, -35
2412, 0
2413, -33
2414, 0
2415, -33
2416, 0
2417, -33
2418, -34
2419, 0
2420, -33
2421, -32
2422, -31
2423, -32
2424, -32
2425, -30
2426, -30
2427, -30
2428, -30
2429, -31
2430, -36
2431, -36
2432, 0
2433, -34
2434, 0
2435, 0
2436, 0
2437, 0
2438, -35
2439, -34
2440, -35
2441, -33
2442, -32
2443, -33
2444, -37
2445, 0
2446, -37
2447, -38
2448, -37
2449, -37
2450, -37
2451, -36
2452, 0
2453, -34
2454, -33
2455, -34
2456, -34
2457, -34
2458, -35
2459, -36
2460, -37
2461, -43
2462, -42
2463, -39
2464, 0
2465, -41
2466, -41
2467, -40
2468, -39
2469, 0
2470, -38
2471, -38
2472, -38
2473, -37
2474, -36
2475, -34
2476, -36
2477, -37
2478, -36
2479, -36
2480, -36
2481, 0
2482, -34
2483, -35
2484, -38
2485, -41
2486, -42
2487, -40
2488, -40
2489, -40
2490, 0
2491, -40
2492, 0
2493, -37
2494, -36
2495, -37
2496, -38
2497, 0
2498, -35
2499, -37
2500, 0
2501, -33
2502, -33
2503, -33
2504, -32
2505, -32
2506, -33
2507, -34
2508, -36
2509, -37
2510, -36
2511, -38
2512, -40
2513, -41
2514, -41
2515, -40
2516, -40
2517, -38
2518, -38
2519, -39
2520, -38
2521, -38
2522, -39
2523, 0
2524, 0
2525, 0
2526, -36
2527, -36
2528, -34
2529, -32
2530, -32
2531, -32
2532, -32
2533, -33
2534, -34
2535, -33
2536, -34
2537, -33
2538, -33
2539, -33
2540, -36
2541, -40
2542, -41
2543, -40
2544, -39
2545, -38
2546, -38
2547, -39
2548, 0
2549, -36
2550, -33
2551, -34
2552, -35
2553, -35
2554, -36
2555, -36
2556, -34
2557, -34
2558, -33
2559, -32
2560, -33
2561, -33
2562, -32
2563, -33
2564, -34
2565, -34
2566, -34
2567, -39
2568, -39
2569, -38
2570, -37
2571, -38
2572, -37
2573, -37
2574, -37
2575, -36
2576, -36
2577, -36
2578, -33
2579, -35
2580, -36
2581, -36
2582, -34
2583, -34
2584, -35
2585, -36
2586, -34
2587, -34
2588, -34
2589, -32
2590, -32
2591, -33
2592, -33
2593, -34
2594, -34
2595, 0
2596, -35
2597, -35
2598, -34
2599, 0
2600, -32
2601, -31
2602, 0
2603, -32
2604, -33
2605, -32
2606, -33
2607, -32
2608, -33
2609, -33
2610, -32
2611, -32
2612, -35
2613, -39
2614, 0
2615, -37
2616, -37
2617, -36
2618, -36
2619, -36
2620, -36
2621, -38
2622, 0
2623, -35
2624, 0
2625, -34
2626, -33
2627, -33
2628, -33
2629, -34
2630, 0
2631, -31
2632, -31
2633, -31
2634, -31
2635, -30
2636, -30
2637, -38
2638, -37
2639, -39
2640, -39
2641, -38
2642, -40
2643, -41
2644, 0
2645, -39
2646, -37
2647, -36
2648, -37
2649, -37
2650, -38
2651, -38
2652, -36
2653, 0
2654, -36
2655, -34
2656, -35
2657, -35
2658, 0
2659, -38
2660, -38
2661, -38
2662, -37
2663, -36
2664, -36
2665, -36
2666, 0
2667, -32
2668, -33
2669, -34
2670, -34
2671, -33
2672, -33
2673, -34
2674, -33
2675, -33
2676, -33
2677, -32
2678, -33
2679, -32
2680, -32
2681, 0
2682, -35
2683, 0
2684, -32
2685, -31
2686, -30
2687, 0
2688, 0
2689, -33
2690, -34
2691, 0
2692, -32
2693, -32
2694, 0
2695, -30
2696, -29
2697, -30
2698, -30
2699, 0
2700, -31
2701, -32
2702, 0
2703, -29
2704, -31
2705, -31
2706, -31
2707, -31
2708, -30
2709, -29
2710, -28
2711, -29
2712, -29
2713, -29
2714, -29
2715, -27
2716, -28
2717, -28
2718, -27
2719, -28
2720, -28
2721, -27
2722, -27
2723, -28
2724, -28
2725, -28
2726, -27
2727, 0
2728, -26
2729, 0
2730, -26
2731, 0
2732, -26
2733, -25
2734, -25
2735, -26
2736, -27
2737, -27
2738, -26
2739, -25
2740, -25
2741, -24
2742, -24
2743, -25
2744, -25
2745, -24
2746, -26
2747, -27
2748, -31
2749, -32
2750, -33
2751, -33
2752, -33
2753, -34
2754, -33
2755, -32
2756, -34
2757, -34
2758, -32
2759, -34
2760, -34
2761, 0
2762, -31
2763, 0
2764, -32
2765, -33
2766, 0
2767, -32
2768, 0
2769, -32
2770, -34
2771, 0
2772, -36
2773, -39
2774, -41
2775, 0
2776, -43
2777, -43
2778, 0
2779, 0
2780, -38
2781, -37
2782, -37
2783, -39
2784, -38
2785, -38
2786, -36
2787, -29
2788, -29
2789, -30
2790, -29
2791, -30
2792, -31
2793, -28
2794, -31
2795, -32
2796, -32
2797, -31
2798, -31
2799, -30
2800, -30
2801, -30
2802, -22
2803, -21
2804, -22
2805, -22
2806, -22
2807, -24
2808, -24
2809, -24
2810, -24
2811, -22
2812, -22
2813, 0
2814, -24
2815, -24
2816, -24
2817, -23
2818, -23
2819, -23
2820, -25
2821, -25
2822, -25
2823, -24
2824, -25
2825, -25
2826, -23
2827, -23
2828, -24
2829, -24
2830, -24
2831, -25
2832, -25
2833, -25
2834, -25
2835, -23
2836, -23
2837, -23
2838, -23
2839, -24
2840, -23
2841, -22
2842, -24
2843, -24
2844, -23
2845, -20
2846, -21
2847, -22
2848, -23
2849, -23
2850, 0
2851, -26
2852, -26
2853, 0
2854, -25
2855, -25
2856, -25
2857, -24
2858, 0
2859, -25
2860, -26
2861, 0
2862, -23
2863, -23
2864, -23
2865, -25
2866, -25
2867, -23
2868, -24
2869, -24
2870, -22
2871, -24
2872, -24
2873, -22
2874, 0
2875, -26
2876, -27
2877, -25
2878, -25
2879, -26
2880, -26
2881, -27
2882, -27
2883, 0
2884, -27
2885, -28
2886, -27
2887, -25
2888, -27
2889, -28
2890, -29
2891, -29
2892, -29
2893, -29
2894, -29
2895, -30
2896, -29
2897, -28
2898, -28
2899, -29
2900, -29
2901, -30
2902, -30
2903, -29
2904, -27
2905, -28
2906, -28
2907, -28
2908, -28
2909, -29
2910, -29
2911, -28
2912, -30
2913, -30
2914, -31
2915, -32
2916, -31
2917, -30
2918, -30
2919, -29
2920, -31
2921, -30
2922, -30
2923, -30
2924, -32
2925, -32
2926, -30
2927, -30
2928, -31
2929, -31
2930, -30
2931, -29
2932, -29
2933, -31
2934, -31
2935, -30
2936, -31
2937, -32
2938, -29
2939, -29
2940, -30
2941, -31
2942, -32
2943, -32
2944, -30
2945, -33
2946, 0
2947, -33
2948, -35
2949, -36
2950, -33
2951, -32
2952, -33
2953, -34
2954, -32
2955, -26
2956, -26
2957, -27
2958, -27
2959, -27
2960, -27
2961, -27
2962, -28
2963, 0
2964, -30
2965, -30
2966, -29
2967, -30
2968, -30
2969, -31
2970, -24
2971, -23
2972, -22
2973, -22
2974, -22
2975, -21
2976, -22
2977, -23
2978, -23
2979, -24
2980, -23
2981, -23
2982, -23
2983, -22
2984, -23
2985, -25
2986, -24
2987, -25
2988, 0
2989, -26
2990, -26
2991, -25
2992, -23
2993, -24
2994, -25
2995, -26
2996, -26
2997, -26
2998, -27
2999, -27
3000, -26
3001, -28
3002, -27
3003, 0
3004, -28
3005, -29
3006, -29
3007, 0
3008, 0
3009, -29
3010, -29
3011, -30
3012, -31
3013, -31
3014, -31
3015, -31
3016, -31
3017, -30
3018, -31
3019, -29
3020, -29
3021, -29
3022, -30
3023, -30
3024, -26
3025, -25
3026, -26
3027, 0
3028, -25
3029, -25
3030, -25
3031, -27
3032, -27
3033, -25
3034, -27
3035, -27
3036, -27
3037, -25
3038, -25
3039, -28
3040, -28
3041, -28
3042, -21
3043, -19
3044, -20
3045, -20
3046, -18
3047, 0
3048, -22
3049, -21
3050, 0
3051, -18
3052, -20
3053, 0
3054, -21
3055, -21
3056, -22
3057, -23
3058, -20
3059, -20
3060, -20
3061, -22
3062, -22
3063, -20
3064, 0
3065, -24
3066, -23
3067, -23
3068, -22
3069, -22
3070, -23
3071, -24
3072, -24
3073, -25
3074, -26
3075, -28
3076, -28
3077, -28
3078, -28
3079, -26
3080, -26
3081, -27
3082, -22
3083, -22
3084, -21
3085, -21
3086, 0
3087, -21
3088, -23
3089, -22
3090, -20
3091, -20
3092, -21
3093, -22
3094, -22
3095, -23
3096, 0
3097, 0
3098, -20
3099, -15
3100, 0
3101, -17
3102, -16
3103, -16
3104, -16
3105, -16
3106, -17
3107, -16
3108, -17
3109, -16
3110, 0
3111, -19
3112, -17
3113, -18
3114, -20
3115, -20
3116, 0
3117, 0
3118, -24
3119, -23
3120, -23
3121, -22
3122, -22
3123, -23
3124, -24
3125, 0
3126, -26
3127, -26
3128, -26
3129, -25
3130, -24
3131, -20
3132, -18
3133, -19
3134, -19
3135, -17
3136, -19
3137, -20
3138, -15
3139, -13
3140, -12
3141, -14
3142, -14
3143, -14
3144, 0
3145, -16
3146, 0
3147, -15
3148, 0
3149, -17
3150, -15
3151, -15
3152, -16
3153, -16
3154, -17
3155, 0
3156, -20
3157, -20
3158, -18
3159, -20
3160, -21
3161, -20
3162, -21
3163, -21
3164, -23
3165, 0
3166, -23
3167, 0
3168, 0
3169, -25
3170, 0
3171, -18
3172, -18
3173, -19
3174, -17
3175, -18
3176, -19
3177, -19
3178, -19
3179, -18
3180, -19
3181, -21
3182, -20
3183, -21
3184, -21
3185, 0
3186, -20
3187, 0
3188, -15
3189, -17
3190, -17
3191, -17
3192, -17
3193, -18
3194, -17
3195, -17
3196, 0
3197, -19
3198, -20
3199, -19
3200, -20
3201, -20
3202, -13
3203, -13
3204, -11
3205, -10
3206, 0
3207, -13
3208, -14
3209, -13
3210, -14
3211, -14
3212, -16
3213, -17
3214, 0
3215, -20
3216, -20
3217, -20
3218, -14
3219, -13
3220, -11
3221, -12
3222, -14
3223, -12
3224, -10
3225, 0
3226, -16
3227, -16
3228, -16
3229, -15
3230, -16
3231, -17
3232, -18
3233, -16
3234, -9
3235, 0
3236, -12
3237, -12
3238, -13
3239, -11
3240, -13
3241, -14
3242, -14
3243, -14
3244, 0
3245, -15
3246, -17
3247, -17
3248, 0
3249, -20
3250, -14
3251, -13
3252, -12
3253, -12
3254, -13
3255, -14
3256, -14
3257, -14
3258, 0
3259, 0
3260, -19
3261, -19
3262, -19
3263, -18
3264, -17
3265, -18
3266, -13
3267, -13
3268, -13
3269, -12
3270, -13
3271, -12
3272, -12
3273, -14
3274, -14
3275, -14
3276, -14
3277, -14
3278, 0
3279, -16
3280, -18
3281, -19
3282, -12
3283, -11
3284, -10
3285, -11
3286, -13
3287, -13
3288, -14
3289, -13
3290, -13
3291, 0
3292, -15
3293, -17
3294, -16
3295, -17
3296, 0
3297, -12
3298, -13
3299, -12
3300, -9
3301, 0
3302, 0
3303, -8
3304, -7
3305, -9
3306, -10
3307, -11
3308, -11
3309, 0
3310, -13
3311, 0
3312, -15
3313, -14
3314, -12
3315, -12
3316, -10
3317, -11
3318, -11
3319, -11
3320, 0
3321, 0
3322, -14
3323, -10
3324, -9
3325, -8
3326, 0
3327, -10
3328, -10
3329, -12
3330, -12
3331, -12
3332, -13
3333, -13
3334, -14
3335, -14
3336, -14
3337, -14
3338, -9
3339, 0
3340, -10
3341, -10
3342, -9
3343, -9
3344, -8
3345, -8
3346, -6
3347, -4
3348, 0
3349, -5
3350, 0
3351, -6
3352, -5
3353, -5
3354, -6
3355, -7
3356, -9
3357, -9
3358, -10
3359, -9
3360, 0
3361, -12
3362, 0
3363, -8
3364, -6
3365, -7
3366, -7
3367, 1
3368, -9
3369, -10
3370, -9
3371, 0
3372, -12
3373, -12
3374, -11
3375, -11
3376, -12
3377, -14
3378, -6
3379, 0
3380, 0
3381, -7
3382, 0
3383, -11
3384, -11
3385, -12
3386, -12
3387, -12
3388, -13
3389, -15
3390, -14
3391, -14
3392, -15
3393, -14
3394, -12
3395, 0
3396, -10
3397, -10
3398, 0
3399, -10
3400, -11
3401, -13
3402, -13
3403, -7
3404, -6
3405, 0
3406, -6
3407, -6
3408, -6
3409, -7
3410, 0
3411, 0
3412, -3
3413, -3
3414, -5
3415, -6
3416, -6
3417, -6
3418, -7
3419, 0
3420, -7
3421, -7
3422, 0
3423, 0
3424, -10
3425, -12
3426, -5
3427, -4
3428, 0
3429, -4
3430, -4
3431, 0
3432, -5
3433, -5
3434, 0
3435, -4
3436, -7
3437, -11
3438, -9
3439, 0
3440, 0
3441, -11
3442, -9
3443, -6
3444, -7
3445, -7
3446, -6
3447, -7
3448, -8
3449, -9
3450, 0
3451, -3
3452, -1
3453, -2
3454, -1
3455, 0
3456, 0
3457, -5
3458, -5
3459, 0
3460, 0
3461, 0
3462, -1
3463, -1
3464, -2
3465, -4
3466, -4
3467, 0
3468, -6
3469, -6
3470, 0
3471, -7
3472, -8
3473, -7
3474, -5
3475, -4
3476, -2
3477, 0
3478, -6
3479, 0
3480, -9
3481, -9
3482, -7
3483, -7
3484, 0
3485, 0
3486, -11
3487, -13
3488, -12
3489, -11
3490, 0
3491, 0
3492, 1
3493, 1
3494, 0
3495, 0
3496, 0
3497, -3
3498, 0
3499, -6
3500, -6
3501, 0
3502, -5
3503, -6
3504, -7
3505, -8
3506, 0
3507, 0
3508, 0
3509, 4
3510, 3
3511, 3
3512, 1
3513, 1
3514, 0
3515, 0
3516, -1
3517, -4
3518, -4
3519, -4
3520, -5
3521, 0
3522, -6
3523, 0
3524, 0
3525, 0
3526, -1
3527, -1
3528, 0
3529, -4
3530, 0
3531, 1
3532, 2
3533, 0
3534, 0
3535, 0
3536, 0
3537, 0
3538, -2
3539, 0
3540, -2
3541, -5
3542, -6
3543, 0
3544, -7
3545, 0
3546, 0
3547, 0
3548, 6
3549, 4
3550, 4
3551, 3
3552, 3
3553, 3
3554, 0
3555, 0
3556, 0
3557, -3
3558, -3
3559, -4
3560, -5
3561, -5
3562, 0
3563, 0
3564, 6
3565, 6
3566, 6
3567, 6
3568, 6
3569, 4
3570, 2
3571, 2
3572, 2
3573, 0
3574, 0
3575, -2
3576, -2
3577, -4
3578, 3
3579, 0
3580, 10
3581, 12
3582, 10
3583, 10
3584, 9
3585, 0
3586, 4
3587, 4
3588, 3
3589, 2
3590, 3
3591, 2
3592, 0
3593, 0
3594, -2
3595, 0
3596, 15
3597, 14
3598, 12
3599, 10
3600, 11
3601, 9
3602, 0
3603, 0
3604, 5
3605, 4
3606, 3
3607, 6
3608, 4
3609, 0
3610, 1
3611, 0
3612, 0
3613, 5
3614, 0
3615, 5
3616, 2
3617, 0
3618, 0
3619, 3
3620, 0
3621, 5
3622, 7
3623, 0
3624, 3
3625, 7
3626, 3
3627, 3
3628, 8
3629, 0
3630, 0
3631, 0
3632, 5
3633, 5
3634, 9
3635, 0
3636, 11
3637, 10
3638, 0
3639, 0
3640, 6
3641, 4
3642, 2
3643, 6
3644, 17
3645, 16
3646, 15
3647, 14
3648, 13
3649, 14
3650, 16
3651, 0
3652, 11
3653, 10
3654, 9
3655, 11
3656, 0
3657, 6
3658, 4
3659, 4
3660, 11
3661, 10
3662, 12
3663, 10
3664, 0
3665, 0
3666, 6
3667, 1
3668, 13
3669, 14
3670, 10
3671, 8
3672, 7
3673, 8
3674, 11
3675, 0
3676, 0
3677, 10
3678, 13
3679, 12
3680, 10
3681, 0
3682, 8
3683, 1
3684, 11
3685, 13
3686, 9
3687, 9
3688, 9
3689, 0
3690, 6
3691, 6
3692, 0
3693, 19
3694, 19
3695, 18
3696, 17
3697, 17
3698, 0
3699, 15
3700, 14
3701, 0
3702, 11
3703, 13
3704, 0
3705, 8
3706, 0
3707, 5
3708, 0
3709, 20
3710, 18
3711, 17
3712, 17
3713, 15
3714, 15
3715, 15
3716, 0
3717, 19
3718, 19
3719, 0
3720, 16
3721, 15
3722, 16
3723, 15
3724, 0
3725, 18
3726, 19
3727, 19
3728, 17
3729, 0
3730, 0
3731, 12
3732, 27
3733, 28
3734, 26
3735, 25
3736, 0
3737, 21
3738, 21
3739, 0
3740, 0
3741, 19
3742, 19
3743, 17
3744, 0
3745, 16
3746, 14
3747, 13
3748, 29
3749, 0
3750, 25
3751, 25
3752, 23
3753, 22
3754, 0
3755, 0
3756, 33
3757, 33
3758, 34
3759, 0
3760, 30
3761, 31
3762, 0
3763, 29
3764, 0
3765, 42
3766, 0
3767, 0
3768, 0
3769, 0
3770, 0
3771, 0
3772, 0
3773, 0
3774, 0
3775, 0
3776, 0
3777, 0
3778, 0
3779, 0
3780, 0
3781, 0
3782, 0
3783, 0
3784, 0
3785, 0
3786, 0
3787, 0
3788, 0
3789, 0
3790, 0
3791, 0
3792, 0
3793, 0
3794, 0
3795, 14
3796, 0
3797, 11
3798, 12
3799, 11
3800, 0
3801, 11
3802, 0
3803, 11
3804, 25
3805, 0
3806, 27
3807, 0
3808, 23
3809, 0
3810, 0
3811, 26
3812, 0
3813, 36
3814, 36
3815, 0
3816, 32
3817, 32
3818, 33
3819, 35
3820, 40
3821, 0
3822, 0
3823, 33
3824, 32
3825, 33
3826, 34
3827, 33
3828, 0
3829, 34
3830, 34
3831, 32
3832, 32
3833, 0
3834, 27
3835, 27
3836, 0
3837, 42
3838, 40
3839, 0
3840, 36
3841, 35
3842, 0
3843, 0
3844, 37
3845, 36
3846, 35
3847, 0
3848, 31
3849, 0
3850, 26
3851, 28
3852, 33
3853, 0
3854, 29
3855, 0
3856, 26
3857, 26
3858, 25
3859, 24
3860, 42
3861, 41
3862, 0
3863, 0
3864, 35
3865, 0
3866, 30
3867, 31
3868, 31
3869, 0
3870, 25
3871, 25
3872, 0
3873, 23
3874, 22
3875, 0
3876, 34
3877, 35
3878, 34
3879, 32
3880, 0
3881, 0
3882, 26
3883, 30
3884, 43
3885, 42
3886, 0
3887, 0
3888, 36
3889, 35
3890, 0
3891, 35
3892, 0
3893, 30
3894, 29
3895, 30
3896, 0
3897, 25
3898, 26
3899, 0
3900, 37
3901, 38
3902, 37
3903, 37
3904, 0
3905, 0
3906, 28
3907, 28
3908, 43
3909, 0
3910, 40
3911, 39
3912, 0
3913, 35
3914, 0
3915, 35
3916, 48
3917, 0
3918, 44
3919, 45
3920, 0
3921, 0
3922, 40
3923, 41
3924, 41
3925, 38
3926, 0
3927, 0
3928, 33
3929, 34
3930, 34
3931, 0
3932, 45
3933, 44
3934, 42
3935, 41
3936, 40
3937, 0
3938, 0
3939, 36
3940, 0
3941, 39
3942, 42
3943, 39
3944, 0
3945, 34
3946, 0
3947, 30
3948, 0
3949, 43
3950, 43
3951, 42
3952, 42
3953, 0
3954, 36
3955, 38
3956, 43
3957, 42
3958, 0
3959, 0
3960, 35
3961, 34
3962, 0
3963, 32
3964, 0
3965, 45
3966, 45
3967, 44
3968, 41
3969, 41
3970, 0
3971, 38
3972, 51
3973, 0
3974, 48
3975, 47
3976, 0
3977, 44
3978, 44
3979, 45
3980, 49
3981, 0
3982, 0
3983, 44
3984, 43
3985, 0
3986, 37
3987, 37
3988, 0
3989, 49
3990, 49
3991, 0
3992, 0
3993, 0
3994, 40
3995, 41
3996, 0
3997, 53
3998, 0
3999, 49
4000, 48
4001, 47
4002, 0
4003, 0
4004, 51
4005, 49
4006, 48
4007, 0
4008, 43
4009, 40
4010, 39
4011, 46
4012, 0
4013, 50
4014, 49
4015, 46
4016, 0
4017, 45
4018, 45
4019, 0
4020, 56
4021, 56
4022, 54
4023, 0
4024, 0
4025, 0
4026, 46
4027, 47
4028, 0
4029, 0
4030, 54
4031, 53
4032, 53
4033, 54
4034, 52
4035, 0
4036, 57
4037, 52
4038, 50
4039, 50
4040, 0
4041, 49
4042, 48
4043, 0
4044, 0
4045, 55
4046, 0
4047, 0
4048, 0
4049, 0
4050, 46
4051, 46
4052, 0
4053, 58
4054, 55
4055, 0
4056, 0
4057, 51
4058, 49
4059, 51
4060, 56
4061, 55
4062, 0
4063, 53
4064, 52
4065, 0
4066, 47
4067, 0
4068, 62
4069, 0
4070, 0
4071, 56
4072, 0
4073, 51
4074, 49
4075, 48
4076, 0
4077, 59
4078, 56
4079, 56
4080, 0
4081, 0
4082, 49
4083, 51
4084, 0
4085, 0
4086, 59
4087, 59
4088, 58
4089, 0
4090, 0
4091, 53
4092, 64
4093, 0
4094, 63
4095, 61
4096, 59
4097, 0
4098, 0
4099, 0
4100, 68
4101, 0
4102, 66
4103, 0
4104, 64
4105, 66
4106, 62
4107, 0
4108, 70
4109, 64
4110, 63
4111, 63
4112, 0
4113, 58
4114, 58
4115, 0
4116, 71
4117, 0
4118, 66
4119, 64
4120, 0
4121, 0
4122, 58
4123, 58
4124, 0
4125, 0
4126, 65
4127, 0
4128, 61
4129, 60
4130, 59
4131, 0
4132, 70
4133, 69
4134, 0
4135, 66
4136, 0
4137, 62
4138, 0
4139, 56
4140, 72
4141, 0
4142, 0
4143, 67
4144, 65
4145, 0
4146, 0
4147, 60
4148, 74
4149, 73
4150, 0
4151, 70
4152, 0
4153, 66
4154, 65
4155, 0
4156, 0
4157, 66
4158, 66
4159, 66
4160, 0
4161, 0
4162, 57
4163, 57
4164, 79
4165, 0
4166, 0
4167, 0
4168, 0
4169, 0
4170, 66
4171, 70
4172, 79
4173, 0
4174, 0
4175, 73
4176, 71
4177, 0
4178, 0
4179, 66
4180, 80
4181, 0
4182, 76
4183, 77
4184, 0
4185, 0
4186, 0
4187, 0
4188, 0
4189, 79
4190, 0
4191, 0
4192, 0
4193, 0
4194, 70
4195, 71
4196, 85
4197, 84
4198, 0
4199, 0
4200, 77
4201, 78
4202, 0
4203, 0
4204, 0
4205, 81
4206, 0
4207, 78
4208, 0
4209, 74
4210, 73
4211, 0
4212, 85
4213, 0
4214, 81
4215, 0
4216, 79
4217, 0
4218, 71
4219, 0
4220, 0
4221, 0
4222, 0
4223, 0
4224, 0
4225, 71
4226, 0
4227, 72
4228, 0
4229, 0
4230, 77
4231, 76
4232, 0
4233, 73
4234, 74
4235, 73
4236, 0
4237, 83
4238, 86
4239, 83
4240, 0
4241, 71
4242, 69
4243, 0
4244, 0
4245, 0
4246, 88
4247, 0
4248, 80
4249, 79
4250, 0
4251, 0
4252, 0
4253, 95
4254, 96
4255, 95
4256, 0
4257, 87
4258, 0
4259, 83
4260, 94
4261, 94
4262, 0
4263, 0
4264, 0
4265, 84
4266, 0
4267, 80
4268, 95
4269, 0
4270, 0
4271, 89
4272, 85
4273, 0
4274, 84
4275, 82
4276, 0
4277, 0
4278, 0
4279, 0
4280, 84
4281, 0
4282, 80
4283, 0
4284, 92
4285, 91
4286, 0
4287, 86
4288, 87
4289, 0
4290, 0
4291, 83
4292, 0
4293, 92
4294, 0
4295, 0
4296, 84
4297, 85
4298, 82
4299, 0
4300, 94
4301, 0
4302, 87
4303, 85
4304, 0
4305, 0
4306, 0
4307, 82
4308, 0
4309, 92
4310, 91
4311, 0
4312, 0
4313, 0
4314, 79
4315, 0
4316, 0
4317, 96
4318, 0
4319, 91
4320, 88
4321, 88
4322, 0
4323, 0
4324, 89
4325, 0
4326, 85
4327, 0
4328, 81
4329, 0
4330, 79
4331, 77
4332, 92
4333, 88
4334, 0
4335, 82
4336, 80
4337, 0
4338, 0
4339, 76
4340, 89
4341, 88
4342, 0
4343, 83
4344, 83
4345, 81
4346, 0
4347, 0
4348, 90
4349, 88
4350, 0
4351, 0
4352, 82
4353, 0
4354, 0
4355, 0
4356, 90
4357, 89
4358, 91
4359, 89
4360, 0
4361, 82
4362, 80
4363, 80
4364, 0
4365, 0
4366, 89
4367, 0
4368, 87
4369, 84
4370, 0
4371, 0
4372, 0
4373, 89
4374, 89
4375, 87
4376, 0
4377, 85
4378, 0
4379, 80
4380, 85
4381, 84
4382, 86
4383, 0
4384, 78
4385, 77
4386, 80
4387, 80
4388, 0
4389, 0
4390, 86
4391, 0
4392, 82
4393, 83
4394, 0
4395, 78
4396, 0
4397, 80
4398, 80
4399, 80
4400, 79
4401, 0
4402, 72
4403, 71
4404, 86
4405, 85
4406, 0
4407, 81
4408, 79
4409, 77
4410, 0
4411, 0
4412, 90
4413, 87
4414, 85
4415, 0
4416, 82
4417, 80
4418, 79
4419, 78
4420, 0
4421, 0
4422, 80
4423, 80
4424, 81
4425, 0
4426, 75
4427, 0
4428, 86
4429, 87
4430, 0
4431, 82
4432, 0
4433, 79
4434, 78
4435, 0
4436, 84
4437, 81
4438, 0
4439, 0
4440, 75
4441, 75
4442, 74
4443, 75
4444, 0
4445, 0
4446, 78
4447, 75
4448, 74
4449, 0
4450, 70
4451, 69
4452, 82
4453, 82
4454, 0
4455, 77
4456, 76
4457, 74
4458, 74
4459, 0
4460, 0
4461, 84
4462, 84
4463, 83
4464, 82
4465, 81
4466, 0
4467, 0
4468, 76
4469, 74
4470, 74
4471, 0
4472, 0
4473, 69
4474, 67
4475, 0
4476, 0
4477, 78
4478, 79
4479, 76
4480, 77
4481, 0
4482, 0
4483, 71
4484, 77
4485, 78
4486, 77
4487, 0
4488, 0
4489, 71
4490, 69
4491, 72
4492, 77
4493, 0
4494, 73
4495, 72
4496, 0
4497, 73
4498, 0
4499, 67
4500, 72
4501, 71
4502, 73
4503, 72
4504, 0
4505, 65
4506, 64
4507, 63
4508, 71
4509, 0
4510, 68
4511, 68
4512, 64
4513, 65
4514, 64
4515, 0
4516, 0
4517, 75
4518, 73
4519, 73
4520, 73
4521, 70
4522, 0
4523, 0
4524, 81
4525, 81
4526, 81
4527, 0
4528, 77
4529, 78
4530, 78
4531, 78
4532, 0
4533, 81
4534, 84
4535, 80
4536, 79
4537, 81
4538, 80
4539, 0
4540, 74
4541, 72
4542, 72
4543, 72
4544, 0
4545, 68
4546, 0
4547, 67
4548, 80
4549, 80
4550, 0
4551, 76
4552, 77
4553, 0
4554, 73
4555, 76
4556, 0
4557, 69
4558, 0
4559, 0
4560, 0
4561, 0
4562, 0
4563, 0
4564, 69
4565, 69
4566, 68
4567, 69
4568, 0
4569, 67
4570, 66
4571, 67
4572, 66
4573, 65
4574, 65
4575, 0
4576, 63
4577, 62
4578, 60
4579, 0
4580, 74
4581, 74
4582, 73
4583, 72
4584, 0
4585, 70
4586, 69
4587, 0
4588, 68
4589, 69
4590, 65
4591, 66
4592, 0
4593, 62
4594, 62
4595, 0
4596, 58
4597, 58
4598, 62
4599, 59
4600, 56
4601, 0
4602, 53
4603, 0
4604, 68
4605, 66
4606, 65
4607, 0
4608, 64
4609, 63
4610, 63
4611, 63
4612, 0
4613, 58
4614, 60
4615, 58
4616, 56
4617, 0
4618, 53
4619, 53
4620, 69
4621, 0
4622, 67
4623, 66
4624, 0
4625, 63
4626, 62
4627, 63
4628, 0
4629, 59
4630, 58
4631, 58
4632, 58
4633, 58
4634, 57
4635, 59
4636, 64
4637, 0
4638, 64
4639, 0
4640, 60
4641, 57
4642, 0
4643, 54
4644, 61
4645, 62
4646, 61
4647, 60
4648, 60
4649, 58
4650, 58
4651, 57
4652, 0
4653, 63
4654, 0
4655, 60
4656, 61
4657, 59
4658, 60
4659, 0
4660, 65
4661, 65
4662, 65
4663, 63
4664, 0
4665, 61
4666, 61
4667, 63
4668, 62
4669, 0
4670, 57
4671, 0
4672, 0
4673, 0
4674, 54
4675, 55
4676, 63
4677, 61
4678, 60
4679, 59
4680, 61
4681, 0
4682, 58
4683, 57
4684, 0
4685, 61
4686, 60
4687, 61
4688, 62
4689, 60
4690, 0
4691, 56
4692, 57
4693, 57
4694, 55
4695, 0
4696, 56
4697, 53
4698, 52
4699, 53
4700, 0
4701, 58
4702, 57
4703, 59
4704, 56
4705, 56
4706, 58
4707, 0
4708, 60
4709, 60
4710, 60
4711, 0
4712, 58
4713, 57
4714, 57
4715, 0
4716, 55
4717, 54
4718, 54
4719, 54
4720, 52
4721, 52
4722, 52
4723, 0
4724, 58
4725, 58
4726, 57
4727, 58
4728, 58
4729, 56
4730, 56
4731, 55
4732, 62
4733, 65
4734, 0
4735, 61
4736, 0
4737, 58
4738, 58
4739, 57
4740, 57
4741, 57
4742, 55
4743, 54
4744, 0
4745, 54
4746, 53
4747, 53
4748, 60
4749, 59
4750, 60
4751, 0
4752, 55
4753, 56
4754, 55
4755, 0
4756, 54
4757, 53
4758, 52
4759, 53
4760, 53
4761, 51
4762, 49
4763, 0
4764, 55
4765, 55
4766, 54
4767, 54
4768, 54
4769, 54
4770, 53
4771, 54
4772, 53
4773, 51
4774, 51
4775, 53
4776, 52
4777, 0
4778, 51
4779, 51
4780, 48
4781, 46
4782, 49
4783, 46
4784, 45
4785, 44
4786, 44
4787, 44
4788, 52
4789, 54
4790, 53
4791, 50
4792, 49
4793, 49
4794, 0
4795, 50
4796, 0
4797, 0
4798, 55
4799, 55
4800, 56
4801, 54
4802, 0
4803, 54
4804, 50
4805, 50
4806, 51
4807, 51
4808, 50
4809, 49
4810, 49
4811, 54
4812, 56
4813, 56
4814, 56
4815, 0
4816, 56
4817, 55
4818, 0
4819, 0
4820, 0
4821, 56
4822, 54
4823, 54
4824, 0
4825, 52
4826, 51
4827, 51
4828, 0
4829, 46
4830, 46
4831, 46
4832, 45
4833, 45
4834, 45
4835, 0
4836, 43
4837, 46
4838, 45
4839, 43
4840, 44
4841, 42
4842, 40
4843, 42
4844, 41
4845, 41
4846, 41
4847, 0
4848, 39
4849, 39
4850, 38
4851, 39
4852, 55
4853, 55
4854, 55
4855, 54
4856, 53
4857, 54
4858, 54
4859, 0
4860, 50
4861, 0
4862, 0
4863, 0
4864, 48
4865, 49
4866, 50
4867, 50
4868, 49
4869, 49
4870, 49
4871, 47
4872, 47
4873, 46
4874, 46
4875, 47
4876, 45
4877, 44
4878, 45
4879, 44
4880, 0
4881, 42
4882, 42
4883, 44
4884, 44
4885, 44
4886, 0
4887, 40
4888, 41
4889, 41
4890, 40
4891, 41
4892, 41
4893, 40
4894, 40
4895, 40
4896, 40
4897, 40
4898, 40
4899, 39
4900, 47
4901, 44
4902, 44
4903, 45
4904, 44
4905, 44
4906, 46
4907, 47
4908, 44
4909, 0
4910, 44
4911, 43
4912, 42
4913, 42
4914, 0
4915, 40
4916, 50
4917, 49
4918, 48
4919, 47
4920, 48
4921, 0
4922, 49
4923, 50
4924, 0
4925, 47
4926, 46
4927, 45
4928, 46
4929, 47
4930, 0
4931, 45
4932, 43
4933, 43
4934, 44
4935, 44
4936, 43
4937, 43
4938, 42
4939, 42
4940, 0
4941, 41
4942, 0
4943, 42
4944, 41
4945, 42
4946, 43
4947, 44
4948, 43
4949, 0
4950, 39
4951, 0
4952, 41
4953, 41
4954, 0
4955, 41
4956, 39
4957, 40
4958, 38
4959, 39
4960, 39
4961, 37
4962, 41
4963, 40
4964, 39
4965, 37
4966, 38
4967, 0
4968, 36
4969, 36
4970, 0
4971, 39
4972, 37
4973, 37
4974, 38
4975, 37
4976, 39
4977, 0
4978, 37
4979, 37
4980, 37
4981, 39
4982, 0
4983, 38
4984, 38
4985, 37
4986, 41
4987, 40
4988, 0
4989, 34
4990, 34
4991, 34
4992, 33
4993, 34
4994, 34
4995, 0
4996, 37
4997, 37
4998, 36
4999, 38
5000, 40
5001, 39
5002, 38
5003, 38
5004, 38
5005, 0
5006, 34
5007, 35
5008, 33
5009, 33
5010, 38
5011, 36
5012, 35
5013, 33
5014, 34
5015, 33
5016, 33
5017, 34
5018, 34
5019, 37
5020, 33
5021, 33
5022, 34
5023, 33
5024, 35
5025, 36
5026, 34
5027, 33
5028, 41
5029, 44
5030, 42
5031, 42
5032, 41
5033, 41
5034, 45
5035, 43
5036, 43
5037, 41
5038, 41
5039, 41
5040, 41
5041, 42
5042, 42
5043, 43
5044, 40
5045, 40
5046, 41
5047, 41
5048, 41
5049, 43
5050, 42
5051, 41
5052, 40
5053, 40
5054, 41
5055, 41
5056, 40
5057, 40
5058, 40
5059, 40
5060, 41
5061, 41
5062, 0
5063, 36
5064, 37
5065, 0
5066, 38
5067, 41
5068, 38
5069, 0
5070, 0
5071, 0
5072, 39
5073, 39
5074, 0
5075, 41
5076, 40
5077, 0
5078, 38
5079, 38
5080, 38
5081, 38
5082, 0
5083, 42
5084, 0
5085, 39
5086, 39
5087, 39
5088, 40
5089, 40
5090, 40
5091, 42
5092, 39
5093, 39
5094, 39
5095, 0
5096, 41
5097, 0
5098, 41
5099, 40
5100, 38
5101, 40
5102, 38
5103, 38
5104, 38
5105, 38
5106, 42
5107, 40
5108, 41
5109, 39
5110, 39
5111, 39
5112, 39
5113, 41
5114, 40
5115, 41
5116, 38
5117, 38
5118, 40
5119, 39
5120, 39
5121, 40
5122, 41
5123, 41
5124, 38
5125, 38
5126, 39
5127, 39
5128, 38
5129, 38
5130, 37
5131, 37
5132, 37
5133, 38
5134, 37
5135, 37
5136, 38
5137, 37
5138, 38
5139, 39
5140, 38
5141, 38
5142, 38
5143, 37
5144, 37
5145, 38
5146, 39
5147, 38
5148, 37
5149, 39
5150, 39
5151, 39
5152, 40
5153, 37
5154, 37
5155, 37
5156, 38
5157, 40
5158, 39
5159, 39
5160, 40
5161, 39
5162, 40
5163, 41
5164, 40
5165, 40
5166, 40
5167, 38
5168, 37
5169, 38
5170, 40
5171, 40
5172, 40
5173, 40
5174, 39
5175, 40
5176, 39
5177, 38
5178, 38
5179, 38
5180, 39
5181, 37
5182, 37
5183, 38
5184, 38
5185, 39
5186, 39
5187, 32
5188, 30
5189, 29
5190, 30
5191, 31
5192, 31
5193, 31
5194, 30
5195, 30
5196, 29
5197, 30
5198, 30
5199, 31
5200, 32
5201, 31
5202, 30
5203, 25
5204, 22
5205, 22
5206, 22
5207, 22
5208, 25
5209, 23
5210, 24
5211, 27
5212, 25
5213, 24
5214, 25
5215, 25
5216, 24
5217, 25
5218, 26
5219, 24
5220, 0
5221, 27
5222, 26
5223, 27
5224, 26
5225, 26
5226, 28
5227, 29
5228, 0
5229, 39
5230, 36
5231, 36
5232, 37
5233, 38
5234, 37
5235, 39
5236, 46
5237, 45
5238, 47
5239, 46
5240, 46
5241, 46
5242, 47
5243, 46
5244, 70
5245, 70
5246, 70
5247, 70
5248, 73
5249, 70
5250, 69
5251, 71
5252, 101
5253, 102
5254, 103
5255, 104
5256, 103
5257, 102
5258, 106
5259, 0
5260, 47
5261, 45
5262, -138
5263, -475
5264, 0
5265, -477
5266, -477
5267, 0
5268, -1288
5269, -1311
5270, 0
5271, 0
5272, -2453
5273, -2452
5274, 0
5275, -2455
5276, -2458
5277, 0
5278, -2719
5279, 0
5280, -2723
5281, -2726
5282, 0
5283, -2728
5284, 0
5285, 0
5286, 0
5287, 0
5288, 0
5289, 0
5290, 0
5291, 0
5292, 0
5293, 0
5294, 0
5295, 0
5296, 0
5297, 0
5298, 0
5299, 0
5300, 0
5301, 0
5302, 0
5303, 0
5304, 0
5305, 0
5306, 0
5307, 0
5308, 0
5309, 0
5310, 0
5311, 39
5312, 39
5313, 0
5314, 41
5315, 37
5316, 33
5317, 32
5318, 32
5319, 33
5320, 0
5321, 35
5322, 36
5323, 36
5324, 36
5325, 36
5326, 36
5327, 35
5328, 35
5329, 36
5330, 36
5331, 36
5332, 36
5333, 0
5334, 33
5335, 33
5336, 32
5337, 32
5338, 35
5339, 33
5340, 33
5341, 34
5342, 33
5343, 32
5344, 34
5345, 33
5346, 33
5347, 34
5348, 33
5349, 33
5350, 35
5351, 34
5352, 33
5353, 33
5354, 33
5355, 35
5356, 34
5357, 33
5358, 33
5359, 34
5360, 0
5361, 0
5362, 35
5363, 35
5364, 34
5365, 0
5366, 0
5367, 33
5368, 33
5369, 33
5370, 0
5371, 0
5372, 33
5373, 33
5374, 33
5375, 33
5376, 33
5377, 33
5378, 33
5379, 34
5380, 34
5381, 33
5382, 33
5383, 34
5384, 33
5385, 33
5386, 35
5387, 35
5388, 34
5389, 33
5390, 33
5391, 33
5392, 33
5393, 34
5394, 34
5395, 35
5396, 0
5397, 35
5398, 36
5399, 35
5400, 34
5401, 0
5402, 33
5403, 34
5404, 33
5405, 33
5406, 34
5407, 35
5408, 35
5409, 33
5410, 33
5411, 32
5412, 32
5413, 32
5414, 33
5415, 33
5416, 33
5417, 33
5418, 33
5419, 34
5420, 33
5421, 33
5422, 33
5423, 33
5424, 34
5425, 33
5426, 33
5427, 34
5428, 34
5429, 33
5430, 33
5431, 34
5432, 33
5433, 33
5434, 35
5435, 0
5436, 31
5437, 0
5438, 33
5439, 33
5440, 33
5441, 33
5442, 33
5443, 34
5444, 41
5445, 41
5446, 41
5447, 41
5448, 41
5449, 41
5450, 41
5451, 36
5452, 34
5453, 33
5454, 0
5455, 0
5456, 33
5457, 33
5458, 35
5459, 33
5460, 32
5461, 34
5462, 33
5463, 33
5464, 33
5465, 32
5466, 32
5467, 35
5468, 33
5469, 33
5470, 33
5471, 33
5472, 34
5473, 33
5474, 33
5475, 33
5476, 33
5477, 33
5478, 34
5479, 33
5480, 33
5481, 32
5482, 33
5483, 33
5484, 33
5485, 34
5486, 33
5487, 0
5488, 0
5489, 0
5490, 0
5491, 0
5492, 0
5493, 0
5494, 0
5495, 0
5496, 0
5497, 0
5498, 0
5499, 0
5500, 0
5501, 0
5502, 0
5503, 0
5504, 0
5505, 0
5506, 0
5507, 0
