0, 0
1, 0
2, 0
3, 0
4, 0
5, 0
6, 0
7, 0
8, 0
9, 0
10, 0
11, 0
12, 0
13, 0
14, 0
15, 0
16, 0
17, 0
18, 0
19, 0
20, 0
21, 0
22, 0
23, 0
24, 0
25, 0
26, 0
27, 0
28, 0
29, 0
30, 0
31, 0
32, 0
33, 0
34, 0
35, 0
36, 0
37, 0
38, 0
39, 0
40, 0
41, 0
42, 0
43, 0
44, 0
45, 0
46, 0
47, 0
48, 0
49, 0
50, 0
51, 0
52, 0
53, 0
54, 0
55, 0
56, 0
57, 0
58, 0
59, 0
60, 0
61, 0
62, 0
63, 0
64, 0
65, 0
66, 0
67, 0
68, 0
69, 0
70, 0
71, 0
72, 0
73, 0
74, 0
75, 0
76, 0
77, 0
78, 0
79, 0
80, 0
81, 0
82, 0
83, 0
84, 0
85, 0
86, 0
87, 0
88, 0
89, 0
90, 0
91, 0
92, 0
93, 0
94, 0
95, 0
96, 0
97, 0
98, 0
99, 0
100, 0
101, 0
102, 0
103, 0
104, 0
105, 0
106, 0
107, 0
108, 0
109, 0
110, 0
111, 0
112, 0
113, 0
114, 0
115, 0
116, 0
117, 0
118, 0
119, 0
120, 0
121, 0
122, 0
123, 0
124, 0
125, 0
126, 0
127, 0
128, 0
129, 0
130, 0
131, 0
132, 0
133, 0
134, 0
135, 0
136, 0
137, 0
138, 0
139, 0
140, 0
141, 0
142, 0
143, 0
144, 0
145, 0
146, 0
147, 0
148, 0
149, 0
150, 0
151, 0
152, 0
153, 0
154, 0
155, 0
156, 0
157, 0
158, 0
159, 0
160, 0
161, 0
162, 0
163, 0
164, 0
165, 0
166, 0
167, 0
168, 0
169, 0
170, 0
171, 0
172, 0
173, 0
174, 0
175, 0
176, 0
177, 0
178, 0
179, 0
180, 0
181, 0
182, 0
183, 0
184, 0
185, 0
186, 0
187, 0
188, 0
189, 0
190, 0
191, 0
192, 0
193, 0
194, 0
195, 0
196, 0
197, 0
198, 0
199, 0
200, 0
201, 0
202, 0
203, 0
204, 0
205, 0
206, 0
207, 0
208, 0
209, 0
210, 0
211, 0
212, 0
213, 0
214, 0
215, 0
216, 0
217, 0
218, 0
219, 0
220, 0
221, 0
222, 0
223, 0
224, 0
225, 0
226, 0
227, 0
228, 0
229, 0
230, 0
231, 0
232, 0
233, 0
234, 0
235, 0
236, 0
237, 0
238, 0
239, 0
240, 0
241, 0
242, 0
243, 0
244, 0
245, 0
246, 0
247, 0
248, 0
249, 0
250, 0
251, 0
252, 0
253, 0
254, 0
255, 0
256, 0
257, 0
258, 0
259, 0
260, 0
261, 0
262, 0
263, 0
264, 0
265, 0
266, 0
267, 0
268, 0
269, 0
270, 0
271, 0
272, 0
273, 0
274, 0
275, 0
276, 0
277, 0
278, 0
279, 0
280, 0
281, 0
282, 0
283, 0
284, 0
285, 0
286, 0
287, 0
288, 0
289, 0
290, 0
291, 0
292, 0
293, 0
294, 0
295, 0
296, 0
297, 0
298, 0
299, 0
300, 0
301, 0
302, 0
303, 0
304, 0
305, 0
306, 0
307, 0
308, 0
309, 0
310, 0
311, 0
312, 0
313, 0
314, 0
315, 0
316, 0
317, 0
318, 0
319, 0
320, 0
321, 0
322, 0
323, 0
324, 0
325, 0
326, 0
327, 0
328, 0
329, 0
330, 0
331, 0
332, 0
333, 0
334, 0
335, 0
336, 0
337, 0
338, 0
339, 0
340, 0
341, 0
342, 0
343, 0
344, 0
345, 0
346, 0
347, 0
348, 0
349, 0
350, 0
351, 0
352, 0
353, 0
354, 0
355, 0
356, 0
357, 0
358, 0
359, 0
360, 0
361, 0
362, 0
363, 0
364, 0
365, 0
366, 0
367, 0
368, 0
369, 0
370, 0
371, 0
372, 0
373, 0
374, 0
375, 0
376, 0
377, 0
378, 0
379, 0
380, 0
381, 0
382, 0
383, 0
384, 0
385, 0
386, 0
387, 0
388, 0
389, 0
390, 0
391, 0
392, 0
393, 0
394, 0
395, 0
396, 0
397, 0
398, 0
399, 0
400, 0
401, 0
402, 0
403, 0
404, 0
405, 0
406, 0
407, 0
408, 0
409, 0
410, 0
411, 0
412, 0
413, 0
414, 0
415, 0
416, 0
417, 0
418, 0
419, 0
420, 0
421, 0
422, 0
423, 0
424, 0
425, 0
426, 0
427, 0
428, 0
429, 0
430, 0
431, 0
432, 0
433, 0
434, 0
435, 0
436, 0
437, 0
438, 0
439, 0
440, 0
441, 0
442, 0
443, 0
444, 0
445, 0
446, 0
447, 0
448, 0
449, 0
450, 0
451, 0
452, 0
453, 0
454, 0
455, 0
456, 0
457, 0
458, 0
459, 0
460, 0
461, 0
462, 0
463, 0
464, 0
465, 0
466, 0
467, 0
468, 0
469, 0
470, 0
471, 0
472, 0
473, 0
474, 0
475, 0
476, 0
477, 0
478, 0
479, 0
480, 0
481, 0
482, 0
483, 0
484, 0
485, 0
486, 0
487, 0
488, 0
489, 0
490, 0
491, 0
492, 0
493, 0
494, 0
495, 0
496, 0
497, 0
498, 0
499, 0
500, 0
501, 0
502, 0
503, 0
504, 0
505, 0
506, 0
507, 0
508, 0
509, 0
510, 0
511, 0
512, 0
513, 0
514, 0
515, 0
516, 0
517, 0
518, 0
519, 0
520, 0
521, 0
522, 0
523, 0
524, 0
525, 0
526, 0
527, 0
528, 0
529, 0
530, 0
531, 0
532, 0
533, 0
534, 0
535, 0
536, 0
537, 0
538, 0
539, 0
540, 0
541, 0
542, 0
543, 0
544, 0
545, 0
546, 0
547, 0
548, 0
549, 0
550, 0
551, 0
552, 0
553, 0
554, 0
555, 0
556, 0
557, 0
558, 0
559, 0
560, 0
561, 0
562, 0
563, 0
564, 0
565, 0
566, 0
567, 0
568, 0
569, 0
570, 0
571, 0
572, 0
573, 0
574, 0
575, 0
576, 0
577, 0
578, 0
579, 0
580, 0
581, 0
582, 0
583, 0
584, 0
585, 0
586, 0
587, 0
588, 0
589, 0
590, 0
591, 0
592, 0
593, 0
594, 0
595, 0
596, 0
597, 0
598, 0
599, 0
600, 0
601, 0
602, 0
603, 0
604, 0
605, 0
606, 0
607, 0
608, 0
609, 0
610, 0
611, 0
612, 0
613, 0
614, 0
615, 0
616, 0
617, 0
618, 0
619, 0
620, 0
621, 0
622, 0
623, 0
624, 0
625, 0
626, 0
627, 0
628, 0
629, 0
630, 0
631, 0
632, 0
633, 0
634, 0
635, 0
636, 0
637, 0
638, 0
639, 0
640, 0
641, 0
642, 0
643, 0
644, 0
645, 0
646, 0
647, 0
648, 0
649, 0
650, 0
651, 0
652, 0
653, 0
654, 0
655, 0
656, 0
657, 0
658, 0
659, 0
660, 0
661, 0
662, 0
663, 0
664, 0
665, 0
666, 0
667, 0
668, 0
669, 0
670, 0
671, 0
672, 0
673, 0
674, 0
675, 0
676, 0
677, 0
678, 0
679, 0
680, 0
681, 0
682, 0
683, 0
684, 0
685, 0
686, 0
687, 0
688, 0
689, 0
690, 0
691, 0
692, 0
693, 0
694, 0
695, 0
696, 0
697, 0
698, 0
699, 0
700, 0
701, 0
702, 0
703, 0
704, 0
705, 0
706, 0
707, 0
708, 0
709, 0
710, 0
711, 0
712, 0
713, 0
714, 0
715, 0
716, 0
717, 0
718, 0
719, 0
720, 0
721, 0
722, 0
723, 0
724, 0
725, 0
726, 0
727, 0
728, 0
729, 0
730, 0
731, 0
732, 0
733, 0
734, 0
735, 0
736, 0
737, 0
738, 0
739, 0
740, 0
741, 0
742, 0
743, 0
744, 0
745, 0
746, 0
747, 0
748, 0
749, 0
750, 0
751, 0
752, 0
753, 0
754, 0
755, 0
756, 0
757, 0
758, 0
759, 0
760, 0
761, 0
762, 0
763, 0
764, 0
765, 0
766, 0
767, 0
768, 0
769, 0
770, 0
771, 0
772, 0
773, 0
774, 0
775, 0
776, 0
777, 0
778, 0
779, 0
780, 0
781, 0
782, 0
783, 0
784, 0
785, 0
786, 0
787, 0
788, 0
789, 0
790, 0
791, 0
792, 0
793, 0
794, 0
795, 0
796, 0
797, 0
798, 0
799, 0
800, 0
801, 0
802, 0
803, 0
804, 0
805, 0
806, 0
807, 0
808, 0
809, 0
810, 0
811, 0
812, 0
813, 0
814, 0
815, 0
816, 0
817, 0
818, 0
819, 0
820, 0
821, 0
822, 0
823, 0
824, 0
825, 0
826, 0
827, 0
828, 0
829, 0
830, 0
831, 0
832, 0
833, 0
834, 0
835, 0
836, 0
837, 0
838, 0
839, 0
840, 0
841, 0
842, 0
843, 0
844, 0
845, 0
846, 0
847, 0
848, 0
849, 0
850, 0
851, 0
852, 0
853, 0
854, 0
855, 0
856, 0
857, 0
858, 0
859, 0
860, 0
861, 0
862, 0
863, 0
864, 0
865, 0
866, 0
867, 0
868, 0
869, 0
870, 0
871, 0
872, 0
873, 0
874, 0
875, 0
876, 0
877, 0
878, 0
879, 0
880, 0
881, 0
882, 0
883, 0
884, 0
885, 0
886, 0
887, 0
888, 0
889, 0
890, 0
891, 0
892, 0
893, 0
894, 0
895, 0
896, 0
897, 0
898, 0
899, 0
900, 0
901, 0
902, 0
903, 0
904, 0
905, 0
906, 0
907, 0
908, 0
909, 0
910, 0
911, 0
912, 0
913, 0
914, 0
915, 0
916, 0
917, 0
918, 0
919, 0
920, 0
921, 0
922, 0
923, 0
924, 0
925, 0
926, 0
927, 0
928, 0
929, 0
930, 0
931, 0
932, 0
933, 0
934, 0
935, 0
936, 0
937, 0
938, 0
939, 0
940, 0
941, 0
942, 0
943, 0
944, 0
945, 0
946, 0
947, 0
948, 0
949, 0
950, 0
951, 0
952, 0
953, 0
954, 0
955, 0
956, 0
957, 0
958, 0
959, 0
960, 0
961, 0
962, 0
963, 0
964, 0
965, 0
966, 0
967, 0
968, 0
969, 0
970, 0
971, 0
972, 0
973, 0
974, 0
975, 0
976, 0
977, 0
978, 0
979, 0
980, 0
981, 0
982, 0
983, 0
984, 0
985, 0
986, 0
987, 0
988, 0
989, 0
990, 0
991, 0
992, 0
993, 0
994, 0
995, 0
996, 0
997, 0
998, 0
999, 0
1000, 0
1001, 0
1002, 0
1003, 0
1004, 0
1005, 0
1006, 0
1007, 0
1008, 0
1009, 0
1010, 0
1011, 0
1012, 0
1013, 0
1014, 0
1015, 0
1016, 0
1017, 0
1018, 0
1019, 0
1020, 0
1021, 0
1022, 0
1023, 0
1024, 0
1025, 0
1026, 0
1027, 0
1028, 0
1029, 0
1030, 0
1031, 0
1032, 0
1033, 0
1034, 0
1035, 0
1036, 0
1037, 0
1038, 0
1039, 0
1040, 0
1041, 0
1042, 0
1043, 0
1044, 0
1045, 0
1046, 0
1047, 0
1048, 0
1049, 0
1050, 0
1051, 0
1052, 0
1053, 0
1054, 0
1055, 0
1056, 0
1057, 0
1058, 0
1059, 0
1060, 0
1061, 0
1062, 0
1063, 0
1064, 0
1065, 0
1066, 0
1067, 0
1068, 0
1069, 0
1070, 0
1071, 0
1072, 0
1073, 0
1074, 0
1075, 0
1076, 0
1077, 0
1078, 0
1079, 0
1080, 0
1081, 0
1082, 0
1083, 2072
1084, 2071
1085, 0
1086, 2070
1087, 0
1088, 0
1089, 0
1090, 0
1091, 1893
1092, 1892
1093, 1893
1094, 1895
1095, 1846
1096, 0
1097, 0
1098, 1786
1099, 1783
1100, 1784
1101, 1784
1102, 1784
1103, 1784
1104, 1752
1105, 0
1106, 1663
1107, 0
1108, 1662
1109, 1663
1110, 1663
1111, 1640
1112, 0
1113, 0
1114, 1592
1115, 1591
1116, 1591
1117, 1590
1118, 1589
1119, 1590
1120, 0
1121, 0
1122, 1553
1123, 1551
1124, 1551
1125, 1549
1126, 0
1127, 1549
1128, 1524
1129, 1493
1130, 1489
1131, 1488
1132, 1485
1133, 1482
1134, 1486
1135, 1488
1136, 0
1137, 0
1138, 0
1139, 0
1140, 0
1141, 0
1142, 0
1143, 0
1144, 0
1145, 0
1146, 0
1147, 0
1148, 0
1149, 0
1150, 0
1151, 0
1152, 0
1153, 0
1154, 1361
1155, 1359
1156, 1358
1157, 1360
1158, 1360
1159, 1360
1160, 0
1161, 0
1162, 0
1163, 0
1164, 0
1165, 1326
1166, 0
1167, 1326
1168, 0
1169, 0
1170, 1295
1171, 1292
1172, 1291
1173, 1291
1174, 0
1175, 1294
1176, 0
1177, 0
1178, 1258
1179, 1256
1180, 1253
1181, 1252
1182, 0
1183, 1255
1184, 0
1185, 0
1186, 1217
1187, 1215
1188, 1215
1189, 1216
1190, 1216
1191, 1215
1192, 0
1193, 0
1194, 0
1195, 1199
1196, 1198
1197, 1199
1198, 1198
1199, 1199
1200, 0
1201, 0
1202, 0
1203, 0
1204, 1165
1205, 1165
1206, 1164
1207, 1165
1208, 0
1209, 0
1210, 1141
1211, 1141
1212, 1144
1213, 1144
1214, 1143
1215, 1143
1216, 0
1217, 0
1218, 0
1219, 1098
1220, 0
1221, 0
1222, 1102
1223, 1102
1224, 0
1225, 0
1226, 0
1227, 1087
1228, 1086
1229, 1086
1230, 1087
1231, 1086
1232, 0
1233, 0
1234, 0
1235, 0
1236, 1063
1237, 0
1238, 1061
1239, 1062
1240, 0
1241, 0
1242, 0
1243, 1048
1244, 1047
1245, 1045
1246, 0
1247, 1045
1248, 0
1249, 0
1250, 1017
1251, 1016
1252, 1015
1253, 1011
1254, 1012
1255, 1015
1256, 0
1257, 0
1258, 0
1259, 0
1260, 0
1261, 989
1262, 0
1263, 990
1264, 0
1265, 0
1266, 980
1267, 0
1268, 981
1269, 982
1270, 983
1271, 0
1272, 0
1273, 0
1274, 968
1275, 967
1276, 968
1277, 0
1278, 965
1279, 966
1280, 0
1281, 0
1282, 0
1283, 950
1284, 952
1285, 951
1286, 952
1287, 0
1288, 0
1289, 0
1290, 934
1291, 932
1292, 0
1293, 0
1294, 934
1295, 0
1296, 0
1297, 0
1298, 919
1299, 919
1300, 920
1301, 920
1302, 919
1303, 919
1304, 0
1305, 0
1306, 0
1307, 904
1308, 903
1309, 903
1310, 902
1311, 902
1312, 0
1313, 0
1314, 896
1315, 895
1316, 895
1317, 895
1318, 895
1319, 895
1320, 0
1321, 0
1322, 885
1323, 884
1324, 884
1325, 885
1326, 886
1327, 888
1328, 0
1329, 0
1330, 879
1331, 878
1332, 877
1333, 877
1334, 879
1335, 879
1336, 0
1337, 0
1338, 864
1339, 862
1340, 0
1341, 0
1342, 0
1343, 0
1344, 0
1345, 0
1346, 0
1347, 854
1348, 853
1349, 854
1350, 855
1351, 856
1352, 0
1353, 0
1354, 0
1355, 839
1356, 840
1357, 838
1358, 837
1359, 838
1360, 0
1361, 0
1362, 0
1363, 829
1364, 0
1365, 831
1366, 832
1367, 824
1368, 0
1369, 0
1370, 0
1371, 815
1372, 816
1373, 816
1374, 816
1375, 815
1376, 0
1377, 0
1378, 807
1379, 0
1380, 805
1381, 0
1382, 805
1383, 806
1384, 0
1385, 0
1386, 806
1387, 806
1388, 806
1389, 805
1390, 806
1391, 808
1392, 0
1393, 0
1394, 0
1395, 798
1396, 796
1397, 0
1398, 0
1399, 797
1400, 0
1401, 0
1402, 801
1403, 798
1404, 800
1405, 800
1406, 799
1407, 798
1408, 0
1409, 0
1410, 794
1411, 790
1412, 788
1413, 789
1414, 0
1415, 791
1416, 0
1417, 0
1418, 801
1419, 800
1420, 797
1421, 795
1422, 0
1423, 0
1424, 0
1425, 0
1426, 784
1427, 783
1428, 783
1429, 781
1430, 0
1431, 784
1432, 0
1433, 0
1434, 778
1435, 776
1436, 775
1437, 775
1438, 767
1439, 766
1440, 0
1441, 0
1442, 762
1443, 759
1444, 758
1445, 759
1446, 759
1447, 760
1448, 0
1449, 0
1450, 744
1451, 741
1452, 740
1453, 742
1454, 744
1455, 742
1456, 0
1457, 0
1458, 0
1459, 748
1460, 749
1461, 749
1462, 0
1463, 750
1464, 0
1465, 0
1466, 736
1467, 736
1468, 734
1469, 733
1470, 734
1471, 735
1472, 0
1473, 0
1474, 728
1475, 727
1476, 727
1477, 728
1478, 726
1479, 728
1480, 0
1481, 0
1482, 725
1483, 0
1484, 0
1485, 0
1486, 728
1487, 726
1488, 0
1489, 0
1490, 728
1491, 726
1492, 725
1493, 727
1494, 727
1495, 728
1496, 0
1497, 0
1498, 720
1499, 719
1500, 718
1501, 717
1502, 718
1503, 720
1504, 0
1505, 0
1506, 712
1507, 711
1508, 712
1509, 711
1510, 711
1511, 712
1512, 0
1513, 0
1514, 716
1515, 718
1516, 718
1517, 0
1518, 0
1519, 715
1520, 0
1521, 0
1522, 0
1523, 700
1524, 701
1525, 702
1526, 0
1527, 704
1528, 0
1529, 0
1530, 705
1531, 0
1532, 702
1533, 703
1534, 701
1535, 702
1536, 0
1537, 0
1538, 702
1539, 701
1540, 702
1541, 704
1542, 703
1543, 703
1544, 0
1545, 0
1546, 0
1547, 702
1548, 702
1549, 701
1550, 703
1551, 704
1552, 0
1553, 0
1554, 693
1555, 692
1556, 694
1557, 696
1558, 696
1559, 695
1560, 0
1561, 0
1562, 689
1563, 688
1564, 687
1565, 685
1566, 0
1567, 687
1568, 0
1569, 0
1570, 680
1571, 680
1572, 679
1573, 679
1574, 679
1575, 678
1576, 0
1577, 0
1578, 678
1579, 678
1580, 678
1581, 678
1582, 0
1583, 0
1584, 0
1585, 0
1586, 0
1587, 0
1588, 0
1589, 0
1590, 0
1591, 0
1592, 0
1593, 0
1594, 0
1595, 648
1596, 647
1597, 646
1598, 647
1599, 647
1600, 0
1601, 0
1602, 0
1603, 656
1604, 654
1605, 656
1606, 655
1607, 655
1608, 0
1609, 0
1610, 0
1611, 645
1612, 0
1613, 0
1614, 645
1615, 647
1616, 0
1617, 0
1618, 0
1619, 0
1620, 637
1621, 637
1622, 638
1623, 640
1624, 0
1625, 0
1626, 0
1627, 0
1628, 0
1629, 0
1630, 0
1631, 0
1632, 0
1633, 0
1634, 0
1635, 0
1636, 0
1637, 0
1638, 0
1639, 0
1640, 0
1641, 0
1642, 0
1643, 0
1644, 655
1645, 655
1646, 0
1647, 0
1648, 0
1649, 648
1650, 0
1651, 637
1652, 635
1653, 639
1654, 640
1655, 0
1656, 0
1657, 0
1658, 0
1659, 639
1660, 638
1661, 640
1662, 640
1663, 639
1664, 0
1665, 0
1666, 0
1667, 637
1668, 638
1669, 0
1670, 637
1671, 0
1672, 0
1673, 0
1674, 628
1675, 628
1676, 630
1677, 630
1678, 632
1679, 632
1680, 0
1681, 0
1682, 0
1683, 629
1684, 0
1685, 630
1686, 631
1687, 628
1688, 0
1689, 626
1690, 625
1691, 623
1692, 623
1693, 0
1694, 622
1695, 623
1696, 0
1697, 0
1698, 0
1699, 623
1700, 624
1701, 624
1702, 0
1703, 620
1704, 0
1705, 0
1706, 628
1707, 629
1708, 630
1709, 630
1710, 0
1711, 0
1712, 0
1713, 0
1714, 624
1715, 0
1716, 622
1717, 0
1718, 624
1719, 623
1720, 0
1721, 0
1722, 0
1723, 0
1724, 630
1725, 630
1726, 632
1727, 0
1728, 0
1729, 0
1730, 615
1731, 0
1732, 611
1733, 0
1734, 613
1735, 0
1736, 0
1737, 0
1738, 0
1739, 608
1740, 606
1741, 606
1742, 607
1743, 607
1744, 0
1745, 0
1746, 604
1747, 0
1748, 607
1749, 606
1750, 606
1751, 607
1752, 0
1753, 0
1754, 600
1755, 600
1756, 599
1757, 600
1758, 599
1759, 598
1760, 0
1761, 0
1762, 609
1763, 607
1764, 606
1765, 607
1766, 606
1767, 605
1768, 0
1769, 0
1770, 608
1771, 607
1772, 607
1773, 606
1774, 603
1775, 607
1776, 0
1777, 0
1778, 607
1779, 607
1780, 607
1781, 606
1782, 606
1783, 605
1784, 0
1785, 0
1786, 0
1787, 606
1788, 0
1789, 604
1790, 605
1791, 607
1792, 604
1793, 604
1794, 604
1795, 607
1796, 608
1797, 606
1798, 606
1799, 605
1800, 0
1801, 610
1802, 605
1803, 606
1804, 607
1805, 606
1806, 606
1807, 606
1808, 0
1809, 0
1810, 616
1811, 615
1812, 614
1813, 0
1814, 613
1815, 613
1816, 0
1817, 0
1818, 592
1819, 589
1820, 591
1821, 591
1822, 590
1823, 590
1824, 0
1825, 0
1826, 567
1827, 567
1828, 566
1829, 563
1830, 566
1831, 568
1832, 567
1833, 561
1834, 0
1835, 551
1836, 552
1837, 551
1838, 552
1839, 552
1840, 0
1841, 0
1842, 0
1843, 0
1844, 0
1845, 0
1846, 0
1847, 0
1848, 0
1849, 0
1850, 0
1851, 0
1852, 0
1853, 0
1854, 0
1855, 0
1856, 0
1857, 0
1858, 0
1859, 0
1860, 0
1861, 0
1862, 0
1863, 0
1864, 0
1865, 0
1866, 0
1867, 0
1868, 0
1869, 0
1870, 0
1871, 0
1872, 0
1873, 0
1874, 0
1875, 0
1876, 0
1877, 0
1878, 0
1879, 0
1880, 0
1881, 0
1882, 576
1883, 576
1884, 576
1885, 0
1886, 576
1887, 0
1888, 0
1889, 0
1890, 573
1891, 574
1892, 572
1893, 574
1894, 576
1895, 574
1896, 0
1897, 574
1898, 0
1899, 0
1900, 0
1901, 565
1902, 565
1903, 0
1904, 565
1905, 561
1906, 558
1907, 0
1908, 548
1909, 549
1910, 547
1911, 0
1912, 0
1913, 0
1914, 0
1915, 565
1916, 0
1917, 0
1918, 0
1919, 567
1920, 0
1921, 0
1922, 0
1923, 0
1924, 0
1925, 0
1926, 0
1927, 0
1928, 0
1929, 0
1930, 0
1931, 552
1932, 551
1933, 550
1934, 551
1935, 552
1936, 0
1937, 0
1938, 0
1939, 0
1940, 0
1941, 0
1942, 0
1943, 0
1944, 0
1945, 0
1946, 559
1947, 551
1948, 552
1949, 551
1950, 550
1951, 551
1952, 0
1953, 0
1954, 560
1955, 551
1956, 550
1957, 550
1958, 551
1959, 550
1960, 551
1961, 549
1962, 546
1963, 549
1964, 552
1965, 0
1966, 550
1967, 0
1968, 0
1969, 0
1970, 543
1971, 0
1972, 532
1973, 0
1974, 535
1975, 534
1976, 0
1977, 0
1978, 543
1979, 535
1980, 536
1981, 536
1982, 536
1983, 0
1984, 533
1985, 526
1986, 527
1987, 526
1988, 526
1989, 526
1990, 526
1991, 528
1992, 0
1993, 0
1994, 0
1995, 536
1996, 535
1997, 533
1998, 535
1999, 0
2000, 532
2001, 0
2002, 535
2003, 0
2004, 0
2005, 529
2006, 0
2007, 534
2008, 0
2009, 0
2010, 0
2011, 0
2012, 526
2013, 0
2014, 526
2015, 527
2016, 0
2017, 0
2018, 0
2019, 0
2020, 532
2021, 0
2022, 534
2023, 534
2024, 0
2025, 0
2026, 541
2027, 536
2028, 535
2029, 534
2030, 535
2031, 534
2032, 534
2033, 536
2034, 536
2035, 536
2036, 0
2037, 530
2038, 0
2039, 0
2040, 0
2041, 525
2042, 518
2043, 510
2044, 509
2045, 511
2046, 511
2047, 511
2048, 0
2049, 0
2050, 519
2051, 520
2052, 519
2053, 516
2054, 520
2055, 519
2056, 0
2057, 0
2058, 0
2059, 511
2060, 508
2061, 510
2062, 512
2063, 511
2064, 0
2065, 0
2066, 518
2067, 519
2068, 519
2069, 519
2070, 520
2071, 519
2072, 0
2073, 0
2074, 519
2075, 0
2076, 507
2077, 509
2078, 510
2079, 508
2080, 510
2081, 511
2082, 510
2083, 510
2084, 511
2085, 509
2086, 508
2087, 510
2088, 0
2089, 0
2090, 0
2091, 0
2092, 512
2093, 510
2094, 510
2095, 509
2096, 511
2097, 511
2098, 508
2099, 508
2100, 0
2101, 512
2102, 511
2103, 511
2104, 511
2105, 506
2106, 503
2107, 0
2108, 494
2109, 495
2110, 494
2111, 495
2112, 0
2113, 0
2114, 511
2115, 511
2116, 510
2117, 511
2118, 511
2119, 511
2120, 512
2121, 0
2122, 501
2123, 0
2124, 0
2125, 493
2126, 0
2127, 496
2128, 0
2129, 0
2130, 511
2131, 510
2132, 511
2133, 510
2134, 508
2135, 0
2136, 0
2137, 510
2138, 0
2139, 496
2140, 495
2141, 495
2142, 496
2143, 495
2144, 493
2145, 493
2146, 495
2147, 495
2148, 494
2149, 495
2150, 496
2151, 0
2152, 0
2153, 495
2154, 495
2155, 488
2156, 485
2157, 486
2158, 486
2159, 487
2160, 0
2161, 484
2162, 0
2163, 486
2164, 486
2165, 485
2166, 488
2167, 488
2168, 486
2169, 486
2170, 485
2171, 479
2172, 479
2173, 478
2174, 478
2175, 480
2176, 0
2177, 0
2178, 0
2179, 0
2180, 475
2181, 0
2182, 480
2183, 479
2184, 0
2185, 0
2186, 484
2187, 0
2188, 487
2189, 487
2190, 488
2191, 486
2192, 486
2193, 478
2194, 477
2195, 0
2196, 469
2197, 470
2198, 471
2199, 472
2200, 0
2201, 0
2202, 0
2203, 0
2204, 0
2205, 0
2206, 0
2207, 512
2208, 510
2209, 508
2210, 499
2211, 0
2212, 495
2213, 494
2214, 495
2215, 494
2216, 492
2217, 0
2218, 495
2219, 496
2220, 496
2221, 495
2222, 493
2223, 496
2224, 0
2225, 0
2226, 502
2227, 504
2228, 504
2229, 501
2230, 0
2231, 502
2232, 0
2233, 0
2234, 0
2235, 496
2236, 0
2237, 494
2238, 494
2239, 494
2240, 494
2241, 496
2242, 497
2243, 497
2244, 501
2245, 500
2246, 498
2247, 498
2248, 0
2249, 0
2250, 0
2251, 0
2252, 0
2253, 0
2254, 490
2255, 0
2256, 0
2257, 0
2258, 0
2259, 482
2260, 0
2261, 488
2262, 485
2263, 486
2264, 487
2265, 0
2266, 484
2267, 0
2268, 0
2269, 486
2270, 486
2271, 485
2272, 0
2273, 0
2274, 0
2275, 484
2276, 485
2277, 0
2278, 0
2279, 0
2280, 0
2281, 470
2282, 470
2283, 472
2284, 471
2285, 470
2286, 470
2287, 470
2288, 0
2289, 0
2290, 0
2291, 0
2292, 479
2293, 479
2294, 479
2295, 479
2296, 0
2297, 0
2298, 0
2299, 488
2300, 487
2301, 485
2302, 0
2303, 487
2304, 0
2305, 0
2306, 0
2307, 488
2308, 0
2309, 484
2310, 484
2311, 484
2312, 483
2313, 0
2314, 0
2315, 487
2316, 487
2317, 0
2318, 485
2319, 486
2320, 0
2321, 488
2322, 487
2323, 479
2324, 480
2325, 480
2326, 479
2327, 478
2328, 0
2329, 0
2330, 477
2331, 477
2332, 479
2333, 480
2334, 479
2335, 478
2336, 0
2337, 0
2338, 488
2339, 486
2340, 487
2341, 0
2342, 484
2343, 0
2344, 485
2345, 487
2346, 487
2347, 479
2348, 478
2349, 477
2350, 479
2351, 0
2352, 476
2353, 475
2354, 0
2355, 477
2356, 479
2357, 478
2358, 478
2359, 479
2360, 0
2361, 0
2362, 480
2363, 479
2364, 478
2365, 479
2366, 478
2367, 479
2368, 0
2369, 486
2370, 488
2371, 480
2372, 479
2373, 479
2374, 478
2375, 479
2376, 478
2377, 479
2378, 487
2379, 488
2380, 487
2381, 487
2382, 0
2383, 486
2384, 486
2385, 479
2386, 478
2387, 478
2388, 480
2389, 480
2390, 477
2391, 480
2392, 0
2393, 0
2394, 484
2395, 475
2396, 477
2397, 477
2398, 476
2399, 479
2400, 0
2401, 484
2402, 485
2403, 487
2404, 486
2405, 485
2406, 486
2407, 487
2408, 485
2409, 481
2410, 479
2411, 480
2412, 479
2413, 478
2414, 479
2415, 479
2416, 479
2417, 480
2418, 478
2419, 480
2420, 480
2421, 478
2422, 480
2423, 478
2424, 477
2425, 480
2426, 478
2427, 468
2428, 471
2429, 472
2430, 471
2431, 470
2432, 0
2433, 0
2434, 476
2435, 472
2436, 0
2437, 469
2438, 0
2439, 472
2440, 471
2441, 470
2442, 469
2443, 469
2444, 0
2445, 469
2446, 470
2447, 471
2448, 0
2449, 0
2450, 472
2451, 472
2452, 472
2453, 470
2454, 470
2455, 470
2456, 464
2457, 463
2458, 462
2459, 462
2460, 0
2461, 462
2462, 0
2463, 462
2464, 0
2465, 0
2466, 470
2467, 465
2468, 470
2469, 471
2470, 472
2471, 470
2472, 470
2473, 470
2474, 469
2475, 471
2476, 471
2477, 471
2478, 471
2479, 470
2480, 0
2481, 0
2482, 473
2483, 471
2484, 471
2485, 0
2486, 469
2487, 0
2488, 472
2489, 471
2490, 471
2491, 469
2492, 470
2493, 472
2494, 472
2495, 470
2496, 471
2497, 471
2498, 469
2499, 463
2500, 464
2501, 463
2502, 463
2503, 464
2504, 463
2505, 464
2506, 464
2507, 464
2508, 463
2509, 463
2510, 463
2511, 461
2512, 464
2513, 464
2514, 463
2515, 460
2516, 459
2517, 460
2518, 459
2519, 459
2520, 0
2521, 469
2522, 463
2523, 463
2524, 464
2525, 464
2526, 463
2527, 463
2528, 461
2529, 462
2530, 462
2531, 461
2532, 464
2533, 464
2534, 462
2535, 462
2536, 463
2537, 463
2538, 463
2539, 456
2540, 456
2541, 456
2542, 456
2543, 455
2544, 0
2545, 0
2546, 0
2547, 464
2548, 462
2549, 463
2550, 464
2551, 464
2552, 462
2553, 463
2554, 0
2555, 0
2556, 0
2557, 460
2558, 0
2559, 0
2560, 461
2561, 0
2562, 462
2563, 462
2564, 461
2565, 462
2566, 462
2567, 462
2568, 464
2569, 464
2570, 462
2571, 463
2572, 464
2573, 464
2574, 460
2575, 460
2576, 0
2577, 0
2578, 471
2579, 469
2580, 469
2581, 469
2582, 469
2583, 0
2584, 468
2585, 0
2586, 464
2587, 464
2588, 462
2589, 463
2590, 0
2591, 462
2592, 0
2593, 461
2594, 461
2595, 0
2596, 460
2597, 462
2598, 463
2599, 464
2600, 463
2601, 463
2602, 464
2603, 463
2604, 463
2605, 464
2606, 463
2607, 462
2608, 463
2609, 463
2610, 463
2611, 462
2612, 462
2613, 464
2614, 464
2615, 464
2616, 0
2617, 0
2618, 0
2619, 472
2620, 472
2621, 471
2622, 472
2623, 472
2624, 0
2625, 0
2626, 487
2627, 488
2628, 488
2629, 486
2630, 487
2631, 487
2632, 485
2633, 485
2634, 484
2635, 487
2636, 487
2637, 487
2638, 0
2639, 485
2640, 484
2641, 0
2642, 479
2643, 479
2644, 479
2645, 478
2646, 478
2647, 479
2648, 480
2649, 479
2650, 478
2651, 0
2652, 480
2653, 0
2654, 0
2655, 476
2656, 0
2657, 477
2658, 479
2659, 480
2660, 479
2661, 480
2662, 480
2663, 478
2664, 479
2665, 480
2666, 0
2667, 470
2668, 0
2669, 471
2670, 0
2671, 469
2672, 470
2673, 470
2674, 471
2675, 471
2676, 469
2677, 471
2678, 0
2679, 468
2680, 470
2681, 468
2682, 467
2683, 462
2684, 460
2685, 0
2686, 464
2687, 462
2688, 463
2689, 463
2690, 463
2691, 464
2692, 463
2693, 463
2694, 463
2695, 463
2696, 463
2697, 463
2698, 462
2699, 454
2700, 453
2701, 453
2702, 454
2703, 454
2704, 0
2705, 0
2706, 463
2707, 463
2708, 463
2709, 463
2710, 464
2711, 464
2712, 463
2713, 464
2714, 464
2715, 462
2716, 463
2717, 463
2718, 461
2719, 461
2720, 0
2721, 464
2722, 463
2723, 464
2724, 464
2725, 463
2726, 462
2727, 461
2728, 0
2729, 0
2730, 472
2731, 0
2732, 469
2733, 0
2734, 471
2735, 471
2736, 471
2737, 470
2738, 470
2739, 470
2740, 469
2741, 470
2742, 0
2743, 471
2744, 472
2745, 471
2746, 469
2747, 470
2748, 470
2749, 469
2750, 471
2751, 469
2752, 470
2753, 469
2754, 467
2755, 0
2756, 470
2757, 468
2758, 471
2759, 471
2760, 469
2761, 472
2762, 472
2763, 470
2764, 470
2765, 472
2766, 471
2767, 472
2768, 472
2769, 471
2770, 465
2771, 464
2772, 462
2773, 463
2774, 463
2775, 462
2776, 463
2777, 463
2778, 462
2779, 0
2780, 461
2781, 0
2782, 464
2783, 0
2784, 461
2785, 0
2786, 463
2787, 462
2788, 462
2789, 463
2790, 464
2791, 464
2792, 463
2793, 463
2794, 463
2795, 463
2796, 464
2797, 464
2798, 462
2799, 463
2800, 463
2801, 462
2802, 463
2803, 0
2804, 460
2805, 0
2806, 464
2807, 464
2808, 464
2809, 463
2810, 462
2811, 463
2812, 463
2813, 463
2814, 464
2815, 462
2816, 464
2817, 464
2818, 463
2819, 463
2820, 0
2821, 462
2822, 461
2823, 460
2824, 461
2825, 0
2826, 461
2827, 462
2828, 463
2829, 464
2830, 464
2831, 0
2832, 0
2833, 0
2834, 0
2835, 0
2836, 463
2837, 464
2838, 0
2839, 462
2840, 462
2841, 0
2842, 464
2843, 464
2844, 463
2845, 0
2846, 461
2847, 0
2848, 463
2849, 463
2850, 463
2851, 0
2852, 469
2853, 0
2854, 472
2855, 472
2856, 470
2857, 471
2858, 470
2859, 468
2860, 471
2861, 472
2862, 470
2863, 472
2864, 471
2865, 470
2866, 470
2867, 472
2868, 471
2869, 471
2870, 471
2871, 470
2872, 471
2873, 470
2874, 468
2875, 471
2876, 471
2877, 468
2878, 472
2879, 472
2880, 471
2881, 471
2882, 470
2883, 470
2884, 470
2885, 472
2886, 471
2887, 471
2888, 470
2889, 471
2890, 471
2891, 469
2892, 470
2893, 470
2894, 470
2895, 470
2896, 472
2897, 471
2898, 470
2899, 472
2900, 471
2901, 0
2902, 0
2903, 0
2904, 0
2905, 470
2906, 469
2907, 471
2908, 471
2909, 469
2910, 470
2911, 0
2912, 470
2913, 0
2914, 471
2915, 472
2916, 470
2917, 470
2918, 472
2919, 472
2920, 470
2921, 470
2922, 478
2923, 0
2924, 475
2925, 0
2926, 0
2927, 0
2928, 0
2929, 0
2930, 470
2931, 470
2932, 469
2933, 471
2934, 471
2935, 468
2936, 469
2937, 472
2938, 471
2939, 471
2940, 472
2941, 470
2942, 471
2943, 0
2944, 0
2945, 0
2946, 0
2947, 0
2948, 0
2949, 0
2950, 0
2951, 0
2952, 0
2953, 455
2954, 453
2955, 0
2956, 456
2957, 456
2958, 455
2959, 456
2960, 455
2961, 455
2962, 456
2963, 459
2964, 460
2965, 460
2966, 461
2967, 464
2968, 463
2969, 462
2970, 464
2971, 463
2972, 462
2973, 462
2974, 463
2975, 463
2976, 0
2977, 0
2978, 471
2979, 472
2980, 469
2981, 470
2982, 470
2983, 470
2984, 470
2985, 468
2986, 469
2987, 470
2988, 0
2989, 470
2990, 470
2991, 0
2992, 0
2993, 459
2994, 459
2995, 460
2996, 462
2997, 464
2998, 0
2999, 0
3000, 0
3001, 455
3002, 455
3003, 454
3004, 453
3005, 456
3006, 456
3007, 454
3008, 455
3009, 455
3010, 455
3011, 0
3012, 453
3013, 454
3014, 454
3015, 455
3016, 455
3017, 454
3018, 462
3019, 0
3020, 460
3021, 0
3022, 463
3023, 463
3024, 463
3025, 464
3026, 465
3027, 466
3028, 469
3029, 469
3030, 472
3031, 0
3032, 468
3033, 0
3034, 469
3035, 469
3036, 470
3037, 471
3038, 471
3039, 0
3040, 0
3041, 463
3042, 461
3043, 461
3044, 463
3045, 463
3046, 462
3047, 463
3048, 462
3049, 0
3050, 462
3051, 463
3052, 464
3053, 463
3054, 462
3055, 462
3056, 0
3057, 0
3058, 469
3059, 471
3060, 471
3061, 471
3062, 470
3063, 0
3064, 0
3065, 464
3066, 462
3067, 463
3068, 462
3069, 461
3070, 463
3071, 464
3072, 463
3073, 463
3074, 470
3075, 471
3076, 471
3077, 470
3078, 470
3079, 0
3080, 0
3081, 462
3082, 464
3083, 465
3084, 465
3085, 466
3086, 470
3087, 471
3088, 472
3089, 0
3090, 467
3091, 468
3092, 0
3093, 471
3094, 471
3095, 471
3096, 471
3097, 470
3098, 469
3099, 472
3100, 471
3101, 467
3102, 469
3103, 0
3104, 0
3105, 462
3106, 462
3107, 463
3108, 463
3109, 462
3110, 464
3111, 463
3112, 463
3113, 463
3114, 462
3115, 463
3116, 464
3117, 463
3118, 463
3119, 463
3120, 463
3121, 462
3122, 469
3123, 0
3124, 471
3125, 471
3126, 471
3127, 0
3128, 0
3129, 464
3130, 465
3131, 465
3132, 466
3133, 467
3134, 0
3135, 0
3136, 469
3137, 471
3138, 471
3139, 472
3140, 471
3141, 471
3142, 470
3143, 469
3144, 470
3145, 470
3146, 470
3147, 470
3148, 0
3149, 468
3150, 0
3151, 0
3152, 0
3153, 463
3154, 468
3155, 470
3156, 471
3157, 471
3158, 471
3159, 471
3160, 470
3161, 471
3162, 471
3163, 470
3164, 471
3165, 471
3166, 0
3167, 0
3168, 0
3169, 462
3170, 0
3171, 469
3172, 468
3173, 469
3174, 468
3175, 466
3176, 467
3177, 468
3178, 471
3179, 471
3180, 471
3181, 470
3182, 471
3183, 470
3184, 472
3185, 472
3186, 471
3187, 471
3188, 0
3189, 468
3190, 0
3191, 471
3192, 470
3193, 471
3194, 479
3195, 480
3196, 479
3197, 478
3198, 479
3199, 0
3200, 0
3201, 471
3202, 473
3203, 475
3204, 477
3205, 476
3206, 477
3207, 0
3208, 477
3209, 0
3210, 478
3211, 476
3212, 480
3213, 0
3214, 476
3215, 0
3216, 0
3217, 472
3218, 469
3219, 0
3220, 470
3221, 0
3222, 471
3223, 471
3224, 470
3225, 469
3226, 475
3227, 479
3228, 0
3229, 474
3230, 0
3231, 0
3232, 0
3233, 471
3234, 472
3235, 473
3236, 479
3237, 478
3238, 0
3239, 477
3240, 0
3241, 479
3242, 477
3243, 479
3244, 479
3245, 476
3246, 478
3247, 0
3248, 0
3249, 0
3250, 468
3251, 0
3252, 470
3253, 472
3254, 472
3255, 472
3256, 471
3257, 470
3258, 0
3259, 483
3260, 486
3261, 484
3262, 487
3263, 488
3264, 486
3265, 487
3266, 487
3267, 486
3268, 486
3269, 487
3270, 488
3271, 0
3272, 0
3273, 0
3274, 478
3275, 478
3276, 479
3277, 477
3278, 478
3279, 0
3280, 0
3281, 472
3282, 478
3283, 479
3284, 483
3285, 485
3286, 484
3287, 484
3288, 0
3289, 487
3290, 484
3291, 485
3292, 487
3293, 486
3294, 486
3295, 488
3296, 487
3297, 484
3298, 486
3299, 486
3300, 487
3301, 0
3302, 484
3303, 0
3304, 0
3305, 479
3306, 478
3307, 482
3308, 488
3309, 488
3310, 488
3311, 0
3312, 0
3313, 480
3314, 0
3315, 484
3316, 0
3317, 487
3318, 486
3319, 487
3320, 486
3321, 487
3322, 487
3323, 487
3324, 486
3325, 487
3326, 486
3327, 488
3328, 0
3329, 484
3330, 0
3331, 494
3332, 503
3333, 502
3334, 503
3335, 0
3336, 0
3337, 487
3338, 487
3339, 486
3340, 486
3341, 486
3342, 486
3343, 0
3344, 484
3345, 0
3346, 484
3347, 485
3348, 487
3349, 487
3350, 488
3351, 487
3352, 487
3353, 486
3354, 496
3355, 497
3356, 503
3357, 503
3358, 502
3359, 0
3360, 0
3361, 0
3362, 0
3363, 492
3364, 494
3365, 0
3366, 493
3367, 0
3368, 0
3369, 487
3370, 486
3371, 486
3372, 488
3373, 0
3374, 485
3375, 486
3376, 486
3377, 487
3378, 495
3379, 498
3380, 504
3381, 502
3382, 503
3383, 0
3384, 0
3385, 487
3386, 486
3387, 488
3388, 488
3389, 487
3390, 488
3391, 487
3392, 486
3393, 486
3394, 486
3395, 485
3396, 486
3397, 487
3398, 487
3399, 487
3400, 485
3401, 488
3402, 494
3403, 497
3404, 499
3405, 499
3406, 501
3407, 0
3408, 0
3409, 495
3410, 495
3411, 496
3412, 496
3413, 494
3414, 494
3415, 0
3416, 0
3417, 487
3418, 492
3419, 498
3420, 504
3421, 502
3422, 502
3423, 501
3424, 501
3425, 504
3426, 503
3427, 503
3428, 503
3429, 503
3430, 0
3431, 0
3432, 0
3433, 486
3434, 488
3435, 488
3436, 488
3437, 488
3438, 487
3439, 488
3440, 487
3441, 486
3442, 491
3443, 495
3444, 501
3445, 503
3446, 502
3447, 504
3448, 504
3449, 504
3450, 502
3451, 501
3452, 503
3453, 503
3454, 502
3455, 0
3456, 0
3457, 486
3458, 491
3459, 499
3460, 503
3461, 503
3462, 502
3463, 501
3464, 0
3465, 498
3466, 499
3467, 0
3468, 502
3469, 503
3470, 502
3471, 0
3472, 503
3473, 504
3474, 0
3475, 511
3476, 519
3477, 520
3478, 520
3479, 0
3480, 0
3481, 504
3482, 504
3483, 502
3484, 501
3485, 0
3486, 503
3487, 502
3488, 503
3489, 503
3490, 511
3491, 510
3492, 510
3493, 511
3494, 511
3495, 0
3496, 0
3497, 496
3498, 494
3499, 502
3500, 503
3501, 502
3502, 503
3503, 0
3504, 0
3505, 494
3506, 496
3507, 496
3508, 494
3509, 495
3510, 495
3511, 0
3512, 0
3513, 487
3514, 492
3515, 0
3516, 498
3517, 0
3518, 0
3519, 502
3520, 0
3521, 488
3522, 487
3523, 485
3524, 485
3525, 487
3526, 487
3527, 488
3528, 488
3529, 486
3530, 491
3531, 498
3532, 502
3533, 502
3534, 501
3535, 0
3536, 0
3537, 492
3538, 493
3539, 495
3540, 494
3541, 495
3542, 496
3543, 495
3544, 0
3545, 488
3546, 497
3547, 500
3548, 501
3549, 502
3550, 0
3551, 0
3552, 0
3553, 0
3554, 494
3555, 494
3556, 492
3557, 492
3558, 0
3559, 0
3560, 0
3561, 488
3562, 489
3563, 0
3564, 492
3565, 494
3566, 495
3567, 496
3568, 496
3569, 495
3570, 502
3571, 504
3572, 503
3573, 504
3574, 503
3575, 0
3576, 0
3577, 494
3578, 500
3579, 502
3580, 512
3581, 512
3582, 510
3583, 0
3584, 0
3585, 503
3586, 503
3587, 504
3588, 501
3589, 502
3590, 0
3591, 0
3592, 0
3593, 496
3594, 0
3595, 500
3596, 508
3597, 512
3598, 0
3599, 0
3600, 0
3601, 502
3602, 511
3603, 512
3604, 511
3605, 512
3606, 510
3607, 509
3608, 0
3609, 504
3610, 505
3611, 511
3612, 0
3613, 507
3614, 0
3615, 510
3616, 511
3617, 512
3618, 0
3619, 518
3620, 526
3621, 528
3622, 0
3623, 0
3624, 0
3625, 509
3626, 0
3627, 507
3628, 508
3629, 511
3630, 512
3631, 512
3632, 512
3633, 510
3634, 519
3635, 524
3636, 526
3637, 527
3638, 528
3639, 0
3640, 0
3641, 0
3642, 517
3643, 0
3644, 519
3645, 520
3646, 519
3647, 0
3648, 0
3649, 512
3650, 0
3651, 523
3652, 525
3653, 0
3654, 0
3655, 0
3656, 0
3657, 519
3658, 519
3659, 520
3660, 528
3661, 0
3662, 0
3663, 0
3664, 0
3665, 520
3666, 526
3667, 527
3668, 528
3669, 0
3670, 525
3671, 0
3672, 0
3673, 518
3674, 526
3675, 529
3676, 532
3677, 533
3678, 0
3679, 0
3680, 0
3681, 526
3682, 529
3683, 0
3684, 532
3685, 0
3686, 534
3687, 531
3688, 0
3689, 526
3690, 533
3691, 534
3692, 532
3693, 0
3694, 536
3695, 0
3696, 0
3697, 527
3698, 532
3699, 534
3700, 0
3701, 542
3702, 0
3703, 0
3704, 0
3705, 532
3706, 536
3707, 535
3708, 534
3709, 536
3710, 0
3711, 0
3712, 0
3713, 527
3714, 532
3715, 538
3716, 538
3717, 541
3718, 543
3719, 0
3720, 0
3721, 536
3722, 0
3723, 549
3724, 551
3725, 552
3726, 551
3727, 0
3728, 0
3729, 543
3730, 544
3731, 543
3732, 542
3733, 544
3734, 543
3735, 0
3736, 0
3737, 527
3738, 534
3739, 535
3740, 542
3741, 543
3742, 543
3743, 542
3744, 542
3745, 542
3746, 550
3747, 557
3748, 0
3749, 559
3750, 0
3751, 0
3752, 0
3753, 550
3754, 0
3755, 547
3756, 550
3757, 551
3758, 0
3759, 0
3760, 0
3761, 0
3762, 0
3763, 1
3764, 564
3765, 0
3766, 0
3767, 0
3768, 0
3769, 552
3770, 0
3771, 0
3772, 0
3773, 0
3774, 0
3775, 0
3776, 0
3777, 558
3778, 560
3779, 563
3780, 563
3781, 565
3782, 567
3783, 565
3784, 0
3785, 560
3786, 0
3787, 0
3788, 574
3789, 0
3790, 0
3791, 0
3792, 0
3793, 568
3794, 1
3795, 574
3796, 0
3797, 574
3798, 0
3799, 0
3800, 0
3801, 0
3802, 0
3803, 579
3804, 0
3805, 579
3806, 0
3807, 0
3808, 0
3809, 567
3810, 569
3811, 569
3812, 569
3813, 573
3814, 0
3815, 0
3816, 0
3817, 566
3818, 1
3819, 0
3820, 573
3821, 0
3822, 581
3823, 0
3824, 0
3825, 575
3826, 577
3827, 0
3828, 580
3829, 582
3830, 584
3831, 0
3832, 0
3833, 576
3834, 0
3835, 581
3836, 589
3837, 591
3838, 592
3839, 0
3840, 0
3841, 580
3842, 583
3843, 587
3844, 599
3845, 0
3846, 596
3847, 0
3848, 0
3849, 583
3850, 583
3851, 584
3852, 590
3853, 589
3854, 592
3855, 0
3856, 0
3857, 584
3858, 0
3859, 584
3860, 597
3861, 0
3862, 599
3863, 0
3864, 0
3865, 589
3866, 0
3867, 594
3868, 599
3869, 598
3870, 0
3871, 0
3872, 0
3873, 583
3874, 584
3875, 0
3876, 585
3877, 0
3878, 590
3879, 590
3880, 590
3881, 591
3882, 0
3883, 598
3884, 613
3885, 616
3886, 616
3887, 0
3888, 0
3889, 595
3890, 598
3891, 602
3892, 607
3893, 615
3894, 614
3895, 0
3896, 0
3897, 596
3898, 598
3899, 602
3900, 605
3901, 605
3902, 606
3903, 607
3904, 607
3905, 606
3906, 608
3907, 614
3908, 621
3909, 624
3910, 621
3911, 0
3912, 0
3913, 606
3914, 608
3915, 612
3916, 618
3917, 619
3918, 624
3919, 0
3920, 0
3921, 608
3922, 608
3923, 611
3924, 619
3925, 622
3926, 624
3927, 0
3928, 0
3929, 615
3930, 616
3931, 621
3932, 622
3933, 624
3934, 622
3935, 0
3936, 0
3937, 616
3938, 0
3939, 623
3940, 0
3941, 630
3942, 0
3943, 0
3944, 0
3945, 614
3946, 615
3947, 625
3948, 631
3949, 632
3950, 0
3951, 0
3952, 0
3953, 624
3954, 624
3955, 627
3956, 639
3957, 639
3958, 0
3959, 0
3960, 0
3961, 621
3962, 623
3963, 625
3964, 640
3965, 0
3966, 636
3967, 0
3968, 0
3969, 630
3970, 633
3971, 635
3972, 0
3973, 648
3974, 646
3975, 0
3976, 0
3977, 640
3978, 0
3979, 641
3980, 648
3981, 653
3982, 655
3983, 0
3984, 0
3985, 637
3986, 639
3987, 646
3988, 0
3989, 653
3990, 655
3991, 0
3992, 0
3993, 0
3994, 648
3995, 650
3996, 657
3997, 664
3998, 0
3999, 0
4000, 0
4001, 645
4002, 647
4003, 652
4004, 659
4005, 662
4006, 662
4007, 0
4008, 0
4009, 654
4010, 0
4011, 660
4012, 663
4013, 669
4014, 0
4015, 0
4016, 0
4017, 647
4018, 649
4019, 650
4020, 663
4021, 663
4022, 663
4023, 0
4024, 0
4025, 655
4026, 658
4027, 0
4028, 665
4029, 0
4030, 672
4031, 669
4032, 0
4033, 662
4034, 663
4035, 672
4036, 678
4037, 677
4038, 0
4039, 0
4040, 0
4041, 662
4042, 663
4043, 672
4044, 678
4045, 679
4046, 0
4047, 0
4048, 0
4049, 663
4050, 665
4051, 668
4052, 677
4053, 0
4054, 675
4055, 0
4056, 0
4057, 663
4058, 664
4059, 0
4060, 685
4061, 0
4062, 686
4063, 0
4064, 0
4065, 680
4066, 681
4067, 684
4068, 689
4069, 694
4070, 694
4071, 0
4072, 0
4073, 677
4074, 680
4075, 687
4076, 695
4077, 696
4078, 695
4079, 0
4080, 0
4081, 686
4082, 0
4083, 690
4084, 710
4085, 712
4086, 711
4087, 0
4088, 0
4089, 692
4090, 693
4091, 0
4092, 707
4093, 709
4094, 711
4095, 0
4096, 0
4097, 692
4098, 0
4099, 0
4100, 708
4101, 0
4102, 711
4103, 0
4104, 0
4105, 691
4106, 0
4107, 699
4108, 702
4109, 0
4110, 701
4111, 0
4112, 0
4113, 687
4114, 685
4115, 686
4116, 702
4117, 704
4118, 701
4119, 0
4120, 0
4121, 688
4122, 690
4123, 694
4124, 699
4125, 0
4126, 0
4127, 0
4128, 0
4129, 692
4130, 695
4131, 700
4132, 709
4133, 710
4134, 0
4135, 0
4136, 0
4137, 703
4138, 703
4139, 711
4140, 726
4141, 0
4142, 0
4143, 0
4144, 0
4145, 709
4146, 0
4147, 718
4148, 0
4149, 724
4150, 0
4151, 0
4152, 0
4153, 708
4154, 0
4155, 718
4156, 728
4157, 735
4158, 735
4159, 0
4160, 0
4161, 0
4162, 0
4163, 729
4164, 735
4165, 759
4166, 759
4167, 0
4168, 0
4169, 742
4170, 0
4171, 748
4172, 755
4173, 767
4174, 765
4175, 0
4176, 0
4177, 751
4178, 754
4179, 767
4180, 774
4181, 774
4182, 0
4183, 0
4184, 0
4185, 754
4186, 0
4187, 762
4188, 774
4189, 775
4190, 0
4191, 0
4192, 0
4193, 0
4194, 757
4195, 763
4196, 782
4197, 792
4198, 0
4199, 0
4200, 0
4201, 773
4202, 775
4203, 778
4204, 791
4205, 791
4206, 790
4207, 0
4208, 0
4209, 774
4210, 775
4211, 776
4212, 798
4213, 798
4214, 800
4215, 0
4216, 0
4217, 781
4218, 785
4219, 787
4220, 805
4221, 807
4222, 0
4223, 0
4224, 0
4225, 788
4226, 789
4227, 797
4228, 814
4229, 815
4230, 0
4231, 0
4232, 0
4233, 798
4234, 798
4235, 807
4236, 822
4237, 824
4238, 823
4239, 0
4240, 0
4241, 816
4242, 0
4243, 819
4244, 834
4245, 838
4246, 839
4247, 0
4248, 0
4249, 823
4250, 0
4251, 830
4252, 847
4253, 848
4254, 847
4255, 0
4256, 0
4257, 831
4258, 833
4259, 841
4260, 855
4261, 856
4262, 0
4263, 0
4264, 0
4265, 837
4266, 0
4267, 856
4268, 895
4269, 896
4270, 0
4271, 0
4272, 0
4273, 862
4274, 864
4275, 864
4276, 879
4277, 879
4278, 880
4279, 0
4280, 0
4281, 856
4282, 855
4283, 860
4284, 0
4285, 859
4286, 861
4287, 0
4288, 0
4289, 846
4290, 848
4291, 864
4292, 865
4293, 879
4294, 879
4295, 0
4296, 0
4297, 863
4298, 0
4299, 866
4300, 0
4301, 896
4302, 896
4303, 0
4304, 0
4305, 878
4306, 879
4307, 882
4308, 889
4309, 894
4310, 895
4311, 0
4312, 0
4313, 885
4314, 0
4315, 909
4316, 920
4317, 918
4318, 0
4319, 0
4320, 0
4321, 895
4322, 897
4323, 902
4324, 926
4325, 926
4326, 927
4327, 0
4328, 0
4329, 909
4330, 0
4331, 915
4332, 943
4333, 944
4334, 943
4335, 0
4336, 0
4337, 928
4338, 927
4339, 928
4340, 941
4341, 943
4342, 0
4343, 0
4344, 0
4345, 927
4346, 929
4347, 939
4348, 950
4349, 952
4350, 0
4351, 0
4352, 0
4353, 936
4354, 938
4355, 949
4356, 967
4357, 966
4358, 968
4359, 0
4360, 0
4361, 951
4362, 953
4363, 960
4364, 998
4365, 1000
4366, 0
4367, 0
4368, 0
4369, 984
4370, 985
4371, 1006
4372, 1022
4373, 1024
4374, 1023
4375, 0
4376, 0
4377, 1016
4378, 1017
4379, 1029
4380, 1037
4381, 1046
4382, 1044
4383, 1045
4384, 0
4385, 1040
4386, 1039
4387, 1040
4388, 1065
4389, 1120
4390, 1118
4391, 0
4392, 0
4393, 1104
4394, 0
4395, 1111
4396, 1125
4397, 1134
4398, 1135
4399, 0
4400, 0
4401, 1102
4402, 1102
4403, 1104
4404, 1109
4405, 0
4406, 1117
4407, 1118
4408, 0
4409, 1116
4410, 0
4411, 1124
4412, 1137
4413, 1160
4414, 0
4415, 0
4416, 0
4417, 1136
4418, 1138
4419, 1143
4420, 1160
4421, 1174
4422, 1174
4423, 0
4424, 0
4425, 1166
4426, 1165
4427, 1167
4428, 1208
4429, 1206
4430, 0
4431, 0
4432, 0
4433, 1192
4434, 1194
4435, 1207
4436, 1208
4437, 1222
4438, 1239
4439, 1240
4440, 1240
4441, 1239
4442, 1241
4443, 1246
4444, 1284
4445, 1294
4446, 0
4447, 0
4448, 0
4449, 1269
4450, 1269
4451, 1270
4452, 0
4453, 1309
4454, 1311
4455, 0
4456, 0
4457, 1295
4458, 1296
4459, 1299
4460, 1305
4461, 1344
4462, 1344
4463, 0
4464, 0
4465, 0
4466, 1337
4467, 1349
4468, 1385
4469, 1399
4470, 0
4471, 0
4472, 0
4473, 1376
4474, 1377
4475, 1382
4476, 0
4477, 1407
4478, 0
4479, 0
4480, 0
4481, 1399
4482, 1401
4483, 1414
4484, 1414
4485, 1463
4486, 1462
4487, 0
4488, 0
4489, 1453
4490, 0
4491, 1467
4492, 1470
4493, 1472
4494, 0
4495, 0
4496, 0
4497, 1460
4498, 1463
4499, 1466
4500, 1504
4501, 1536
4502, 0
4503, 0
4504, 0
4505, 1520
4506, 1522
4507, 1538
4508, 1599
4509, 1599
4510, 1598
4511, 1596
4512, 1598
4513, 1600
4514, 1600
4515, 1605
4516, 0
4517, 0
4518, 0
4519, 0
4520, 0
4521, 1656
4522, 1657
4523, 1660
4524, 1744
4525, 0
4526, 1804
4527, 0
4528, 0
4529, 1808
4530, 0
4531, 1815
4532, 1866
4533, 1874
4534, 1902
4535, 0
4536, 0
4537, 1894
4538, 1896
4539, 1911
4540, 2028
4541, 2045
4542, 0
4543, 0
4544, 0
4545, 0
4546, 0
4547, 0
