0, 0
1, 0
2, 0
3, 0
4, 0
5, 0
6, 0
7, 0
8, 0
9, 0
10, 0
11, 0
12, 0
13, 0
14, 0
15, 0
16, 0
17, 0
18, 0
19, 0
20, 0
21, 0
22, 0
23, 0
24, 0
25, 0
26, 0
27, 0
28, 0
29, 0
30, 0
31, 0
32, 0
33, 0
34, 0
35, 0
36, 0
37, 0
38, 0
39, 0
40, 0
41, 0
42, 0
43, 0
44, 0
45, 0
46, 0
47, 0
48, 0
49, 0
50, 0
51, 0
52, 0
53, 0
54, 0
55, 0
56, 0
57, 0
58, 0
59, 0
60, 0
61, 0
62, 0
63, 0
64, 0
65, 0
66, 0
67, 0
68, 0
69, 0
70, 0
71, 0
72, 0
73, 0
74, 0
75, 0
76, 0
77, 0
78, 0
79, 0
80, 0
81, 0
82, 0
83, 0
84, 0
85, 0
86, 0
87, 0
88, 0
89, 0
90, 0
91, 0
92, 0
93, 0
94, 0
95, 0
96, 0
97, 0
98, 0
99, 0
100, 0
101, 0
102, 0
103, 0
104, 0
105, 0
106, 0
107, 0
108, 0
109, 0
110, 0
111, 0
112, 0
113, 0
114, 0
115, 0
116, 0
117, 0
118, 0
119, 0
120, 0
121, 0
122, 0
123, 0
124, 0
125, 0
126, 0
127, 0
128, 0
129, 0
130, 0
131, 0
132, 0
133, 0
134, 0
135, 0
136, 0
137, 0
138, 0
139, 0
140, 0
141, 0
142, 0
143, 0
144, 0
145, 0
146, 0
147, 0
148, 0
149, 0
150, 0
151, 0
152, 0
153, 0
154, 0
155, 0
156, 0
157, 0
158, 0
159, 0
160, 0
161, 0
162, 0
163, 0
164, 0
165, 0
166, 0
167, 0
168, 0
169, 0
170, 0
171, 0
172, 0
173, 0
174, 0
175, 0
176, 0
177, 0
178, 0
179, 0
180, 0
181, 0
182, 0
183, 0
184, 0
185, 0
186, 0
187, 0
188, 0
189, 0
190, 0
191, 0
192, 0
193, 0
194, 0
195, 0
196, 0
197, 0
198, 0
199, 0
200, 0
201, 0
202, 0
203, 0
204, 0
205, 0
206, 0
207, 0
208, 0
209, 0
210, 0
211, 0
212, 0
213, 0
214, 0
215, 0
216, 0
217, 0
218, 0
219, 0
220, 0
221, 0
222, 0
223, 0
224, 0
225, 0
226, 0
227, 0
228, 0
229, 0
230, 0
231, 0
232, 0
233, 0
234, 0
235, 0
236, 0
237, 0
238, 0
239, 0
240, 0
241, 0
242, 0
243, 0
244, 0
245, 0
246, 0
247, 0
248, 0
249, 0
250, 0
251, 0
252, 0
253, 0
254, 0
255, 0
256, 0
257, 0
258, 0
259, 0
260, 0
261, 0
262, 0
263, 0
264, 0
265, 0
266, 0
267, 0
268, 0
269, 0
270, 0
271, 0
272, 0
273, 0
274, 0
275, 0
276, 0
277, 0
278, 0
279, 0
280, 0
281, 0
282, 0
283, 0
284, 0
285, 0
286, 0
287, 0
288, 0
289, 0
290, 0
291, 0
292, 0
293, 0
294, 0
295, 0
296, 0
297, 0
298, 0
299, 0
300, 0
301, 0
302, 0
303, 0
304, 0
305, 0
306, 0
307, 0
308, 0
309, 0
310, 0
311, 0
312, 0
313, 0
314, 0
315, 0
316, 0
317, 0
318, 0
319, 0
320, 0
321, 0
322, 0
323, 0
324, 0
325, 0
326, 0
327, 0
328, 0
329, 0
330, 0
331, 0
332, 0
333, 0
334, 0
335, 0
336, 0
337, 0
338, 0
339, 0
340, 0
341, 0
342, 0
343, 0
344, 0
345, 0
346, 0
347, 0
348, 0
349, 0
350, 0
351, 0
352, 0
353, 0
354, 0
355, 0
356, 0
357, 0
358, 0
359, 0
360, 0
361, 0
362, 0
363, 0
364, 0
365, 0
366, 0
367, 0
368, 0
369, 0
370, 0
371, 0
372, 0
373, 0
374, 0
375, 0
376, 0
377, 0
378, 0
379, 0
380, 0
381, 0
382, 0
383, 0
384, 0
385, 0
386, 0
387, 0
388, 0
389, 0
390, 0
391, 0
392, 0
393, 0
394, 0
395, 0
396, 0
397, 0
398, 0
399, 0
400, 0
401, 0
402, 0
403, 0
404, 0
405, 0
406, 0
407, 0
408, 0
409, 0
410, 0
411, 0
412, 0
413, 0
414, 0
415, 0
416, 0
417, 0
418, 0
419, 0
420, 0
421, 0
422, 0
423, 0
424, 0
425, 0
426, 0
427, 0
428, 0
429, 0
430, 0
431, 0
432, 0
433, 0
434, 0
435, 0
436, 0
437, 0
438, 0
439, 0
440, 0
441, 0
442, 0
443, 0
444, 0
445, 0
446, 0
447, 0
448, 0
449, 0
450, 0
451, 0
452, 0
453, 0
454, 0
455, 0
456, 0
457, 0
458, 0
459, 0
460, 0
461, 0
462, 0
463, 0
464, 0
465, 0
466, 0
467, 0
468, 0
469, 0
470, 0
471, 0
472, 0
473, 0
474, 0
475, 0
476, 0
477, 0
478, 0
479, 0
480, 0
481, 0
482, 0
483, 0
484, 0
485, 0
486, 0
487, 0
488, 0
489, 0
490, 0
491, 0
492, 0
493, 0
494, 0
495, 0
496, 0
497, 0
498, 0
499, 0
500, 0
501, 0
502, 0
503, 0
504, 0
505, 0
506, 0
507, 0
508, 0
509, 0
510, 0
511, 0
512, 0
513, 0
514, 0
515, 0
516, 0
517, 0
518, 0
519, 0
520, 0
521, 0
522, 0
523, 0
524, 0
525, 0
526, 0
527, 0
528, 0
529, 0
530, 0
531, 0
532, 0
533, 0
534, 0
535, 0
536, 0
537, 0
538, 0
539, 0
540, 0
541, 0
542, 0
543, 0
544, 0
545, 0
546, 0
547, 0
548, 0
549, 0
550, 0
551, 0
552, 0
553, 0
554, 0
555, 0
556, 0
557, 0
558, 0
559, 0
560, 0
561, 0
562, 0
563, 0
564, 0
565, 0
566, 0
567, 0
568, 0
569, 0
570, 0
571, 0
572, 0
573, 0
574, 0
575, 0
576, 0
577, 0
578, 0
579, 0
580, 0
581, 0
582, 0
583, 0
584, 0
585, 0
586, 0
587, 0
588, 0
589, 0
590, 0
591, 0
592, 0
593, 0
594, 0
595, 0
596, 0
597, 0
598, 0
599, 0
600, 0
601, 0
602, 0
603, 0
604, 0
605, 0
606, 0
607, 0
608, 0
609, 0
610, 0
611, 0
612, 0
613, 0
614, 0
615, 0
616, 0
617, 0
618, 0
619, 0
620, 0
621, 0
622, 0
623, 0
624, 0
625, 0
626, 0
627, 0
628, 0
629, 0
630, 0
631, 0
632, 0
633, 0
634, 0
635, 0
636, 0
637, 0
638, 0
639, 0
640, 0
641, 0
642, 0
643, 0
644, 0
645, 0
646, 0
647, 0
648, 0
649, 0
650, 0
651, 0
652, 0
653, 0
654, 0
655, 0
656, 0
657, 0
658, 0
659, 0
660, 0
661, 0
662, 0
663, 0
664, 0
665, 0
666, 0
667, 0
668, 0
669, 0
670, 0
671, 0
672, 0
673, 0
674, 0
675, 0
676, 0
677, 0
678, 0
679, 0
680, 0
681, 0
682, 0
683, 0
684, 0
685, 0
686, 0
687, 0
688, 0
689, 0
690, 0
691, 0
692, 0
693, 0
694, 0
695, 0
696, 0
697, 0
698, 0
699, 0
700, 0
701, 0
702, 0
703, 0
704, 0
705, 0
706, 0
707, 0
708, 0
709, 0
710, 0
711, 0
712, 0
713, 0
714, 0
715, 0
716, 0
717, 0
718, 0
719, 0
720, 0
721, 0
722, 0
723, 0
724, 0
725, 0
726, 0
727, 0
728, 0
729, 0
730, 0
731, 0
732, 0
733, 0
734, 0
735, 0
736, 0
737, 0
738, 0
739, 0
740, 0
741, 0
742, 0
743, 0
744, 0
745, 0
746, 0
747, 0
748, 0
749, 0
750, 0
751, 0
752, 0
753, 0
754, 0
755, 0
756, 0
757, 0
758, 0
759, 0
760, 0
761, 0
762, 0
763, 0
764, 0
765, 0
766, 0
767, 0
768, 0
769, 0
770, 0
771, 0
772, 0
773, 0
774, 0
775, 0
776, 0
777, 0
778, 0
779, 0
780, 0
781, 0
782, 0
783, 0
784, 0
785, 0
786, 0
787, 0
788, 0
789, 0
790, 0
791, 0
792, 0
793, 0
794, 0
795, 0
796, 0
797, 0
798, 0
799, 0
800, 0
801, 0
802, 0
803, 0
804, 0
805, 0
806, 0
807, 0
808, 0
809, 0
810, 0
811, 0
812, 0
813, 0
814, 0
815, 0
816, 0
817, 0
818, 0
819, 0
820, 0
821, 0
822, 0
823, 0
824, 0
825, 0
826, 0
827, 0
828, 0
829, 0
830, 0
831, 0
832, 0
833, 0
834, 0
835, 0
836, 0
837, 0
838, 0
839, 0
840, 0
841, 0
842, 0
843, 0
844, 0
845, 0
846, 0
847, 0
848, 0
849, 0
850, 0
851, 0
852, 0
853, 0
854, 0
855, 0
856, 0
857, 0
858, 0
859, 0
860, 0
861, 0
862, 0
863, 0
864, 0
865, 0
866, 0
867, 0
868, 0
869, 0
870, 0
871, 0
872, 0
873, 0
874, 0
875, 0
876, 0
877, 0
878, 0
879, 0
880, 0
881, 0
882, 0
883, 0
884, 0
885, 0
886, 0
887, 0
888, 0
889, 0
890, 0
891, 0
892, 0
893, 0
894, 0
895, 0
896, 0
897, 0
898, 0
899, 0
900, 0
901, 0
902, 0
903, 0
904, 0
905, 0
906, 0
907, 0
908, 0
909, 0
910, 0
911, 0
912, 0
913, 0
914, 0
915, 0
916, 0
917, 0
918, 0
919, 0
920, 0
921, 0
922, 0
923, 0
924, 0
925, 0
926, 0
927, 0
928, 0
929, 0
930, 0
931, 0
932, 0
933, 0
934, 0
935, 0
936, 0
937, 0
938, 0
939, 0
940, 0
941, 0
942, 0
943, 0
944, 0
945, 0
946, 0
947, 0
948, 0
949, 0
950, 0
951, 0
952, 0
953, 0
954, 0
955, 0
956, 0
957, 0
958, 0
959, 0
960, 0
961, 0
962, 0
963, 0
964, 0
965, 0
966, 0
967, 0
968, 0
969, 0
970, 0
971, 0
972, 0
973, 0
974, 0
975, 0
976, 0
977, 0
978, 0
979, 0
980, 0
981, 0
982, 0
983, 0
984, 0
985, 0
986, 0
987, 0
988, 0
989, 0
990, 0
991, 0
992, 0
993, 0
994, 0
995, 0
996, 0
997, 0
998, 0
999, 0
1000, 0
1001, 0
1002, 0
1003, 0
1004, 0
1005, 0
1006, 0
1007, 0
1008, 0
1009, 0
1010, 0
1011, 0
1012, 0
1013, 0
1014, 0
1015, 0
1016, 0
1017, 0
1018, 0
1019, 0
1020, 0
1021, 0
1022, 0
1023, 0
1024, 0
1025, 0
1026, 0
1027, 0
1028, 0
1029, 0
1030, 0
1031, 0
1032, 0
1033, 0
1034, 0
1035, 0
1036, 0
1037, 0
1038, 0
1039, 0
1040, 0
1041, 0
1042, 0
1043, 0
1044, 0
1045, 0
1046, 0
1047, 0
1048, 0
1049, 0
1050, 0
1051, 0
1052, 0
1053, 0
1054, 0
1055, 0
1056, 0
1057, 0
1058, 0
1059, 0
1060, 0
1061, 0
1062, 0
1063, 0
1064, 0
1065, 0
1066, 0
1067, 0
1068, 0
1069, 0
1070, 0
1071, 0
1072, 0
1073, -1878
1074, 0
1075, -1879
1076, -1887
1077, 0
1078, 0
1079, 0
1080, 0
1081, -1719
1082, 0
1083, 0
1084, 0
1085, 0
1086, 0
1087, 0
1088, 0
1089, -1615
1090, -1615
1091, -1618
1092, -1624
1093, 0
1094, 0
1095, 0
1096, 0
1097, -1525
1098, -1525
1099, 0
1100, -1538
1101, 0
1102, 0
1103, 0
1104, 0
1105, -1462
1106, -1461
1107, -1464
1108, -1464
1109, 0
1110, 0
1111, 0
1112, 0
1113, -1400
1114, -1401
1115, -1402
1116, -1407
1117, 0
1118, 0
1119, 0
1120, 0
1121, -1351
1122, -1351
1123, -1357
1124, -1358
1125, -1359
1126, 0
1127, 0
1128, 0
1129, -1295
1130, -1295
1131, -1299
1132, -1299
1133, -1300
1134, -1303
1135, 0
1136, 0
1137, -1248
1138, 0
1139, -1250
1140, -1255
1141, -1254
1142, 0
1143, 0
1144, 0
1145, -1215
1146, -1216
1147, -1224
1148, -1231
1149, 0
1150, 0
1151, 0
1152, 0
1153, -1174
1154, 0
1155, -1176
1156, 0
1157, -1183
1158, 0
1159, 0
1160, 0
1161, -1135
1162, -1135
1163, -1137
1164, -1142
1165, 0
1166, -1142
1167, 0
1168, 0
1169, -1096
1170, -1095
1171, -1102
1172, -1110
1173, -1110
1174, -1111
1175, 0
1176, 0
1177, -1071
1178, 0
1179, -1072
1180, -1111
1181, -1111
1182, 0
1183, 0
1184, 0
1185, -1072
1186, 0
1187, -1073
1188, -1077
1189, -1079
1190, 0
1191, 0
1192, 0
1193, -1031
1194, -1031
1195, -1034
1196, -1035
1197, 0
1198, 0
1199, 0
1200, 0
1201, -1007
1202, 0
1203, -1009
1204, 0
1205, -1023
1206, 0
1207, 0
1208, 0
1209, 0
1210, 0
1211, -992
1212, -1007
1213, -1007
1214, -1008
1215, 0
1216, 0
1217, -976
1218, -975
1219, -973
1220, -971
1221, -974
1222, 0
1223, 0
1224, 0
1225, -926
1226, -930
1227, -938
1228, -942
1229, -944
1230, 0
1231, 0
1232, 0
1233, 0
1234, -911
1235, -916
1236, 0
1237, 0
1238, 0
1239, 0
1240, 0
1241, -895
1242, -896
1243, -899
1244, -910
1245, -912
1246, 0
1247, 0
1248, 0
1249, -880
1250, -881
1251, -884
1252, -893
1253, -893
1254, 0
1255, 0
1256, 0
1257, -852
1258, -853
1259, -854
1260, -860
1261, -861
1262, 0
1263, 0
1264, 0
1265, -839
1266, 0
1267, -849
1268, -854
1269, -856
1270, 0
1271, 0
1272, 0
1273, -823
1274, 0
1275, -830
1276, 0
1277, -840
1278, -838
1279, 0
1280, 0
1281, -806
1282, -809
1283, -814
1284, -823
1285, 0
1286, 0
1287, 0
1288, 0
1289, -792
1290, 0
1291, -793
1292, -804
1293, -807
1294, -807
1295, 0
1296, 0
1297, -780
1298, -784
1299, -785
1300, -790
1301, -794
1302, 0
1303, 0
1304, 0
1305, -765
1306, -766
1307, 0
1308, -774
1309, 0
1310, 0
1311, 0
1312, 0
1313, -744
1314, -745
1315, -745
1316, -744
1317, -745
1318, -751
1319, 0
1320, 0
1321, -725
1322, -726
1323, -727
1324, 0
1325, -742
1326, 0
1327, 0
1328, 0
1329, -720
1330, 0
1331, -722
1332, -727
1333, -741
1334, -740
1335, 0
1336, 0
1337, -709
1338, -710
1339, -712
1340, -711
1341, -711
1342, -711
1343, 0
1344, 0
1345, -687
1346, -690
1347, -695
1348, -712
1349, -711
1350, 0
1351, 0
1352, 0
1353, -686
1354, -686
1355, -692
1356, -701
1357, -704
1358, 0
1359, 0
1360, 0
1361, -672
1362, -672
1363, -676
1364, -681
1365, 0
1366, 0
1367, 0
1368, 0
1369, -668
1370, -668
1371, -670
1372, 0
1373, -686
1374, 0
1375, 0
1376, 0
1377, -651
1378, -651
1379, 0
1380, -663
1381, 0
1382, 0
1383, 0
1384, 0
1385, 0
1386, 0
1387, -656
1388, 0
1389, -672
1390, 0
1391, 0
1392, 0
1393, -639
1394, -640
1395, -645
1396, -653
1397, -695
1398, 0
1399, -694
1400, 0
1401, 0
1402, -688
1403, -689
1404, -694
1405, -696
1406, 0
1407, 0
1408, 0
1409, -687
1410, 0
1411, -696
1412, -701
1413, -704
1414, 0
1415, 0
1416, 0
1417, -672
1418, -672
1419, -684
1420, -688
1421, 0
1422, 0
1423, 0
1424, 0
1425, -672
1426, -674
1427, -677
1428, -688
1429, -685
1430, -688
1431, 0
1432, 0
1433, -672
1434, 0
1435, -674
1436, -687
1437, -687
1438, -688
1439, 0
1440, 0
1441, -654
1442, -656
1443, -659
1444, -670
1445, -671
1446, -672
1447, 0
1448, 0
1449, -655
1450, -657
1451, -661
1452, -667
1453, 0
1454, 0
1455, 0
1456, 0
1457, -646
1458, -647
1459, -651
1460, 0
1461, -659
1462, 0
1463, 0
1464, 0
1465, -632
1466, -633
1467, -636
1468, -648
1469, -648
1470, -646
1471, 0
1472, 0
1473, -631
1474, -632
1475, -636
1476, -646
1477, -647
1478, 0
1479, 0
1480, 0
1481, -640
1482, -641
1483, -644
1484, -655
1485, -655
1486, -654
1487, 0
1488, 0
1489, -629
1490, 0
1491, -641
1492, -648
1493, -648
1494, 0
1495, 0
1496, 0
1497, -623
1498, 0
1499, -625
1500, -628
1501, -631
1502, -631
1503, 0
1504, 0
1505, -616
1506, 0
1507, -627
1508, -636
1509, -639
1510, -638
1511, 0
1512, 0
1513, -615
1514, -616
1515, -620
1516, -629
1517, -629
1518, -631
1519, 0
1520, 0
1521, -613
1522, -615
1523, -621
1524, -629
1525, -629
1526, -630
1527, 0
1528, 0
1529, -613
1530, -613
1531, -615
1532, -622
1533, -623
1534, -621
1535, 0
1536, 0
1537, -605
1538, -607
1539, -611
1540, -620
1541, -623
1542, -622
1543, 0
1544, 0
1545, 0
1546, -605
1547, 0
1548, 0
1549, -613
1550, -613
1551, 0
1552, 0
1553, -599
1554, -598
1555, -599
1556, -606
1557, -607
1558, 0
1559, 0
1560, 0
1561, -591
1562, -593
1563, -599
1564, -598
1565, -599
1566, -598
1567, 0
1568, 0
1569, -580
1570, 0
1571, -594
1572, -600
1573, -599
1574, -598
1575, 0
1576, 0
1577, -580
1578, 0
1579, -584
1580, -590
1581, -592
1582, 0
1583, 0
1584, 0
1585, -564
1586, -564
1587, -566
1588, -566
1589, -581
1590, -582
1591, 0
1592, 0
1593, 0
1594, 0
1595, -564
1596, -564
1597, 0
1598, -568
1599, 0
1600, 0
1601, -551
1602, 0
1603, -552
1604, -558
1605, -584
1606, 0
1607, 0
1608, 0
1609, -559
1610, 0
1611, -562
1612, -575
1613, -575
1614, -574
1615, 0
1616, 0
1617, -568
1618, 0
1619, -571
1620, -580
1621, -584
1622, -584
1623, 0
1624, 0
1625, -568
1626, -568
1627, -569
1628, -574
1629, -575
1630, 0
1631, 0
1632, 0
1633, -559
1634, -562
1635, -564
1636, -584
1637, -584
1638, -581
1639, 0
1640, 0
1641, -568
1642, 0
1643, -571
1644, -574
1645, -576
1646, -575
1647, 0
1648, 0
1649, -550
1650, -551
1651, -558
1652, -565
1653, -566
1654, -567
1655, 0
1656, 0
1657, -560
1658, 0
1659, -561
1660, 0
1661, 0
1662, -572
1663, 0
1664, 0
1665, -554
1666, 0
1667, -568
1668, -568
1669, -567
1670, 0
1671, 0
1672, 0
1673, -551
1674, -551
1675, -557
1676, 0
1677, -564
1678, 0
1679, 0
1680, 0
1681, -552
1682, -551
1683, -560
1684, -559
1685, -559
1686, 0
1687, 0
1688, 0
1689, -542
1690, -544
1691, -551
1692, -550
1693, -551
1694, -551
1695, 0
1696, 0
1697, 0
1698, 0
1699, -555
1700, -558
1701, -558
1702, -559
1703, 0
1704, 0
1705, -544
1706, -544
1707, -547
1708, -560
1709, -559
1710, -556
1711, 0
1712, 0
1713, -550
1714, -551
1715, -552
1716, 0
1717, -567
1718, 0
1719, 0
1720, 0
1721, -557
1722, -560
1723, -562
1724, -568
1725, -568
1726, 0
1727, 0
1728, 0
1729, -535
1730, -534
1731, -535
1732, -537
1733, -541
1734, 0
1735, 0
1736, 0
1737, -526
1738, -527
1739, -533
1740, -535
1741, -541
1742, -541
1743, 0
1744, 0
1745, -533
1746, -535
1747, -536
1748, -540
1749, -543
1750, -543
1751, 0
1752, 0
1753, -536
1754, 0
1755, -542
1756, 0
1757, -551
1758, -551
1759, 0
1760, 0
1761, 0
1762, 0
1763, -540
1764, -542
1765, -544
1766, 0
1767, 0
1768, 0
1769, -528
1770, -528
1771, -530
1772, -544
1773, -542
1774, 0
1775, 0
1776, 0
1777, -533
1778, -537
1779, -545
1780, -551
1781, -551
1782, -552
1783, 0
1784, 0
1785, -543
1786, -543
1787, -543
1788, -544
1789, -543
1790, 0
1791, 0
1792, 0
1793, -535
1794, -536
1795, -535
1796, -535
1797, -540
1798, 0
1799, 0
1800, 0
1801, -535
1802, -535
1803, -540
1804, -542
1805, -542
1806, -543
1807, -542
1808, -541
1809, -542
1810, 0
1811, -540
1812, -543
1813, 0
1814, 0
1815, 0
1816, 0
1817, -520
1818, -521
1819, -526
1820, -528
1821, -528
1822, -526
1823, 0
1824, 0
1825, -495
1826, -494
1827, -495
1828, -494
1829, -495
1830, 0
1831, 0
1832, 0
1833, -476
1834, 0
1835, -471
1836, 0
1837, -479
1838, -478
1839, -478
1840, -477
1841, -478
1842, -478
1843, -479
1844, -509
1845, -512
1846, 0
1847, 0
1848, 0
1849, -496
1850, -495
1851, -494
1852, -496
1853, -495
1854, -493
1855, 0
1856, 0
1857, -477
1858, -479
1859, -490
1860, -495
1861, -493
1862, -493
1863, -494
1864, -495
1865, -495
1866, -496
1867, -496
1868, -503
1869, -503
1870, -504
1871, 0
1872, 0
1873, -488
1874, 0
1875, -488
1876, 0
1877, -519
1878, 0
1879, 0
1880, 0
1881, -502
1882, -502
1883, -503
1884, -503
1885, -503
1886, 0
1887, -500
1888, -501
1889, 0
1890, 0
1891, -484
1892, 0
1893, -495
1894, -494
1895, 0
1896, 0
1897, -478
1898, -477
1899, 0
1900, -475
1901, -476
1902, -477
1903, 0
1904, 0
1905, 0
1906, 0
1907, -476
1908, -507
1909, -509
1910, -508
1911, 0
1912, 0
1913, -502
1914, -501
1915, -500
1916, -501
1917, -502
1918, -504
1919, 0
1920, 0
1921, -487
1922, -487
1923, -494
1924, 0
1925, 0
1926, -509
1927, -509
1928, -509
1929, -512
1930, 0
1931, -509
1932, -512
1933, 0
1934, 0
1935, 0
1936, 0
1937, -502
1938, -502
1939, -503
1940, -504
1941, -504
1942, -504
1943, 0
1944, 0
1945, -481
1946, -480
1947, -481
1948, -483
1949, -485
1950, -488
1951, -487
1952, -487
1953, -486
1954, -489
1955, -495
1956, -495
1957, -496
1958, -495
1959, 0
1960, 0
1961, -479
1962, -478
1963, 0
1964, -488
1965, -486
1966, -487
1967, 0
1968, 0
1969, -480
1970, -480
1971, -487
1972, -488
1973, -488
1974, -488
1975, 0
1976, 0
1977, -478
1978, -480
1979, -482
1980, -488
1981, -488
1982, -486
1983, 0
1984, 0
1985, -477
1986, -478
1987, -480
1988, -486
1989, 0
1990, -485
1991, 0
1992, 0
1993, -478
1994, -479
1995, -479
1996, -477
1997, -479
1998, 0
1999, 0
2000, 0
2001, -471
2002, -474
2003, -483
2004, -485
2005, -486
2006, -487
2007, -487
2008, -487
2009, -486
2010, -486
2011, 0
2012, -484
2013, 0
2014, -487
2015, 0
2016, 0
2017, -471
2018, -472
2019, -480
2020, -485
2021, -486
2022, -487
2023, -487
2024, -488
2025, -486
2026, -485
2027, -484
2028, -487
2029, -487
2030, -487
2031, 0
2032, 0
2033, -471
2034, -465
2035, -463
2036, -461
2037, -458
2038, 0
2039, -464
2040, -462
2041, -463
2042, -465
2043, -469
2044, -479
2045, 0
2046, 0
2047, 0
2048, 0
2049, -463
2050, -462
2051, -463
2052, -464
2053, -463
2054, -463
2055, -462
2056, -461
2057, -462
2058, -463
2059, -465
2060, -467
2061, -472
2062, -471
2063, 0
2064, 0
2065, -463
2066, 0
2067, -463
2068, -471
2069, -472
2070, -471
2071, 0
2072, 0
2073, 0
2074, -460
2075, -461
2076, -461
2077, -462
2078, -463
2079, 0
2080, 0
2081, -456
2082, 0
2083, -464
2084, -466
2085, -472
2086, -472
2087, 0
2088, 0
2089, -461
2090, 0
2091, -463
2092, -463
2093, -461
2094, -461
2095, 0
2096, 0
2097, 0
2098, -457
2099, 0
2100, -468
2101, 0
2102, 0
2103, -469
2104, 0
2105, -463
2106, -464
2107, -462
2108, -461
2109, -462
2110, -463
2111, 0
2112, -458
2113, 0
2114, -462
2115, -463
2116, -463
2117, -463
2118, 0
2119, 0
2120, 0
2121, -446
2122, -448
2123, -452
2124, -458
2125, -462
2126, -464
2127, -462
2128, -461
2129, -462
2130, 0
2131, -458
2132, -461
2133, -463
2134, 0
2135, 0
2136, 0
2137, -445
2138, -444
2139, -449
2140, -456
2141, -454
2142, -453
2143, -453
2144, -455
2145, -456
2146, -456
2147, -460
2148, -461
2149, -464
2150, -463
2151, 0
2152, 0
2153, -449
2154, 0
2155, -447
2156, -446
2157, -444
2158, 0
2159, 0
2160, 0
2161, 0
2162, -437
2163, -438
2164, -438
2165, -440
2166, 0
2167, 0
2168, 0
2169, -432
2170, -433
2171, -437
2172, -448
2173, 0
2174, -444
2175, 0
2176, 0
2177, -437
2178, -437
2179, -437
2180, -437
2181, -439
2182, -440
2183, 0
2184, 0
2185, -432
2186, 0
2187, -436
2188, 0
2189, -456
2190, -454
2191, -453
2192, 0
2193, -447
2194, -445
2195, -446
2196, -446
2197, -445
2198, -445
2199, -445
2200, -445
2201, -446
2202, -445
2203, -446
2204, -445
2205, -444
2206, -445
2207, 0
2208, 0
2209, -439
2210, -438
2211, -440
2212, -451
2213, -463
2214, -463
2215, 0
2216, 0
2217, -455
2218, -455
2219, -459
2220, -461
2221, 0
2222, -462
2223, -462
2224, -463
2225, -462
2226, -463
2227, -464
2228, -464
2229, -464
2230, -462
2231, 0
2232, 0
2233, 0
2234, 0
2235, -455
2236, -461
2237, 0
2238, 0
2239, 0
2240, -457
2241, 0
2242, -456
2243, 0
2244, -454
2245, -455
2246, -453
2247, -455
2248, -455
2249, -456
2250, 0
2251, -451
2252, 0
2253, -456
2254, 0
2255, -452
2256, 0
2257, -447
2258, -447
2259, -453
2260, -456
2261, -454
2262, -456
2263, 0
2264, 0
2265, -441
2266, -440
2267, -439
2268, -438
2269, -439
2270, -439
2271, -439
2272, -438
2273, 0
2274, 0
2275, -438
2276, 0
2277, -448
2278, -446
2279, 0
2280, 0
2281, -439
2282, -440
2283, -439
2284, -439
2285, -447
2286, -447
2287, 0
2288, 0
2289, 0
2290, -437
2291, 0
2292, -441
2293, -448
2294, -448
2295, 0
2296, 0
2297, -439
2298, -440
2299, -442
2300, -446
2301, -445
2302, -447
2303, -447
2304, -445
2305, -447
2306, -447
2307, -447
2308, -447
2309, -447
2310, -446
2311, -445
2312, -447
2313, -448
2314, -446
2315, -450
2316, -455
2317, 0
2318, 0
2319, 0
2320, 0
2321, -447
2322, -449
2323, -449
2324, -451
2325, 0
2326, -452
2327, 0
2328, 0
2329, 0
2330, -445
2331, -444
2332, -445
2333, -447
2334, -446
2335, 0
2336, 0
2337, -438
2338, -439
2339, -440
2340, -438
2341, -439
2342, -440
2343, -439
2344, -439
2345, -438
2346, -439
2347, -439
2348, -438
2349, 0
2350, -436
2351, -438
2352, 0
2353, -429
2354, -433
2355, -442
2356, 0
2357, -442
2358, -446
2359, -445
2360, -444
2361, 0
2362, -441
2363, 0
2364, -446
2365, -448
2366, -446
2367, -447
2368, 0
2369, -438
2370, -438
2371, -439
2372, -439
2373, -439
2374, -440
2375, -439
2376, -440
2377, 0
2378, -437
2379, -440
2380, 0
2381, -448
2382, 0
2383, -446
2384, -445
2385, 0
2386, 0
2387, -452
2388, -453
2389, -454
2390, -454
2391, -455
2392, -454
2393, -453
2394, 0
2395, -454
2396, -455
2397, -454
2398, -455
2399, 0
2400, 0
2401, -438
2402, -437
2403, -437
2404, -438
2405, -439
2406, -439
2407, 0
2408, -436
2409, 0
2410, -438
2411, -441
2412, -448
2413, -447
2414, -448
2415, -446
2416, -447
2417, -448
2418, -447
2419, 0
2420, -445
2421, 0
2422, -445
2423, 0
2424, 0
2425, -438
2426, -439
2427, -438
2428, -437
2429, -440
2430, 0
2431, 0
2432, 0
2433, -429
2434, -430
2435, -435
2436, -438
2437, -437
2438, 0
2439, 0
2440, 0
2441, -431
2442, -431
2443, -430
2444, -430
2445, -431
2446, -432
2447, -431
2448, -431
2449, -432
2450, -432
2451, -437
2452, -439
2453, -438
2454, -439
2455, -440
2456, -438
2457, -438
2458, -440
2459, -440
2460, -438
2461, -437
2462, -436
2463, 0
2464, 0
2465, -432
2466, -432
2467, -433
2468, -434
2469, -438
2470, -438
2471, 0
2472, 0
2473, 0
2474, -430
2475, -430
2476, -432
2477, -431
2478, -432
2479, -431
2480, -430
2481, -431
2482, -431
2483, -430
2484, -429
2485, -431
2486, -430
2487, -431
2488, -432
2489, -430
2490, 0
2491, -432
2492, -433
2493, 0
2494, -439
2495, -436
2496, -436
2497, -437
2498, 0
2499, -436
2500, 0
2501, -439
2502, 0
2503, 0
2504, 0
2505, 0
2506, -429
2507, 0
2508, -431
2509, -430
2510, -432
2511, -432
2512, -430
2513, -431
2514, -431
2515, -431
2516, -432
2517, 0
2518, -430
2519, 0
2520, 0
2521, -422
2522, -422
2523, -425
2524, -426
2525, -431
2526, -430
2527, -429
2528, -431
2529, -430
2530, -429
2531, -431
2532, -429
2533, 0
2534, -431
2535, -431
2536, -431
2537, -431
2538, -429
2539, -428
2540, -430
2541, -431
2542, -429
2543, -428
2544, 0
2545, -431
2546, -432
2547, -433
2548, -438
2549, -439
2550, 0
2551, -436
2552, 0
2553, -429
2554, -431
2555, -431
2556, -431
2557, -431
2558, -430
2559, -430
2560, -431
2561, -431
2562, -430
2563, -429
2564, 0
2565, -425
2566, -428
2567, 0
2568, 0
2569, -423
2570, -422
2571, -421
2572, -419
2573, -420
2574, -423
2575, -422
2576, -421
2577, -421
2578, -424
2579, -423
2580, -421
2581, -421
2582, -421
2583, -420
2584, -421
2585, -422
2586, -424
2587, -423
2588, -421
2589, -422
2590, -423
2591, 0
2592, -421
2593, 0
2594, -423
2595, 0
2596, -421
2597, 0
2598, 0
2599, -422
2600, 0
2601, -424
2602, -425
2603, -428
2604, -430
2605, -430
2606, -429
2607, 0
2608, -428
2609, 0
2610, -430
2611, -430
2612, -432
2613, 0
2614, -430
2615, 0
2616, 0
2617, -423
2618, -422
2619, -423
2620, -423
2621, -423
2622, 0
2623, -422
2624, 0
2625, 0
2626, 0
2627, 0
2628, -437
2629, -446
2630, -446
2631, 0
2632, 0
2633, -439
2634, -440
2635, -439
2636, -438
2637, -439
2638, 0
2639, -436
2640, -438
2641, -439
2642, -438
2643, -438
2644, -437
2645, 0
2646, -439
2647, -438
2648, -438
2649, -439
2650, -439
2651, 0
2652, -437
2653, -438
2654, -440
2655, -439
2656, -437
2657, 0
2658, -438
2659, -437
2660, -438
2661, -439
2662, -439
2663, -438
2664, -438
2665, -437
2666, 0
2667, -447
2668, -446
2669, -447
2670, -447
2671, -448
2672, -446
2673, -445
2674, -446
2675, -444
2676, 0
2677, -447
2678, -447
2679, 0
2680, 0
2681, -440
2682, -440
2683, 0
2684, -437
2685, -437
2686, -437
2687, -438
2688, -440
2689, -440
2690, -438
2691, -438
2692, -439
2693, -438
2694, -440
2695, 0
2696, -438
2697, 0
2698, -440
2699, -440
2700, -446
2701, 0
2702, -447
2703, -447
2704, 0
2705, -439
2706, 0
2707, -435
2708, -438
2709, -438
2710, -439
2711, 0
2712, 0
2713, -432
2714, -431
2715, -430
2716, -431
2717, -432
2718, -431
2719, 0
2720, -428
2721, -430
2722, -432
2723, -432
2724, -432
2725, -431
2726, -430
2727, 0
2728, 0
2729, -421
2730, -420
2731, -421
2732, -422
2733, -421
2734, -420
2735, -423
2736, -424
2737, -423
2738, -422
2739, -421
2740, -422
2741, -424
2742, -423
2743, -423
2744, 0
2745, 0
2746, -431
2747, -431
2748, -432
2749, -430
2750, 0
2751, -430
2752, -428
2753, -428
2754, 0
2755, -430
2756, -431
2757, -432
2758, -431
2759, -431
2760, -431
2761, -432
2762, -431
2763, -430
2764, -432
2765, -432
2766, -432
2767, 0
2768, 0
2769, -424
2770, -423
2771, -423
2772, -424
2773, -424
2774, -424
2775, -421
2776, -423
2777, -423
2778, -422
2779, -423
2780, -424
2781, -424
2782, -423
2783, -423
2784, -423
2785, -423
2786, -423
2787, -422
2788, -423
2789, -424
2790, -424
2791, -424
2792, -423
2793, -424
2794, -424
2795, -424
2796, -424
2797, -423
2798, -423
2799, -422
2800, -423
2801, -423
2802, -422
2803, -423
2804, -424
2805, -424
2806, -423
2807, -423
2808, -423
2809, -423
2810, -422
2811, -421
2812, -422
2813, -424
2814, -424
2815, -424
2816, -424
2817, -424
2818, -424
2819, -432
2820, -431
2821, -432
2822, -432
2823, -430
2824, -431
2825, -430
2826, -429
2827, -431
2828, -432
2829, -432
2830, -431
2831, -430
2832, -431
2833, -430
2834, -430
2835, -430
2836, -430
2837, -432
2838, -432
2839, -432
2840, -432
2841, -425
2842, -424
2843, -424
2844, -424
2845, -424
2846, -423
2847, -421
2848, -423
2849, -423
2850, -422
2851, -423
2852, -423
2853, -423
2854, -423
2855, -424
2856, -424
2857, -423
2858, -422
2859, -422
2860, -423
2861, -423
2862, -423
2863, -424
2864, 0
2865, 0
2866, -431
2867, -432
2868, -430
2869, -429
2870, 0
2871, 0
2872, -429
2873, -428
2874, 0
2875, -432
2876, -429
2877, -430
2878, -430
2879, -431
2880, -431
2881, -429
2882, -430
2883, -430
2884, -430
2885, -432
2886, -432
2887, -432
2888, -432
2889, -431
2890, -431
2891, -431
2892, -432
2893, -431
2894, -431
2895, -432
2896, -432
2897, -431
2898, -430
2899, -428
2900, -429
2901, -431
2902, -431
2903, -430
2904, 0
2905, 0
2906, 0
2907, 0
2908, -437
2909, -439
2910, -439
2911, -439
2912, -440
2913, -439
2914, -438
2915, -440
2916, -439
2917, -438
2918, -439
2919, -438
2920, -437
2921, -439
2922, -437
2923, 0
2924, -439
2925, -438
2926, -438
2927, -433
2928, -430
2929, -432
2930, -432
2931, -431
2932, -430
2933, -431
2934, -432
2935, -432
2936, -430
2937, -423
2938, -422
2939, -421
2940, -423
2941, -422
2942, -423
2943, -420
2944, -419
2945, 0
2946, -423
2947, -424
2948, 0
2949, -419
2950, 0
2951, -424
2952, -423
2953, -423
2954, -422
2955, -422
2956, -422
2957, 0
2958, -424
2959, -424
2960, -423
2961, -424
2962, 0
2963, -419
2964, 0
2965, 0
2966, 0
2967, -423
2968, -422
2969, -423
2970, -417
2971, -415
2972, -415
2973, -416
2974, -413
2975, -411
2976, -414
2977, -416
2978, -413
2979, -415
2980, -414
2981, -414
2982, -416
2983, -415
2984, 0
2985, 0
2986, -420
2987, -421
2988, -420
2989, -420
2990, -420
2991, -419
2992, 0
2993, 0
2994, -428
2995, 0
2996, -431
2997, -431
2998, -430
2999, -429
3000, -431
3001, -429
3002, -429
3003, 0
3004, -427
3005, 0
3006, 0
3007, -430
3008, 0
3009, 0
3010, 0
3011, 0
3012, -429
3013, 0
3014, -432
3015, -430
3016, -423
3017, -423
3018, -423
3019, -423
3020, -423
3021, -424
3022, -422
3023, -420
3024, -421
3025, -424
3026, -423
3027, -423
3028, -423
3029, -424
3030, -424
3031, -423
3032, -421
3033, -424
3034, -424
3035, -421
3036, -422
3037, -423
3038, -424
3039, -424
3040, -422
3041, -416
3042, -414
3043, -415
3044, -416
3045, -416
3046, -415
3047, -415
3048, -415
3049, -415
3050, -415
3051, -416
3052, -415
3053, -415
3054, -415
3055, -414
3056, 0
3057, 0
3058, 0
3059, -429
3060, -431
3061, -432
3062, -430
3063, -432
3064, -432
3065, -429
3066, -431
3067, -430
3068, -432
3069, -432
3070, -431
3071, -426
3072, -425
3073, -425
3074, -423
3075, -422
3076, -424
3077, -424
3078, -423
3079, -422
3080, 0
3081, -420
3082, 0
3083, -424
3084, -424
3085, -423
3086, -421
3087, -423
3088, -422
3089, -421
3090, -421
3091, -420
3092, -422
3093, -424
3094, -423
3095, -423
3096, -424
3097, -423
3098, -421
3099, -422
3100, -423
3101, -422
3102, -424
3103, -424
3104, -422
3105, -421
3106, -416
3107, -414
3108, -415
3109, -416
3110, -414
3111, -415
3112, 0
3113, 0
3114, 0
3115, 0
3116, -424
3117, -423
3118, -424
3119, -422
3120, -422
3121, -421
3122, -422
3123, -423
3124, -422
3125, -423
3126, -424
3127, -424
3128, 0
3129, -421
3130, 0
3131, -424
3132, -422
3133, -424
3134, -423
3135, -422
3136, -423
3137, -424
3138, 0
3139, -419
3140, 0
3141, 0
3142, -422
3143, -421
3144, -422
3145, -419
3146, -416
3147, -415
3148, -415
3149, -415
3150, -414
3151, -415
3152, 0
3153, 0
3154, -430
3155, -430
3156, -432
3157, -431
3158, -431
3159, -431
3160, -431
3161, -431
3162, -430
3163, -431
3164, -431
3165, -431
3166, -432
3167, -431
3168, -429
3169, -427
3170, -424
3171, -424
3172, -423
3173, -423
3174, -421
3175, 0
3176, -423
3177, -422
3178, -423
3179, -422
3180, -422
3181, 0
3182, -422
3183, -421
3184, -423
3185, -424
3186, -423
3187, -423
3188, -421
3189, -420
3190, -421
3191, -424
3192, 0
3193, 0
3194, 0
3195, 0
3196, -423
3197, -422
3198, -423
3199, -422
3200, 0
3201, 0
3202, -425
3203, -423
3204, -424
3205, -424
3206, -423
3207, -423
3208, -423
3209, -423
3210, -421
3211, -423
3212, -422
3213, -421
3214, -420
3215, -424
3216, -424
3217, -422
3218, -424
3219, -422
3220, -421
3221, -423
3222, -424
3223, -422
3224, 0
3225, -430
3226, -429
3227, -429
3228, -430
3229, -432
3230, -432
3231, 0
3232, 0
3233, 0
3234, 0
3235, -430
3236, -432
3237, 0
3238, -430
3239, -431
3240, -429
3241, -428
3242, -423
3243, -421
3244, -421
3245, -419
3246, -419
3247, -421
3248, 0
3249, 0
3250, -430
3251, -430
3252, -431
3253, -430
3254, -427
3255, -428
3256, 0
3257, 0
3258, -436
3259, -439
3260, -439
3261, -439
3262, -439
3263, -437
3264, -437
3265, -436
3266, -433
3267, -431
3268, -430
3269, 0
3270, -428
3271, 0
3272, -431
3273, -424
3274, -421
3275, -423
3276, -424
3277, -422
3278, -423
3279, -422
3280, 0
3281, 0
3282, -430
3283, -432
3284, -431
3285, -432
3286, -431
3287, -432
3288, 0
3289, 0
3290, -440
3291, -440
3292, -439
3293, -438
3294, 0
3295, 0
3296, -433
3297, -430
3298, -426
3299, 0
3300, -421
3301, -422
3302, 0
3303, -423
3304, 0
3305, 0
3306, 0
3307, -430
3308, -432
3309, 0
3310, -428
3311, 0
3312, 0
3313, 0
3314, -439
3315, -439
3316, -437
3317, -436
3318, 0
3319, 0
3320, -436
3321, -431
3322, 0
3323, -430
3324, -431
3325, -432
3326, -432
3327, -432
3328, -431
3329, -426
3330, 0
3331, -421
3332, -421
3333, 0
3334, 0
3335, -422
3336, 0
3337, 0
3338, -430
3339, -432
3340, -432
3341, -430
3342, -432
3343, -431
3344, 0
3345, 0
3346, -439
3347, -439
3348, -438
3349, -439
3350, -440
3351, -438
3352, 0
3353, 0
3354, -433
3355, -431
3356, -428
3357, -429
3358, 0
3359, 0
3360, -426
3361, -427
3362, -427
3363, -430
3364, -431
3365, -431
3366, -431
3367, -432
3368, 0
3369, 0
3370, -439
3371, -438
3372, -439
3373, -439
3374, -437
3375, 0
3376, 0
3377, 0
3378, 0
3379, -432
3380, -431
3381, -432
3382, -430
3383, -430
3384, -431
3385, -430
3386, -430
3387, -431
3388, -430
3389, -431
3390, -432
3391, -431
3392, 0
3393, 0
3394, -436
3395, -435
3396, 0
3397, -437
3398, -436
3399, 0
3400, 0
3401, 0
3402, -434
3403, -432
3404, -430
3405, -429
3406, 0
3407, -431
3408, -431
3409, -432
3410, -431
3411, -430
3412, -430
3413, -431
3414, -431
3415, -430
3416, 0
3417, -438
3418, -438
3419, -439
3420, -437
3421, -437
3422, -439
3423, -424
3424, 0
3425, 0
3426, -424
3427, -424
3428, -424
3429, -423
3430, -422
3431, -424
3432, 0
3433, 0
3434, 0
3435, -424
3436, -424
3437, -422
3438, -423
3439, -424
3440, -423
3441, -423
3442, -415
3443, -413
3444, 0
3445, -415
3446, -416
3447, -416
3448, 0
3449, 0
3450, -429
3451, -432
3452, -431
3453, -430
3454, -431
3455, -430
3456, -431
3457, -426
3458, 0
3459, -421
3460, 0
3461, -419
3462, 0
3463, 0
3464, 0
3465, 0
3466, -431
3467, -437
3468, -437
3469, -436
3470, -439
3471, -438
3472, 0
3473, -440
3474, -441
3475, 0
3476, -436
3477, 0
3478, -437
3479, -439
3480, 0
3481, 0
3482, -431
3483, -431
3484, -431
3485, -428
3486, 0
3487, -431
3488, 0
3489, 0
3490, -433
3491, -430
3492, -432
3493, -432
3494, -430
3495, -430
3496, -430
3497, -432
3498, -432
3499, -431
3500, -432
3501, -431
3502, -429
3503, -432
3504, 0
3505, 0
3506, -432
3507, -431
3508, -432
3509, -430
3510, -429
3511, -430
3512, 0
3513, 0
3514, -430
3515, 0
3516, -430
3517, 0
3518, -431
3519, -431
3520, 0
3521, 0
3522, -433
3523, -432
3524, -430
3525, -428
3526, -431
3527, -431
3528, 0
3529, 0
3530, 0
3531, 0
3532, -431
3533, -429
3534, -431
3535, -431
3536, 0
3537, 0
3538, -436
3539, -438
3540, -440
3541, -440
3542, -439
3543, -439
3544, -439
3545, -433
3546, -432
3547, -431
3548, -431
3549, -430
3550, -429
3551, -429
3552, 0
3553, 0
3554, -431
3555, -431
3556, -430
3557, -431
3558, -431
3559, -432
3560, 0
3561, 0
3562, -432
3563, -430
3564, -431
3565, -431
3566, -430
3567, 0
3568, 0
3569, 0
3570, -419
3571, 0
3572, -423
3573, -423
3574, -422
3575, -421
3576, 0
3577, -428
3578, -423
3579, -422
3580, -420
3581, -420
3582, -422
3583, -421
3584, 0
3585, -431
3586, -425
3587, -424
3588, -424
3589, -424
3590, -421
3591, -424
3592, 0
3593, 0
3594, -439
3595, -439
3596, -438
3597, -437
3598, 0
3599, 0
3600, -436
3601, 0
3602, -431
3603, -431
3604, -431
3605, -430
3606, -430
3607, -431
3608, 0
3609, 0
3610, -440
3611, -439
3612, -439
3613, -438
3614, -438
3615, -437
3616, 0
3617, 0
3618, 0
3619, -440
3620, -438
3621, -437
3622, 0
3623, 0
3624, 0
3625, 0
3626, -439
3627, -438
3628, -440
3629, -440
3630, -440
3631, -439
3632, 0
3633, -438
3634, -438
3635, -440
3636, 0
3637, -438
3638, 0
3639, -438
3640, 0
3641, 0
3642, -439
3643, -439
3644, -439
3645, -439
3646, 0
3647, -437
3648, 0
3649, -439
3650, -441
3651, -440
3652, -440
3653, -438
3654, -436
3655, -437
3656, 0
3657, 0
3658, -446
3659, -445
3660, -445
3661, -445
3662, 0
3663, -446
3664, -447
3665, -442
3666, -439
3667, -438
3668, -439
3669, 0
3670, -437
3671, -439
3672, 0
3673, 0
3674, -448
3675, -446
3676, -444
3677, -444
3678, -446
3679, -446
3680, 0
3681, 0
3682, -445
3683, -447
3684, 0
3685, -444
3686, 0
3687, -448
3688, 0
3689, 0
3690, -447
3691, -446
3692, 0
3693, -445
3694, 0
3695, -448
3696, 0
3697, 0
3698, 0
3699, -446
3700, -446
3701, -444
3702, 0
3703, 0
3704, 0
3705, 0
3706, 0
3707, -445
3708, -447
3709, -447
3710, -447
3711, -447
3712, 0
3713, 0
3714, 0
3715, -444
3716, -445
3717, -447
3718, -448
3719, -446
3720, 0
3721, 0
3722, 0
3723, 0
3724, -454
3725, -452
3726, -454
3727, -456
3728, 0
3729, 0
3730, -455
3731, -453
3732, -453
3733, -453
3734, -452
3735, 0
3736, 0
3737, 0
3738, -465
3739, -463
3740, -462
3741, -462
3742, 0
3743, -464
3744, -464
3745, -458
3746, -454
3747, -453
3748, -452
3749, -452
3750, -451
3751, -453
3752, 0
3753, 0
3754, 0
3755, -455
3756, -454
3757, 0
3758, -452
3759, 0
3760, 0
3761, 0
3762, 0
3763, -454
3764, -453
3765, -453
3766, -452
3767, -454
3768, 0
3769, 0
3770, 0
3771, -463
3772, -463
3773, -461
3774, -461
3775, -462
3776, 0
3777, 0
3778, -465
3779, -463
3780, -462
3781, -461
3782, -461
3783, -463
3784, 0
3785, 0
3786, -476
3787, 0
3788, -477
3789, -478
3790, -477
3791, -476
3792, 0
3793, 0
3794, -472
3795, -469
3796, -467
3797, -469
3798, 0
3799, 0
3800, 0
3801, 0
3802, -471
3803, -470
3804, -469
3805, -469
3806, -469
3807, 0
3808, 0
3809, 0
3810, 0
3811, -478
3812, -480
3813, 0
3814, -475
3815, 0
3816, 0
3817, 0
3818, -489
3819, -487
3820, -486
3821, -484
3822, 0
3823, 0
3824, 0
3825, -479
3826, 0
3827, 0
3828, -476
3829, 0
3830, -479
3831, -479
3832, 0
3833, 0
3834, -481
3835, -479
3836, -480
3837, 0
3838, -477
3839, -478
3840, 0
3841, 0
3842, 0
3843, -486
3844, -487
3845, -485
3846, -487
3847, 0
3848, -476
3849, 0
3850, 0
3851, -476
3852, -477
3853, -477
3854, -479
3855, -478
3856, 0
3857, 0
3858, -481
3859, -479
3860, -479
3861, -479
3862, -478
3863, -480
3864, 0
3865, 0
3866, -489
3867, -488
3868, -487
3869, -488
3870, -487
3871, -477
3872, 0
3873, 0
3874, 0
3875, -493
3876, -495
3877, 0
3878, -493
3879, 0
3880, 0
3881, 0
3882, 0
3883, -488
3884, -487
3885, -485
3886, -486
3887, -488
3888, 0
3889, 0
3890, -503
3891, -501
3892, -500
3893, -500
3894, 0
3895, -502
3896, 0
3897, -499
3898, -494
3899, 0
3900, 0
3901, -493
3902, 0
3903, -494
3904, 0
3905, 0
3906, 0
3907, 0
3908, 0
3909, 0
3910, -495
3911, -495
3912, 0
3913, 0
3914, 0
3915, -499
3916, -500
3917, -503
3918, -502
3919, -504
3920, 0
3921, 0
3922, -508
3923, 0
3924, -506
3925, -509
3926, -509
3927, -509
3928, 0
3929, 0
3930, 0
3931, -510
3932, -508
3933, -509
3934, -512
3935, -512
3936, -510
3937, -508
3938, -503
3939, -504
3940, -502
3941, -500
3942, -500
3943, -503
3944, 0
3945, 0
3946, -511
3947, -511
3948, -510
3949, -508
3950, -509
3951, -503
3952, 0
3953, 0
3954, -509
3955, 0
3956, -508
3957, -510
3958, -512
3959, -512
3960, 0
3961, 0
3962, 0
3963, -511
3964, -511
3965, -510
3966, -512
3967, -511
3968, 0
3969, 0
3970, -518
3971, -519
3972, -519
3973, -520
3974, -520
3975, -520
3976, 0
3977, 0
3978, 0
3979, -525
3980, -526
3981, -527
3982, -525
3983, -526
3984, 0
3985, 0
3986, 0
3987, -527
3988, -528
3989, -527
3990, -527
3991, -527
3992, 0
3993, 0
3994, -528
3995, -527
3996, -526
3997, -527
3998, -527
3999, -528
4000, 0
4001, 0
4002, 0
4003, -528
4004, -526
4005, -526
4006, -528
4007, -528
4008, 0
4009, 0
4010, -536
4011, -536
4012, -535
4013, -534
4014, -535
4015, -535
4016, 0
4017, 0
4018, -537
4019, -533
4020, 0
4021, 0
4022, -534
4023, 0
4024, 0
4025, 0
4026, -541
4027, -543
4028, -543
4029, -541
4030, 0
4031, -541
4032, 0
4033, 0
4034, -546
4035, -544
4036, -544
4037, -544
4038, -542
4039, -541
4040, 0
4041, 0
4042, -544
4043, -541
4044, 0
4045, 0
4046, -540
4047, 0
4048, 0
4049, 0
4050, -548
4051, -550
4052, -550
4053, -550
4054, 0
4055, -548
4056, 0
4057, 0
4058, 0
4059, -548
4060, -548
4061, -550
4062, 0
4063, -547
4064, 0
4065, 0
4066, -544
4067, -544
4068, -543
4069, -544
4070, -544
4071, -542
4072, 0
4073, 0
4074, -553
4075, -552
4076, -552
4077, -552
4078, -550
4079, -552
4080, 0
4081, 0
4082, -557
4083, -556
4084, -557
4085, -560
4086, -559
4087, -559
4088, 0
4089, 0
4090, -553
4091, -553
4092, 0
4093, 0
4094, -557
4095, 0
4096, 0
4097, 0
4098, -561
4099, -559
4100, -556
4101, -559
4102, -559
4103, -558
4104, 0
4105, 0
4106, -559
4107, -557
4108, -559
4109, -559
4110, -560
4111, -553
4112, 0
4113, 0
4114, -560
4115, -558
4116, -560
4117, -559
4118, -560
4119, -556
4120, 0
4121, 0
4122, 0
4123, -558
4124, -558
4125, -557
4126, -559
4127, 0
4128, 0
4129, 0
4130, 0
4131, -550
4132, -550
4133, -551
4134, -551
4135, -551
4136, 0
4137, 0
4138, -559
4139, -560
4140, -560
4141, -559
4142, -559
4143, -558
4144, 0
4145, 0
4146, -568
4147, -568
4148, -567
4149, -565
4150, -566
4151, -568
4152, 0
4153, 0
4154, -574
4155, -573
4156, -574
4157, -576
4158, 0
4159, -574
4160, 0
4161, -574
4162, -569
4163, -568
4164, -567
4165, -567
4166, -567
4167, -567
4168, 0
4169, 0
4170, 0
4171, -582
4172, -582
4173, -581
4174, 0
4175, 0
4176, 0
4177, 0
4178, 0
4179, -591
4180, -589
4181, -589
4182, -591
4183, -592
4184, 0
4185, 0
4186, -609
4187, 0
4188, -613
4189, -613
4190, 0
4191, -615
4192, 0
4193, 0
4194, -618
4195, -616
4196, -614
4197, -614
4198, -614
4199, -615
4200, 0
4201, 0
4202, -624
4203, -623
4204, -623
4205, -622
4206, 0
4207, -618
4208, 0
4209, 0
4210, -625
4211, -624
4212, 0
4213, -621
4214, 0
4215, -624
4216, 0
4217, 0
4218, 0
4219, -629
4220, -626
4221, -625
4222, 0
4223, -628
4224, 0
4225, 0
4226, 0
4227, 0
4228, -632
4229, -630
4230, -630
4231, -632
4232, 0
4233, 0
4234, -631
4235, -630
4236, -630
4237, -630
4238, -632
4239, -632
4240, 0
4241, 0
4242, 0
4243, -646
4244, 0
4245, -647
4246, -645
4247, -644
4248, 0
4249, 0
4250, -647
4251, -646
4252, -647
4253, -646
4254, 0
4255, -646
4256, 0
4257, 0
4258, 0
4259, -663
4260, -662
4261, -660
4262, -662
4263, -662
4264, 0
4265, 0
4266, -664
4267, -664
4268, -664
4269, -663
4270, -662
4271, -664
4272, 0
4273, 0
4274, 0
4275, -679
4276, -679
4277, -678
4278, 0
4279, -677
4280, 0
4281, 0
4282, -679
4283, -679
4284, -679
4285, -677
4286, -678
4287, -679
4288, 0
4289, 0
4290, 0
4291, 0
4292, 0
4293, 0
4294, 0
4295, 0
4296, 0
4297, 0
4298, 0
4299, -702
4300, -700
4301, -700
4302, 0
4303, 0
4304, 0
4305, 0
4306, 0
4307, -703
4308, 0
4309, -700
4310, 0
4311, -703
4312, 0
4313, 0
4314, 0
4315, 0
4316, 0
4317, 0
4318, 0
4319, 0
4320, 0
4321, 0
4322, 0
4323, 0
4324, 0
4325, 0
4326, 0
4327, 0
4328, 0
4329, 0
4330, 0
4331, -750
4332, -750
4333, -749
4334, 0
4335, 0
4336, 0
4337, 0
4338, -752
4339, -749
4340, -751
4341, -751
4342, -750
4343, -750
4344, 0
4345, 0
4346, 0
4347, -768
4348, -765
4349, -765
4350, -767
4351, -766
4352, 0
4353, 0
4354, -784
4355, 0
4356, -780
4357, -779
4358, 0
4359, -784
4360, 0
4361, 0
4362, 0
4363, -783
4364, -783
4365, -782
4366, -781
4367, -781
4368, 0
4369, 0
4370, 0
4371, 0
4372, 0
4373, 0
4374, 0
4375, 0
4376, 0
4377, 0
4378, 0
4379, -823
4380, -821
4381, -821
4382, -823
4383, -824
4384, 0
4385, 0
4386, 0
4387, -848
4388, -848
4389, -847
4390, -847
4391, -845
4392, 0
4393, 0
4394, 0
4395, 0
4396, 0
4397, 0
4398, 0
4399, 0
4400, 0
4401, 0
4402, 0
4403, 0
4404, 0
4405, 0
4406, 0
4407, 0
4408, 0
4409, 0
4410, 0
4411, -966
4412, -967
4413, 0
4414, -964
4415, 0
4416, 0
4417, 0
4418, 0
4419, -991
4420, -991
4421, -992
4422, 0
4423, 0
4424, 0
4425, 0
4426, 0
4427, 0
4428, -973
4429, -975
4430, -976
4431, -973
4432, 0
4433, 0
4434, 0
4435, -991
4436, -990
4437, -991
4438, -991
4439, -990
4440, 0
4441, 0
4442, 0
4443, -1024
4444, -1021
4445, -1021
4446, 0
4447, -1022
4448, 0
4449, 0
4450, 0
4451, 0
4452, -1045
4453, -1044
4454, -1046
4455, -1046
4456, 0
4457, 0
4458, -1081
4459, -1080
4460, -1080
4461, -1080
4462, -1080
4463, -1079
4464, 0
4465, 0
4466, 0
4467, -1115
4468, -1115
4469, -1115
4470, -1118
4471, 0
4472, 0
4473, 0
4474, 0
4475, -1157
4476, -1156
4477, -1159
4478, -1160
4479, -1158
4480, 0
4481, 0
4482, 0
4483, -1198
4484, 0
4485, -1198
4486, 0
4487, -1199
4488, 0
4489, 0
4490, 0
4491, 0
4492, 0
4493, -1245
4494, -1245
4495, -1247
4496, 0
4497, 0
4498, 0
4499, -1280
4500, -1279
4501, -1279
4502, -1279
4503, -1278
4504, 0
4505, 0
4506, 0
4507, -1312
4508, -1312
4509, -1310
4510, -1311
4511, -1312
4512, 0
4513, 0
4514, -1359
4515, -1359
4516, -1358
4517, -1356
4518, 0
4519, -1358
4520, 0
4521, 0
4522, -1385
4523, -1383
4524, -1381
4525, -1383
4526, -1383
4527, -1381
4528, 0
4529, 0
4530, 0
4531, -1461
4532, -1464
4533, -1463
4534, -1461
4535, -1463
4536, 0
4537, 0
4538, 0
4539, -1516
4540, -1518
4541, -1520
4542, -1519
4543, -1518
4544, 0
4545, 0
4546, 0
4547, 0
4548, 0
4549, 0
4550, 0
4551, 0
4552, 0
4553, 0
4554, 0
4555, 0
4556, 0
4557, 0
4558, 0
4559, 0
4560, 0
4561, 0
4562, 0
4563, 0
4564, 2
4565, 0
