0, 0
1, 0
2, 0
3, 0
4, 0
5, 0
6, 0
7, 0
8, 0
9, 0
10, 0
11, 0
12, 0
13, 0
14, 0
15, 0
16, 0
17, 0
18, 0
19, 0
20, 0
21, 0
22, 0
23, 0
24, 0
25, 0
26, 0
27, 0
28, 0
29, 0
30, 0
31, 0
32, 0
33, 0
34, 0
35, 0
36, 0
37, 0
38, 0
39, 0
40, 0
41, 0
42, 0
43, 0
44, 0
45, 0
46, 0
47, 0
48, 0
49, 0
50, 0
51, 0
52, 0
53, 0
54, 0
55, 0
56, 0
57, 0
58, 0
59, 0
60, 0
61, 0
62, 0
63, 0
64, 0
65, 0
66, 0
67, 0
68, 0
69, 0
70, 0
71, 0
72, 0
73, 0
74, 0
75, 0
76, 0
77, 0
78, 0
79, 0
80, 0
81, 0
82, 0
83, 0
84, 0
85, 0
86, 0
87, 0
88, 0
89, 0
90, 0
91, 0
92, 0
93, 0
94, 0
95, 0
96, 0
97, 0
98, 0
99, 0
100, 0
101, 0
102, 0
103, 0
104, 0
105, 0
106, 0
107, 0
108, 0
109, 0
110, 0
111, 0
112, 0
113, 0
114, 0
115, 0
116, 0
117, 0
118, 0
119, 0
120, 0
121, 0
122, 0
123, 0
124, 0
125, 0
126, 0
127, 0
128, 0
129, 0
130, 0
131, 0
132, 0
133, 0
134, 0
135, 0
136, 0
137, 0
138, 0
139, 0
140, 0
141, 0
142, 0
143, 0
144, 0
145, 0
146, 0
147, 0
148, 0
149, 0
150, 0
151, 0
152, 0
153, 0
154, 0
155, 0
156, 0
157, 0
158, 0
159, 0
160, 0
161, 0
162, 0
163, 0
164, 0
165, 0
166, 0
167, 0
168, 0
169, 0
170, 0
171, 0
172, 0
173, 0
174, 0
175, 0
176, 0
177, 0
178, 0
179, 0
180, 0
181, 0
182, 0
183, 0
184, 0
185, 0
186, 0
187, 0
188, 0
189, 0
190, 0
191, 0
192, 0
193, 0
194, 0
195, 0
196, 0
197, 0
198, 0
199, 0
200, 0
201, 0
202, 0
203, 0
204, 0
205, 0
206, 0
207, 0
208, 0
209, 0
210, 0
211, 0
212, 0
213, 0
214, 0
215, 0
216, 0
217, 0
218, 0
219, 0
220, 0
221, 0
222, 0
223, 0
224, 0
225, 0
226, 0
227, 0
228, 0
229, 0
230, 0
231, 0
232, 0
233, 0
234, 0
235, 0
236, 0
237, 0
238, 0
239, 0
240, 0
241, 0
242, 0
243, 0
244, 0
245, 0
246, 0
247, 0
248, 0
249, 0
250, 0
251, 0
252, 0
253, 0
254, 0
255, 0
256, 0
257, 0
258, 0
259, 0
260, 0
261, 0
262, 0
263, 0
264, 0
265, 0
266, 0
267, 0
268, 0
269, 0
270, 0
271, 0
272, 0
273, 0
274, 0
275, 0
276, 0
277, 0
278, 0
279, 0
280, 0
281, 0
282, 0
283, 0
284, 0
285, 0
286, 0
287, 0
288, 0
289, 0
290, 0
291, 0
292, 0
293, 0
294, 0
295, 0
296, 0
297, 0
298, 0
299, 0
300, 0
301, 0
302, 0
303, 0
304, 0
305, 0
306, 0
307, 0
308, 0
309, 0
310, 0
311, 0
312, 0
313, 0
314, 0
315, 0
316, 0
317, 0
318, 0
319, 0
320, 0
321, 0
322, 0
323, 0
324, 0
325, 0
326, 0
327, 0
328, 0
329, 0
330, 0
331, 0
332, 0
333, 0
334, 0
335, 0
336, 0
337, 0
338, 0
339, 0
340, 0
341, 0
342, 0
343, 0
344, 0
345, 0
346, 0
347, 0
348, 0
349, 0
350, 0
351, 0
352, 0
353, 0
354, 0
355, 0
356, 0
357, 0
358, 0
359, 0
360, 0
361, 0
362, 0
363, 0
364, 0
365, 0
366, 0
367, 0
368, 0
369, 0
370, 0
371, 0
372, 0
373, 0
374, 0
375, 0
376, 0
377, 0
378, 0
379, 0
380, 0
381, 0
382, 0
383, 0
384, 0
385, 0
386, 0
387, 0
388, 0
389, 0
390, 0
391, 0
392, 0
393, 0
394, 0
395, 0
396, 0
397, 0
398, 0
399, 0
400, 0
401, 0
402, 0
403, 0
404, 0
405, 0
406, 0
407, 0
408, 0
409, 0
410, 0
411, 0
412, 0
413, 0
414, 0
415, 0
416, 0
417, 0
418, 0
419, 0
420, 0
421, 0
422, 0
423, 0
424, 0
425, 0
426, 0
427, 0
428, 0
429, 0
430, 0
431, 0
432, 0
433, 0
434, 0
435, 0
436, 0
437, 0
438, 0
439, 0
440, 0
441, 0
442, 0
443, 0
444, 0
445, 0
446, 0
447, 0
448, 0
449, 0
450, 0
451, 0
452, 0
453, 0
454, 0
455, 0
456, 0
457, 0
458, 0
459, 0
460, 0
461, 0
462, 0
463, 0
464, 0
465, 0
466, 0
467, 0
468, 0
469, 0
470, 0
471, 0
472, 0
473, 0
474, 0
475, 0
476, 0
477, 0
478, 0
479, 0
480, 0
481, 0
482, 0
483, 0
484, 0
485, 0
486, 0
487, 0
488, 0
489, 0
490, 0
491, 0
492, 0
493, 0
494, 0
495, 0
496, 0
497, 0
498, 0
499, 0
500, 0
501, 0
502, 0
503, 0
504, 0
505, 0
506, 0
507, 0
508, 0
509, 0
510, 0
511, 0
512, 0
513, 0
514, 0
515, 0
516, 0
517, 0
518, 0
519, 0
520, 0
521, 0
522, 0
523, 0
524, 0
525, 0
526, 0
527, 0
528, 0
529, 0
530, 0
531, 0
532, 0
533, 0
534, 0
535, 0
536, 0
537, 0
538, 0
539, 0
540, 0
541, 0
542, 0
543, 0
544, 0
545, 0
546, 0
547, 0
548, 0
549, 0
550, 0
551, 0
552, 0
553, 0
554, 0
555, 0
556, 0
557, 0
558, 0
559, 0
560, 0
561, 0
562, 0
563, 0
564, 0
565, 0
566, 0
567, 0
568, 0
569, 0
570, 0
571, 0
572, 0
573, 0
574, 0
575, 0
576, 0
577, 0
578, 0
579, 0
580, 0
581, 0
582, 0
583, 0
584, 0
585, 0
586, 0
587, 0
588, 0
589, 0
590, 0
591, 0
592, 0
593, 0
594, 0
595, 0
596, 0
597, 0
598, 0
599, 0
600, 0
601, 0
602, 0
603, 0
604, 0
605, 0
606, 0
607, 0
608, 0
609, 0
610, 0
611, 0
612, 0
613, 0
614, 0
615, 0
616, 0
617, 0
618, 0
619, 0
620, 0
621, 0
622, 0
623, 0
624, 0
625, 0
626, 0
627, 0
628, 0
629, 0
630, 0
631, 0
632, 0
633, 0
634, 0
635, 0
636, 0
637, 0
638, 0
639, 0
640, 0
641, 0
642, 0
643, 0
644, 0
645, 0
646, 0
647, 0
648, 0
649, 0
650, 0
651, 0
652, 0
653, 0
654, 0
655, 0
656, 0
657, 0
658, 0
659, 0
660, 0
661, 0
662, 0
663, 0
664, 0
665, 0
666, 0
667, 0
668, 0
669, 0
670, 0
671, 0
672, 0
673, 0
674, 0
675, 0
676, 0
677, 0
678, 0
679, 0
680, 0
681, 0
682, 0
683, 0
684, 0
685, 0
686, 0
687, 0
688, 0
689, 0
690, 0
691, 0
692, 0
693, 0
694, 0
695, 0
696, 0
697, 0
698, 0
699, 0
700, 0
701, 0
702, 0
703, 0
704, 0
705, 0
706, 0
707, 0
708, 0
709, 0
710, 0
711, 0
712, 0
713, 0
714, 0
715, 0
716, 0
717, 0
718, 0
719, 0
720, 0
721, 0
722, 0
723, 0
724, 0
725, 0
726, 0
727, 0
728, 0
729, 0
730, 0
731, 0
732, 0
733, 0
734, 0
735, 0
736, 0
737, 0
738, 0
739, 0
740, 0
741, 0
742, 0
743, 0
744, 0
745, 0
746, 0
747, 0
748, 0
749, 0
750, 0
751, 0
752, 0
753, 0
754, 0
755, 0
756, 0
757, 0
758, 0
759, 0
760, 0
761, 0
762, 0
763, 0
764, 0
765, 0
766, 0
767, 0
768, 0
769, 0
770, 0
771, 0
772, 0
773, 0
774, 0
775, 0
776, 0
777, 0
778, 0
779, 0
780, 0
781, 0
782, 0
783, 0
784, 0
785, 0
786, 0
787, 0
788, 0
789, 0
790, 0
791, 0
792, 0
793, 0
794, 0
795, 0
796, 0
797, 0
798, 0
799, 0
800, 0
801, 0
802, 0
803, 0
804, 0
805, 0
806, 0
807, 0
808, 0
809, 0
810, 0
811, 0
812, 0
813, 0
814, 0
815, 0
816, 0
817, 0
818, 0
819, 0
820, 0
821, 0
822, 0
823, 0
824, 0
825, 0
826, 0
827, 0
828, 0
829, 0
830, 0
831, 0
832, 0
833, 0
834, 0
835, 0
836, 0
837, 0
838, 0
839, 0
840, 0
841, 0
842, 0
843, 0
844, 0
845, 0
846, 0
847, 0
848, 0
849, 0
850, 0
851, 0
852, 0
853, 0
854, 0
855, 0
856, 0
857, 0
858, 0
859, 0
860, 0
861, 0
862, 0
863, 0
864, 0
865, 0
866, 0
867, 0
868, 0
869, 0
870, 0
871, 0
872, 0
873, 0
874, 0
875, 0
876, 0
877, 0
878, 0
879, 0
880, 0
881, 0
882, 0
883, 0
884, 0
885, 0
886, 0
887, 0
888, 0
889, 0
890, 0
891, 0
892, 0
893, 0
894, 0
895, 0
896, 0
897, 0
898, 0
899, 0
900, 0
901, 0
902, 0
903, 0
904, 0
905, 0
906, 0
907, 0
908, 0
909, 0
910, 0
911, 0
912, 0
913, 0
914, 0
915, 0
916, 0
917, 0
918, 0
919, 0
920, 0
921, 0
922, 0
923, 0
924, 0
925, 0
926, 0
927, 0
928, 0
929, 0
930, 0
931, 0
932, 0
933, 0
934, 0
935, 0
936, 0
937, 0
938, 0
939, 0
940, 0
941, 0
942, 0
943, 0
944, 0
945, 0
946, 0
947, 0
948, 0
949, 0
950, 0
951, 0
952, 0
953, 0
954, 0
955, 0
956, 0
957, 0
958, 0
959, 0
960, 0
961, 0
962, 0
963, 0
964, 0
965, 0
966, 0
967, 0
968, 0
969, 0
970, 0
971, 0
972, 0
973, 0
974, 0
975, 0
976, 0
977, 0
978, 0
979, 0
980, 0
981, 0
982, 0
983, 0
984, 0
985, 0
986, 0
987, 0
988, 0
989, 0
990, 0
991, 0
992, 0
993, 0
994, 0
995, 0
996, 0
997, 0
998, 0
999, 0
1000, 0
1001, 0
1002, 0
1003, 0
1004, 0
1005, 0
1006, 0
1007, 0
1008, 0
1009, 0
1010, 0
1011, 0
1012, 0
1013, 0
1014, 0
1015, 0
1016, 0
1017, 0
1018, 0
1019, 0
1020, 0
1021, 0
1022, 0
1023, 0
1024, 0
1025, 0
1026, 0
1027, 0
1028, 0
1029, 0
1030, 0
1031, 0
1032, 0
1033, 0
1034, 0
1035, 0
1036, 0
1037, 0
1038, 0
1039, 0
1040, 0
1041, 0
1042, 0
1043, 0
1044, 0
1045, 0
1046, 0
1047, 0
1048, 0
1049, 0
1050, 0
1051, 0
1052, 0
1053, 0
1054, 0
1055, 0
1056, 0
1057, 0
1058, 0
1059, 0
1060, 0
1061, 0
1062, 0
1063, 0
1064, 0
1065, 0
1066, 0
1067, 0
1068, 0
1069, 0
1070, 0
1071, 0
1072, 0
1073, 2049
1074, 2017
1075, 2015
1076, 2012
1077, 2011
1078, 2011
1079, 0
1080, 0
1081, 0
1082, 0
1083, 1872
1084, 1872
1085, 0
1086, 1867
1087, 0
1088, 0
1089, 0
1090, 0
1091, 1744
1092, 1742
1093, 1742
1094, 1742
1095, 1740
1096, 0
1097, 0
1098, 1658
1099, 1655
1100, 1654
1101, 1654
1102, 1654
1103, 1655
1104, 1642
1105, 0
1106, 1566
1107, 0
1108, 1565
1109, 1566
1110, 1566
1111, 1568
1112, 0
1113, 0
1114, 1528
1115, 1528
1116, 1526
1117, 1524
1118, 1526
1119, 1513
1120, 0
1121, 0
1122, 1466
1123, 1464
1124, 1462
1125, 1461
1126, 0
1127, 1462
1128, 1456
1129, 1422
1130, 1417
1131, 1416
1132, 1415
1133, 1414
1134, 1416
1135, 1414
1136, 0
1137, 0
1138, 0
1139, 0
1140, 0
1141, 0
1142, 0
1143, 0
1144, 0
1145, 0
1146, 0
1147, 0
1148, 0
1149, 0
1150, 0
1151, 0
1152, 0
1153, 0
1154, 1303
1155, 1301
1156, 1302
1157, 1303
1158, 1304
1159, 1304
1160, 0
1161, 0
1162, 0
1163, 0
1164, 0
1165, 1278
1166, 0
1167, 1279
1168, 0
1169, 0
1170, 1241
1171, 1240
1172, 1238
1173, 1234
1174, 0
1175, 1237
1176, 0
1177, 0
1178, 1202
1179, 1200
1180, 1198
1181, 1198
1182, 0
1183, 1198
1184, 0
1185, 0
1186, 1178
1187, 1176
1188, 1174
1189, 1173
1190, 1174
1191, 1175
1192, 0
1193, 0
1194, 0
1195, 1152
1196, 1150
1197, 1149
1198, 1150
1199, 1152
1200, 0
1201, 0
1202, 0
1203, 0
1204, 1126
1205, 1125
1206, 1125
1207, 1126
1208, 0
1209, 0
1210, 1095
1211, 1095
1212, 1095
1213, 1096
1214, 1095
1215, 1081
1216, 0
1217, 0
1218, 0
1219, 1053
1220, 0
1221, 0
1222, 1053
1223, 1051
1224, 0
1225, 0
1226, 0
1227, 1046
1228, 1046
1229, 1045
1230, 1047
1231, 1047
1232, 0
1233, 0
1234, 0
1235, 0
1236, 1022
1237, 0
1238, 1021
1239, 1008
1240, 0
1241, 0
1242, 0
1243, 999
1244, 999
1245, 998
1246, 0
1247, 988
1248, 0
1249, 0
1250, 976
1251, 976
1252, 976
1253, 972
1254, 975
1255, 976
1256, 0
1257, 0
1258, 0
1259, 0
1260, 0
1261, 948
1262, 0
1263, 942
1264, 0
1265, 0
1266, 935
1267, 0
1268, 933
1269, 934
1270, 934
1271, 0
1272, 0
1273, 0
1274, 928
1275, 926
1276, 925
1277, 0
1278, 923
1279, 925
1280, 0
1281, 0
1282, 0
1283, 912
1284, 912
1285, 910
1286, 911
1287, 0
1288, 0
1289, 0
1290, 897
1291, 894
1292, 0
1293, 0
1294, 893
1295, 0
1296, 0
1297, 0
1298, 889
1299, 887
1300, 886
1301, 886
1302, 887
1303, 886
1304, 0
1305, 0
1306, 0
1307, 871
1308, 868
1309, 869
1310, 871
1311, 871
1312, 0
1313, 0
1314, 864
1315, 862
1316, 862
1317, 863
1318, 862
1319, 862
1320, 0
1321, 0
1322, 856
1323, 854
1324, 854
1325, 853
1326, 853
1327, 855
1328, 0
1329, 0
1330, 834
1331, 832
1332, 830
1333, 831
1334, 832
1335, 831
1336, 0
1337, 0
1338, 830
1339, 829
1340, 0
1341, 0
1342, 0
1343, 0
1344, 0
1345, 0
1346, 0
1347, 815
1348, 814
1349, 814
1350, 815
1351, 816
1352, 0
1353, 0
1354, 0
1355, 816
1356, 815
1357, 813
1358, 814
1359, 815
1360, 0
1361, 0
1362, 0
1363, 797
1364, 0
1365, 800
1366, 799
1367, 798
1368, 0
1369, 0
1370, 0
1371, 789
1372, 792
1373, 792
1374, 791
1375, 792
1376, 0
1377, 0
1378, 784
1379, 0
1380, 780
1381, 0
1382, 782
1383, 784
1384, 0
1385, 0
1386, 773
1387, 774
1388, 776
1389, 775
1390, 775
1391, 776
1392, 0
1393, 0
1394, 0
1395, 773
1396, 772
1397, 0
1398, 0
1399, 774
1400, 0
1401, 0
1402, 769
1403, 766
1404, 766
1405, 766
1406, 766
1407, 765
1408, 0
1409, 0
1410, 774
1411, 772
1412, 772
1413, 773
1414, 0
1415, 776
1416, 0
1417, 0
1418, 775
1419, 775
1420, 772
1421, 768
1422, 0
1423, 0
1424, 0
1425, 0
1426, 762
1427, 760
1428, 759
1429, 757
1430, 0
1431, 757
1432, 0
1433, 0
1434, 753
1435, 752
1436, 752
1437, 751
1438, 751
1439, 751
1440, 0
1441, 0
1442, 745
1443, 743
1444, 742
1445, 740
1446, 742
1447, 744
1448, 0
1449, 0
1450, 728
1451, 726
1452, 727
1453, 728
1454, 728
1455, 728
1456, 0
1457, 0
1458, 0
1459, 735
1460, 734
1461, 733
1462, 0
1463, 735
1464, 0
1465, 0
1466, 717
1467, 718
1468, 717
1469, 717
1470, 717
1471, 717
1472, 0
1473, 0
1474, 713
1475, 708
1476, 706
1477, 709
1478, 710
1479, 711
1480, 0
1481, 0
1482, 709
1483, 0
1484, 0
1485, 0
1486, 712
1487, 711
1488, 0
1489, 0
1490, 705
1491, 702
1492, 703
1493, 703
1494, 703
1495, 704
1496, 0
1497, 0
1498, 703
1499, 703
1500, 702
1501, 700
1502, 702
1503, 704
1504, 0
1505, 0
1506, 705
1507, 703
1508, 703
1509, 702
1510, 701
1511, 702
1512, 0
1513, 0
1514, 703
1515, 701
1516, 702
1517, 0
1518, 0
1519, 699
1520, 0
1521, 0
1522, 0
1523, 687
1524, 685
1525, 686
1526, 0
1527, 682
1528, 0
1529, 0
1530, 687
1531, 0
1532, 685
1533, 687
1534, 686
1535, 685
1536, 0
1537, 0
1538, 686
1539, 687
1540, 686
1541, 685
1542, 685
1543, 687
1544, 0
1545, 0
1546, 0
1547, 687
1548, 685
1549, 685
1550, 687
1551, 679
1552, 0
1553, 0
1554, 678
1555, 678
1556, 679
1557, 678
1558, 679
1559, 679
1560, 0
1561, 0
1562, 680
1563, 680
1564, 678
1565, 675
1566, 0
1567, 678
1568, 0
1569, 0
1570, 666
1571, 664
1572, 663
1573, 662
1574, 662
1575, 663
1576, 0
1577, 0
1578, 664
1579, 662
1580, 662
1581, 663
1582, 0
1583, 0
1584, 0
1585, 0
1586, 0
1587, 0
1588, 0
1589, 0
1590, 0
1591, 0
1592, 0
1593, 0
1594, 0
1595, 631
1596, 629
1597, 630
1598, 632
1599, 631
1600, 0
1601, 0
1602, 0
1603, 638
1604, 636
1605, 637
1606, 635
1607, 636
1608, 0
1609, 0
1610, 0
1611, 636
1612, 0
1613, 0
1614, 637
1615, 639
1616, 0
1617, 0
1618, 0
1619, 0
1620, 628
1621, 627
1622, 630
1623, 631
1624, 0
1625, 0
1626, 0
1627, 0
1628, 0
1629, 0
1630, 0
1631, 0
1632, 0
1633, 0
1634, 0
1635, 0
1636, 0
1637, 0
1638, 0
1639, 0
1640, 0
1641, 0
1642, 0
1643, 0
1644, 639
1645, 639
1646, 0
1647, 0
1648, 0
1649, 624
1650, 0
1651, 623
1652, 622
1653, 623
1654, 624
1655, 0
1656, 0
1657, 0
1658, 0
1659, 628
1660, 629
1661, 630
1662, 630
1663, 630
1664, 0
1665, 0
1666, 0
1667, 622
1668, 621
1669, 0
1670, 620
1671, 0
1672, 0
1673, 0
1674, 615
1675, 615
1676, 614
1677, 613
1678, 614
1679, 613
1680, 0
1681, 0
1682, 0
1683, 618
1684, 0
1685, 622
1686, 622
1687, 622
1688, 0
1689, 622
1690, 618
1691, 616
1692, 614
1693, 0
1694, 613
1695, 615
1696, 0
1697, 0
1698, 0
1699, 616
1700, 616
1701, 616
1702, 0
1703, 610
1704, 0
1705, 0
1706, 624
1707, 624
1708, 623
1709, 621
1710, 0
1711, 0
1712, 0
1713, 0
1714, 615
1715, 0
1716, 612
1717, 0
1718, 615
1719, 615
1720, 0
1721, 0
1722, 0
1723, 0
1724, 606
1725, 606
1726, 606
1727, 0
1728, 0
1729, 0
1730, 607
1731, 0
1732, 605
1733, 0
1734, 603
1735, 0
1736, 0
1737, 0
1738, 0
1739, 600
1740, 598
1741, 599
1742, 599
1743, 600
1744, 0
1745, 0
1746, 606
1747, 0
1748, 607
1749, 606
1750, 608
1751, 608
1752, 0
1753, 0
1754, 599
1755, 600
1756, 599
1757, 599
1758, 600
1759, 599
1760, 0
1761, 0
1762, 606
1763, 608
1764, 606
1765, 605
1766, 606
1767, 606
1768, 0
1769, 0
1770, 602
1771, 600
1772, 599
1773, 599
1774, 598
1775, 600
1776, 0
1777, 0
1778, 599
1779, 597
1780, 596
1781, 599
1782, 600
1783, 597
1784, 0
1785, 0
1786, 0
1787, 606
1788, 0
1789, 608
1790, 607
1791, 606
1792, 606
1793, 607
1794, 605
1795, 607
1796, 608
1797, 607
1798, 607
1799, 607
1800, 0
1801, 614
1802, 606
1803, 607
1804, 608
1805, 607
1806, 607
1807, 606
1808, 0
1809, 0
1810, 604
1811, 604
1812, 606
1813, 0
1814, 605
1815, 605
1816, 0
1817, 0
1818, 570
1819, 567
1820, 567
1821, 567
1822, 566
1823, 566
1824, 0
1825, 0
1826, 0
1827, 558
1828, 557
1829, 556
1830, 558
1831, 559
1832, 560
1833, 559
1834, 550
1835, 543
1836, 544
1837, 543
1838, 542
1839, 544
1840, 0
1841, 0
1842, 0
1843, 0
1844, 0
1845, 0
1846, 0
1847, 0
1848, 0
1849, 0
1850, 0
1851, 0
1852, 0
1853, 0
1854, 0
1855, 0
1856, 0
1857, 0
1858, 0
1859, 0
1860, 0
1861, 0
1862, 0
1863, 0
1864, 0
1865, 0
1866, 0
1867, 0
1868, 0
1869, 0
1870, 0
1871, 0
1872, 0
1873, 0
1874, 0
1875, 0
1876, 0
1877, 0
1878, 0
1879, 0
1880, 0
1881, 0
1882, 0
1883, 576
1884, 576
1885, 575
1886, 576
1887, 0
1888, 0
1889, 0
1890, 0
1891, 568
1892, 566
1893, 565
1894, 567
1895, 563
1896, 0
1897, 569
1898, 567
1899, 0
1900, 565
1901, 565
1902, 565
1903, 568
1904, 0
1905, 563
1906, 0
1907, 0
1908, 546
1909, 546
1910, 546
1911, 0
1912, 0
1913, 0
1914, 0
1915, 560
1916, 559
1917, 559
1918, 559
1919, 559
1920, 0
1921, 0
1922, 0
1923, 0
1924, 0
1925, 0
1926, 0
1927, 0
1928, 0
1929, 0
1930, 0
1931, 551
1932, 550
1933, 552
1934, 552
1935, 552
1936, 0
1937, 0
1938, 0
1939, 0
1940, 0
1941, 0
1942, 0
1943, 0
1944, 0
1945, 0
1946, 552
1947, 551
1948, 551
1949, 552
1950, 552
1951, 551
1952, 0
1953, 0
1954, 564
1955, 558
1956, 557
1957, 557
1958, 558
1959, 559
1960, 558
1961, 552
1962, 550
1963, 543
1964, 544
1965, 0
1966, 542
1967, 0
1968, 0
1969, 0
1970, 535
1971, 0
1972, 534
1973, 0
1974, 535
1975, 533
1976, 0
1977, 0
1978, 543
1979, 536
1980, 536
1981, 536
1982, 536
1983, 0
1984, 532
1985, 526
1986, 534
1987, 534
1988, 533
1989, 535
1990, 535
1991, 535
1992, 0
1993, 0
1994, 0
1995, 541
1996, 541
1997, 541
1998, 541
1999, 0
2000, 542
2001, 0
2002, 534
2003, 0
2004, 0
2005, 530
2006, 0
2007, 534
2008, 0
2009, 0
2010, 0
2011, 0
2012, 526
2013, 0
2014, 528
2015, 527
2016, 0
2017, 0
2018, 0
2019, 0
2020, 532
2021, 0
2022, 534
2023, 533
2024, 0
2025, 0
2026, 548
2027, 543
2028, 543
2029, 539
2030, 543
2031, 543
2032, 542
2033, 538
2034, 536
2035, 535
2036, 0
2037, 532
2038, 0
2039, 0
2040, 0
2041, 521
2042, 520
2043, 511
2044, 512
2045, 512
2046, 511
2047, 511
2048, 0
2049, 0
2050, 519
2051, 520
2052, 519
2053, 517
2054, 520
2055, 520
2056, 0
2057, 0
2058, 0
2059, 512
2060, 511
2061, 510
2062, 512
2063, 512
2064, 0
2065, 0
2066, 519
2067, 519
2068, 520
2069, 520
2070, 518
2071, 517
2072, 0
2073, 0
2074, 520
2075, 0
2076, 510
2077, 508
2078, 507
2079, 508
2080, 510
2081, 510
2082, 508
2083, 510
2084, 510
2085, 509
2086, 510
2087, 508
2088, 0
2089, 0
2090, 0
2091, 0
2092, 519
2093, 517
2094, 517
2095, 519
2096, 519
2097, 512
2098, 508
2099, 509
2100, 0
2101, 512
2102, 511
2103, 511
2104, 511
2105, 510
2106, 510
2107, 0
2108, 501
2109, 502
2110, 503
2111, 501
2112, 0
2113, 0
2114, 511
2115, 511
2116, 510
2117, 510
2118, 510
2119, 510
2120, 512
2121, 0
2122, 508
2123, 0
2124, 0
2125, 501
2126, 0
2127, 503
2128, 0
2129, 0
2130, 513
2131, 511
2132, 511
2133, 509
2134, 506
2135, 0
2136, 0
2137, 509
2138, 0
2139, 502
2140, 502
2141, 502
2142, 503
2143, 504
2144, 503
2145, 497
2146, 496
2147, 495
2148, 495
2149, 495
2150, 496
2151, 0
2152, 0
2153, 496
2154, 495
2155, 496
2156, 494
2157, 492
2158, 493
2159, 494
2160, 0
2161, 500
2162, 0
2163, 495
2164, 493
2165, 493
2166, 495
2167, 495
2168, 494
2169, 489
2170, 487
2171, 487
2172, 486
2173, 487
2174, 487
2175, 488
2176, 0
2177, 0
2178, 0
2179, 0
2180, 484
2181, 0
2182, 488
2183, 486
2184, 0
2185, 0
2186, 485
2187, 0
2188, 487
2189, 485
2190, 486
2191, 486
2192, 484
2193, 486
2194, 487
2195, 0
2196, 477
2197, 478
2198, 478
2199, 479
2200, 0
2201, 0
2202, 0
2203, 0
2204, 0
2205, 0
2206, 0
2207, 510
2208, 511
2209, 510
2210, 508
2211, 0
2212, 510
2213, 510
2214, 510
2215, 510
2216, 508
2217, 0
2218, 511
2219, 504
2220, 503
2221, 503
2222, 502
2223, 503
2224, 0
2225, 0
2226, 502
2227, 503
2228, 503
2229, 500
2230, 0
2231, 502
2232, 0
2233, 0
2234, 0
2235, 510
2236, 0
2237, 510
2238, 511
2239, 512
2240, 509
2241, 510
2242, 511
2243, 500
2244, 502
2245, 502
2246, 502
2247, 501
2248, 0
2249, 0
2250, 0
2251, 0
2252, 0
2253, 0
2254, 498
2255, 0
2256, 0
2257, 0
2258, 0
2259, 491
2260, 0
2261, 496
2262, 494
2263, 492
2264, 495
2265, 0
2266, 492
2267, 0
2268, 0
2269, 491
2270, 492
2271, 494
2272, 0
2273, 0
2274, 0
2275, 493
2276, 493
2277, 0
2278, 0
2279, 0
2280, 0
2281, 486
2282, 484
2283, 479
2284, 478
2285, 477
2286, 477
2287, 479
2288, 0
2289, 0
2290, 0
2291, 0
2292, 488
2293, 487
2294, 488
2295, 488
2296, 0
2297, 0
2298, 0
2299, 495
2300, 495
2301, 494
2302, 0
2303, 496
2304, 0
2305, 0
2306, 0
2307, 495
2308, 0
2309, 493
2310, 493
2311, 491
2312, 492
2313, 0
2314, 0
2315, 494
2316, 496
2317, 0
2318, 493
2319, 493
2320, 0
2321, 489
2322, 486
2323, 486
2324, 488
2325, 488
2326, 485
2327, 487
2328, 0
2329, 0
2330, 495
2331, 486
2332, 488
2333, 487
2334, 486
2335, 486
2336, 0
2337, 0
2338, 495
2339, 495
2340, 495
2341, 0
2342, 493
2343, 0
2344, 489
2345, 488
2346, 486
2347, 485
2348, 487
2349, 485
2350, 487
2351, 0
2352, 484
2353, 484
2354, 0
2355, 478
2356, 480
2357, 480
2358, 478
2359, 480
2360, 0
2361, 0
2362, 488
2363, 488
2364, 487
2365, 487
2366, 486
2367, 487
2368, 0
2369, 492
2370, 500
2371, 503
2372, 502
2373, 501
2374, 501
2375, 502
2376, 501
2377, 497
2378, 497
2379, 496
2380, 496
2381, 494
2382, 0
2383, 492
2384, 493
2385, 493
2386, 494
2387, 487
2388, 488
2389, 487
2390, 487
2391, 488
2392, 0
2393, 0
2394, 493
2395, 486
2396, 486
2397, 486
2398, 486
2399, 485
2400, 0
2401, 491
2402, 487
2403, 487
2404, 485
2405, 485
2406, 486
2407, 487
2408, 488
2409, 488
2410, 487
2411, 487
2412, 487
2413, 488
2414, 485
2415, 488
2416, 487
2417, 487
2418, 486
2419, 487
2420, 487
2421, 487
2422, 488
2423, 486
2424, 487
2425, 488
2426, 487
2427, 479
2428, 479
2429, 479
2430, 478
2431, 479
2432, 0
2433, 0
2434, 477
2435, 480
2436, 0
2437, 475
2438, 0
2439, 480
2440, 479
2441, 473
2442, 472
2443, 470
2444, 0
2445, 472
2446, 471
2447, 470
2448, 0
2449, 0
2450, 476
2451, 471
2452, 471
2453, 471
2454, 470
2455, 470
2456, 470
2457, 470
2458, 470
2459, 471
2460, 0
2461, 468
2462, 0
2463, 471
2464, 0
2465, 0
2466, 477
2467, 480
2468, 478
2469, 477
2470, 479
2471, 479
2472, 478
2473, 479
2474, 480
2475, 480
2476, 479
2477, 480
2478, 480
2479, 480
2480, 0
2481, 0
2482, 487
2483, 479
2484, 478
2485, 0
2486, 475
2487, 0
2488, 479
2489, 478
2490, 479
2491, 479
2492, 479
2493, 480
2494, 480
2495, 480
2496, 478
2497, 479
2498, 480
2499, 478
2500, 478
2501, 478
2502, 477
2503, 480
2504, 480
2505, 480
2506, 480
2507, 480
2508, 478
2509, 479
2510, 478
2511, 478
2512, 475
2513, 473
2514, 472
2515, 472
2516, 470
2517, 472
2518, 471
2519, 471
2520, 0
2521, 480
2522, 478
2523, 471
2524, 470
2525, 471
2526, 472
2527, 471
2528, 469
2529, 470
2530, 471
2531, 471
2532, 472
2533, 471
2534, 471
2535, 471
2536, 470
2537, 471
2538, 472
2539, 470
2540, 469
2541, 470
2542, 472
2543, 472
2544, 0
2545, 0
2546, 0
2547, 480
2548, 478
2549, 479
2550, 479
2551, 480
2552, 479
2553, 478
2554, 0
2555, 0
2556, 0
2557, 476
2558, 0
2559, 0
2560, 476
2561, 0
2562, 473
2563, 472
2564, 471
2565, 471
2566, 470
2567, 472
2568, 472
2569, 471
2570, 471
2571, 472
2572, 472
2573, 471
2574, 471
2575, 470
2576, 0
2577, 0
2578, 478
2579, 479
2580, 479
2581, 477
2582, 476
2583, 0
2584, 477
2585, 0
2586, 478
2587, 472
2588, 471
2589, 471
2590, 0
2591, 470
2592, 0
2593, 469
2594, 471
2595, 0
2596, 469
2597, 471
2598, 472
2599, 472
2600, 471
2601, 472
2602, 479
2603, 479
2604, 477
2605, 479
2606, 480
2607, 478
2608, 479
2609, 479
2610, 478
2611, 477
2612, 477
2613, 477
2614, 479
2615, 479
2616, 0
2617, 0
2618, 0
2619, 488
2620, 487
2621, 486
2622, 488
2623, 487
2624, 0
2625, 0
2626, 497
2627, 488
2628, 488
2629, 486
2630, 487
2631, 488
2632, 487
2633, 487
2634, 486
2635, 488
2636, 487
2637, 487
2638, 0
2639, 485
2640, 485
2641, 0
2642, 486
2643, 486
2644, 486
2645, 486
2646, 487
2647, 486
2648, 487
2649, 487
2650, 485
2651, 0
2652, 488
2653, 0
2654, 0
2655, 483
2656, 0
2657, 487
2658, 486
2659, 488
2660, 488
2661, 487
2662, 487
2663, 487
2664, 487
2665, 486
2666, 0
2667, 486
2668, 0
2669, 486
2670, 0
2671, 485
2672, 485
2673, 485
2674, 485
2675, 478
2676, 476
2677, 478
2678, 0
2679, 474
2680, 474
2681, 474
2682, 475
2683, 476
2684, 476
2685, 0
2686, 480
2687, 478
2688, 476
2689, 478
2690, 478
2691, 479
2692, 480
2693, 478
2694, 477
2695, 479
2696, 479
2697, 480
2698, 479
2699, 471
2700, 469
2701, 471
2702, 470
2703, 468
2704, 0
2705, 0
2706, 477
2707, 478
2708, 479
2709, 478
2710, 478
2711, 478
2712, 479
2713, 480
2714, 479
2715, 479
2716, 479
2717, 479
2718, 478
2719, 478
2720, 0
2721, 479
2722, 0
2723, 478
2724, 479
2725, 480
2726, 477
2727, 479
2728, 0
2729, 0
2730, 485
2731, 0
2732, 486
2733, 0
2734, 486
2735, 486
2736, 487
2737, 487
2738, 487
2739, 487
2740, 487
2741, 485
2742, 0
2743, 486
2744, 487
2745, 486
2746, 484
2747, 485
2748, 485
2749, 486
2750, 485
2751, 485
2752, 486
2753, 484
2754, 483
2755, 0
2756, 486
2757, 484
2758, 485
2759, 487
2760, 486
2761, 482
2762, 481
2763, 479
2764, 479
2765, 479
2766, 479
2767, 478
2768, 479
2769, 479
2770, 477
2771, 478
2772, 479
2773, 478
2774, 477
2775, 479
2776, 479
2777, 478
2778, 478
2779, 0
2780, 477
2781, 0
2782, 479
2783, 0
2784, 478
2785, 0
2786, 479
2787, 479
2788, 479
2789, 478
2790, 479
2791, 478
2792, 478
2793, 479
2794, 477
2795, 477
2796, 480
2797, 479
2798, 476
2799, 479
2800, 479
2801, 476
2802, 479
2803, 0
2804, 476
2805, 0
2806, 479
2807, 479
2808, 480
2809, 479
2810, 478
2811, 480
2812, 480
2813, 478
2814, 479
2815, 478
2816, 479
2817, 479
2818, 476
2819, 477
2820, 0
2821, 477
2822, 475
2823, 476
2824, 477
2825, 0
2826, 479
2827, 478
2828, 480
2829, 480
2830, 479
2831, 0
2832, 0
2833, 0
2834, 0
2835, 0
2836, 478
2837, 478
2838, 0
2839, 477
2840, 477
2841, 0
2842, 477
2843, 477
2844, 480
2845, 0
2846, 474
2847, 0
2848, 478
2849, 477
2850, 478
2851, 0
2852, 478
2853, 0
2854, 478
2855, 480
2856, 479
2857, 480
2858, 480
2859, 478
2860, 479
2861, 478
2862, 479
2863, 479
2864, 479
2865, 479
2866, 479
2867, 485
2868, 488
2869, 487
2870, 486
2871, 487
2872, 486
2873, 487
2874, 487
2875, 488
2876, 488
2877, 486
2878, 487
2879, 486
2880, 487
2881, 488
2882, 485
2883, 486
2884, 486
2885, 486
2886, 487
2887, 488
2888, 487
2889, 487
2890, 487
2891, 486
2892, 488
2893, 486
2894, 485
2895, 487
2896, 487
2897, 484
2898, 487
2899, 488
2900, 487
2901, 0
2902, 0
2903, 0
2904, 0
2905, 488
2906, 486
2907, 487
2908, 487
2909, 485
2910, 485
2911, 0
2912, 485
2913, 0
2914, 488
2915, 487
2916, 485
2917, 485
2918, 488
2919, 485
2920, 482
2921, 483
2922, 485
2923, 0
2924, 484
2925, 0
2926, 0
2927, 0
2928, 0
2929, 0
2930, 479
2931, 480
2932, 479
2933, 479
2934, 479
2935, 477
2936, 479
2937, 480
2938, 478
2939, 480
2940, 479
2941, 478
2942, 479
2943, 0
2944, 0
2945, 0
2946, 0
2947, 0
2948, 0
2949, 0
2950, 0
2951, 0
2952, 0
2953, 463
2954, 462
2955, 0
2956, 464
2957, 463
2958, 463
2959, 464
2960, 463
2961, 463
2962, 465
2963, 465
2964, 471
2965, 471
2966, 469
2967, 470
2968, 471
2969, 469
2970, 476
2971, 479
2972, 479
2973, 479
2974, 479
2975, 479
2976, 0
2977, 0
2978, 486
2979, 488
2980, 486
2981, 487
2982, 486
2983, 486
2984, 485
2985, 485
2986, 485
2987, 484
2988, 0
2989, 485
2990, 484
2991, 0
2992, 0
2993, 477
2994, 478
2995, 479
2996, 479
2997, 478
2998, 0
2999, 0
3000, 0
3001, 470
3002, 471
3003, 471
3004, 470
3005, 472
3006, 472
3007, 470
3008, 471
3009, 470
3010, 471
3011, 0
3012, 470
3013, 469
3014, 470
3015, 471
3016, 471
3017, 470
3018, 471
3019, 0
3020, 467
3021, 0
3022, 470
3023, 470
3024, 471
3025, 471
3026, 470
3027, 469
3028, 471
3029, 471
3030, 472
3031, 0
3032, 469
3033, 0
3034, 477
3035, 480
3036, 481
3037, 483
3038, 487
3039, 0
3040, 0
3041, 478
3042, 477
3043, 477
3044, 479
3045, 478
3046, 479
3047, 479
3048, 478
3049, 0
3050, 479
3051, 479
3052, 478
3053, 478
3054, 477
3055, 477
3056, 0
3057, 0
3058, 487
3059, 488
3060, 487
3061, 486
3062, 486
3063, 0
3064, 0
3065, 479
3066, 476
3067, 476
3068, 477
3069, 475
3070, 478
3071, 480
3072, 478
3073, 478
3074, 478
3075, 480
3076, 479
3077, 477
3078, 478
3079, 0
3080, 0
3081, 470
3082, 471
3083, 470
3084, 470
3085, 471
3086, 471
3087, 472
3088, 471
3089, 0
3090, 477
3091, 478
3092, 0
3093, 486
3094, 486
3095, 486
3096, 485
3097, 485
3098, 485
3099, 488
3100, 487
3101, 484
3102, 486
3103, 0
3104, 0
3105, 479
3106, 477
3107, 479
3108, 479
3109, 479
3110, 480
3111, 479
3112, 478
3113, 480
3114, 480
3115, 480
3116, 480
3117, 477
3118, 479
3119, 478
3120, 477
3121, 478
3122, 477
3123, 0
3124, 480
3125, 479
3126, 479
3127, 0
3128, 0
3129, 471
3130, 472
3131, 475
3132, 479
3133, 480
3134, 0
3135, 0
3136, 477
3137, 478
3138, 485
3139, 486
3140, 487
3141, 487
3142, 487
3143, 485
3144, 485
3145, 488
3146, 487
3147, 487
3148, 0
3149, 486
3150, 0
3151, 0
3152, 0
3153, 480
3154, 479
3155, 479
3156, 479
3157, 477
3158, 478
3159, 480
3160, 478
3161, 479
3162, 478
3163, 478
3164, 478
3165, 478
3166, 0
3167, 0
3168, 0
3169, 469
3170, 0
3171, 479
3172, 484
3173, 485
3174, 487
3175, 486
3176, 486
3177, 486
3178, 488
3179, 487
3180, 488
3181, 488
3182, 487
3183, 487
3184, 486
3185, 486
3186, 485
3187, 486
3188, 0
3189, 484
3190, 0
3191, 488
3192, 485
3193, 486
3194, 487
3195, 487
3196, 487
3197, 488
3198, 487
3199, 0
3200, 0
3201, 477
3202, 488
3203, 490
3204, 493
3205, 495
3206, 496
3207, 0
3208, 492
3209, 0
3210, 495
3211, 494
3212, 495
3213, 0
3214, 493
3215, 0
3216, 0
3217, 486
3218, 485
3219, 0
3220, 484
3221, 0
3222, 486
3223, 486
3224, 484
3225, 484
3226, 483
3227, 485
3228, 0
3229, 483
3230, 0
3231, 0
3232, 0
3233, 479
3234, 489
3235, 490
3236, 496
3237, 496
3238, 0
3239, 491
3240, 0
3241, 496
3242, 493
3243, 495
3244, 494
3245, 495
3246, 493
3247, 0
3248, 0
3249, 0
3250, 484
3251, 0
3252, 487
3253, 488
3254, 486
3255, 488
3256, 487
3257, 486
3258, 0
3259, 487
3260, 487
3261, 487
3262, 488
3263, 488
3264, 487
3265, 487
3266, 493
3267, 497
3268, 502
3269, 500
3270, 503
3271, 0
3272, 0
3273, 0
3274, 493
3275, 494
3276, 496
3277, 496
3278, 494
3279, 0
3280, 0
3281, 488
3282, 488
3283, 488
3284, 487
3285, 486
3286, 487
3287, 484
3288, 0
3289, 486
3290, 485
3291, 489
3292, 495
3293, 494
3294, 496
3295, 495
3296, 495
3297, 495
3298, 503
3299, 503
3300, 502
3301, 0
3302, 501
3303, 0
3304, 0
3305, 495
3306, 493
3307, 494
3308, 503
3309, 504
3310, 504
3311, 0
3312, 0
3313, 495
3314, 0
3315, 491
3316, 0
3317, 495
3318, 494
3319, 495
3320, 494
3321, 496
3322, 503
3323, 502
3324, 502
3325, 502
3326, 502
3327, 504
3328, 0
3329, 499
3330, 0
3331, 503
3332, 503
3333, 503
3334, 503
3335, 0
3336, 0
3337, 486
3338, 486
3339, 489
3340, 490
3341, 492
3342, 495
3343, 0
3344, 493
3345, 0
3346, 502
3347, 504
3348, 504
3349, 503
3350, 503
3351, 502
3352, 504
3353, 503
3354, 501
3355, 500
3356, 502
3357, 502
3358, 503
3359, 0
3360, 0
3361, 0
3362, 0
3363, 494
3364, 501
3365, 0
3366, 502
3367, 0
3368, 0
3369, 496
3370, 504
3371, 503
3372, 504
3373, 0
3374, 500
3375, 502
3376, 502
3377, 503
3378, 503
3379, 502
3380, 501
3381, 502
3382, 502
3383, 0
3384, 0
3385, 486
3386, 495
3387, 497
3388, 504
3389, 503
3390, 503
3391, 502
3392, 502
3393, 503
3394, 503
3395, 503
3396, 504
3397, 504
3398, 503
3399, 504
3400, 502
3401, 503
3402, 503
3403, 503
3404, 511
3405, 511
3406, 511
3407, 0
3408, 0
3409, 502
3410, 509
3411, 511
3412, 511
3413, 510
3414, 510
3415, 0
3416, 0
3417, 503
3418, 502
3419, 504
3420, 503
3421, 501
3422, 502
3423, 503
3424, 503
3425, 504
3426, 503
3427, 505
3428, 511
3429, 511
3430, 0
3431, 0
3432, 0
3433, 495
3434, 504
3435, 504
3436, 504
3437, 504
3438, 501
3439, 503
3440, 502
3441, 500
3442, 501
3443, 503
3444, 503
3445, 503
3446, 502
3447, 504
3448, 503
3449, 504
3450, 509
3451, 507
3452, 509
3453, 520
3454, 520
3455, 0
3456, 0
3457, 502
3458, 501
3459, 501
3460, 503
3461, 504
3462, 502
3463, 502
3464, 0
3465, 501
3466, 507
3467, 0
3468, 518
3469, 519
3470, 517
3471, 0
3472, 518
3473, 519
3474, 0
3475, 518
3476, 518
3477, 517
3478, 516
3479, 0
3480, 0
3481, 504
3482, 505
3483, 505
3484, 510
3485, 0
3486, 512
3487, 511
3488, 512
3489, 512
3490, 518
3491, 518
3492, 518
3493, 517
3494, 517
3495, 0
3496, 0
3497, 503
3498, 502
3499, 504
3500, 505
3501, 511
3502, 511
3503, 0
3504, 0
3505, 504
3506, 508
3507, 511
3508, 511
3509, 511
3510, 510
3511, 0
3512, 0
3513, 503
3514, 501
3515, 0
3516, 502
3517, 0
3518, 0
3519, 501
3520, 0
3521, 495
3522, 503
3523, 500
3524, 503
3525, 503
3526, 502
3527, 504
3528, 504
3529, 504
3530, 503
3531, 504
3532, 503
3533, 503
3534, 503
3535, 0
3536, 0
3537, 495
3538, 496
3539, 496
3540, 502
3541, 503
3542, 504
3543, 503
3544, 0
3545, 495
3546, 499
3547, 502
3548, 500
3549, 500
3550, 0
3551, 0
3552, 0
3553, 0
3554, 496
3555, 504
3556, 503
3557, 500
3558, 0
3559, 0
3560, 0
3561, 493
3562, 503
3563, 0
3564, 500
3565, 502
3566, 502
3567, 503
3568, 504
3569, 504
3570, 512
3571, 514
3572, 520
3573, 519
3574, 517
3575, 0
3576, 0
3577, 510
3578, 510
3579, 510
3580, 512
3581, 511
3582, 511
3583, 0
3584, 0
3585, 504
3586, 513
3587, 516
3588, 515
3589, 519
3590, 0
3591, 0
3592, 0
3593, 510
3594, 0
3595, 509
3596, 509
3597, 512
3598, 0
3599, 0
3600, 0
3601, 503
3602, 511
3603, 514
3604, 519
3605, 517
3606, 518
3607, 518
3608, 0
3609, 512
3610, 513
3611, 512
3612, 0
3613, 515
3614, 0
3615, 520
3616, 518
3617, 520
3618, 0
3619, 525
3620, 527
3621, 527
3622, 0
3623, 0
3624, 0
3625, 511
3626, 0
3627, 511
3628, 517
3629, 518
3630, 519
3631, 519
3632, 520
3633, 518
3634, 525
3635, 527
3636, 528
3637, 526
3638, 527
3639, 0
3640, 0
3641, 0
3642, 525
3643, 0
3644, 536
3645, 535
3646, 534
3647, 0
3648, 0
3649, 524
3650, 0
3651, 527
3652, 534
3653, 0
3654, 0
3655, 0
3656, 0
3657, 527
3658, 535
3659, 535
3660, 535
3661, 0
3662, 0
3663, 0
3664, 0
3665, 526
3666, 527
3667, 527
3668, 536
3669, 0
3670, 533
3671, 0
3672, 0
3673, 523
3674, 530
3675, 531
3676, 533
3677, 535
3678, 0
3679, 0
3680, 0
3681, 525
3682, 535
3683, 0
3684, 535
3685, 0
3686, 543
3687, 542
3688, 0
3689, 534
3690, 535
3691, 538
3692, 541
3693, 0
3694, 543
3695, 0
3696, 0
3697, 533
3698, 538
3699, 541
3700, 0
3701, 542
3702, 0
3703, 0
3704, 0
3705, 536
3706, 537
3707, 538
3708, 541
3709, 543
3710, 0
3711, 0
3712, 0
3713, 534
3714, 543
3715, 546
3716, 551
3717, 551
3718, 551
3719, 0
3720, 0
3721, 543
3722, 0
3723, 549
3724, 550
3725, 551
3726, 552
3727, 0
3728, 0
3729, 543
3730, 544
3731, 544
3732, 544
3733, 551
3734, 551
3735, 0
3736, 0
3737, 533
3738, 539
3739, 543
3740, 542
3741, 543
3742, 543
3743, 542
3744, 542
3745, 541
3746, 551
3747, 559
3748, 559
3749, 559
3750, 558
3751, 0
3752, 0
3753, 550
3754, 0
3755, 554
3756, 555
3757, 557
3758, 0
3759, 0
3760, 0
3761, 0
3762, 559
3763, 0
3764, 573
3765, 0
3766, 0
3767, 0
3768, 0
3769, 559
3770, 565
3771, 568
3772, 574
3773, 575
3774, 0
3775, 0
3776, 0
3777, 567
3778, 563
3779, 565
3780, 565
3781, 564
3782, 566
3783, 564
3784, 0
3785, 560
3786, 569
3787, 570
3788, 570
3789, 574
3790, 573
3791, 0
3792, 0
3793, 568
3794, 0
3795, 579
3796, 583
3797, 584
3798, 584
3799, 0
3800, 0
3801, 570
3802, 0
3803, 578
3804, 0
3805, 582
3806, 0
3807, 0
3808, 0
3809, 567
3810, 569
3811, 569
3812, 574
3813, 573
3814, 0
3815, 0
3816, 0
3817, 566
3818, 0
3819, 579
3820, 580
3821, 583
3822, 584
3823, 0
3824, 0
3825, 576
3826, 0
3827, 0
3828, 589
3829, 590
3830, 591
3831, 0
3832, 0
3833, 584
3834, 1
3835, 587
3836, 588
3837, 591
3838, 590
3839, 0
3840, 0
3841, 582
3842, 582
3843, 583
3844, 589
3845, 0
3846, 589
3847, 0
3848, 0
3849, 576
3850, 0
3851, 581
3852, 591
3853, 590
3854, 591
3855, 0
3856, 0
3857, 583
3858, 0
3859, 0
3860, 591
3861, 0
3862, 600
3863, 0
3864, 0
3865, 586
3866, 0
3867, 590
3868, 599
3869, 598
3870, 0
3871, 0
3872, 0
3873, 583
3874, 585
3875, 0
3876, 588
3877, 0
3878, 592
3879, 590
3880, 588
3881, 588
3882, 0
3883, 588
3884, 597
3885, 615
3886, 616
3887, 0
3888, 0
3889, 595
3890, 597
3891, 601
3892, 607
3893, 607
3894, 605
3895, 0
3896, 0
3897, 591
3898, 592
3899, 596
3900, 605
3901, 602
3902, 603
3903, 605
3904, 607
3905, 607
3906, 609
3907, 613
3908, 624
3909, 624
3910, 621
3911, 0
3912, 0
3913, 606
3914, 607
3915, 612
3916, 620
3917, 622
3918, 623
3919, 0
3920, 0
3921, 608
3922, 610
3923, 615
3924, 621
3925, 623
3926, 622
3927, 0
3928, 0
3929, 612
3930, 614
3931, 623
3932, 631
3933, 632
3934, 631
3935, 0
3936, 0
3937, 623
3938, 0
3939, 629
3940, 0
3941, 631
3942, 0
3943, 0
3944, 0
3945, 615
3946, 616
3947, 625
3948, 630
3949, 632
3950, 0
3951, 0
3952, 0
3953, 624
3954, 626
3955, 634
3956, 639
3957, 640
3958, 0
3959, 0
3960, 0
3961, 624
3962, 626
3963, 628
3964, 640
3965, 0
3966, 636
3967, 0
3968, 0
3969, 630
3970, 633
3971, 638
3972, 0
3973, 647
3974, 647
3975, 0
3976, 0
3977, 638
3978, 0
3979, 641
3980, 655
3981, 653
3982, 655
3983, 0
3984, 0
3985, 637
3986, 639
3987, 644
3988, 0
3989, 653
3990, 653
3991, 0
3992, 0
3993, 0
3994, 650
3995, 656
3996, 662
3997, 664
3998, 0
3999, 0
4000, 0
4001, 645
4002, 647
4003, 652
4004, 660
4005, 664
4006, 662
4007, 0
4008, 0
4009, 655
4010, 0
4011, 655
4012, 670
4013, 671
4014, 0
4015, 0
4016, 0
4017, 647
4018, 647
4019, 648
4020, 662
4021, 663
4022, 662
4023, 0
4024, 0
4025, 654
4026, 657
4027, 0
4028, 670
4029, 0
4030, 671
4031, 670
4032, 0
4033, 663
4034, 665
4035, 672
4036, 677
4037, 679
4038, 0
4039, 0
4040, 0
4041, 660
4042, 661
4043, 664
4044, 679
4045, 680
4046, 0
4047, 0
4048, 0
4049, 661
4050, 662
4051, 663
4052, 677
4053, 0
4054, 677
4055, 0
4056, 0
4057, 664
4058, 663
4059, 0
4060, 678
4061, 0
4062, 678
4063, 0
4064, 0
4065, 671
4066, 673
4067, 677
4068, 687
4069, 686
4070, 687
4071, 0
4072, 0
4073, 670
4074, 672
4075, 679
4076, 679
4077, 687
4078, 688
4079, 0
4080, 0
4081, 679
4082, 0
4083, 698
4084, 702
4085, 704
4086, 704
4087, 0
4088, 0
4089, 687
4090, 687
4091, 0
4092, 703
4093, 702
4094, 703
4095, 0
4096, 0
4097, 685
4098, 0
4099, 0
4100, 701
4101, 0
4102, 701
4103, 0
4104, 0
4105, 682
4106, 0
4107, 686
4108, 697
4109, 0
4110, 702
4111, 0
4112, 0
4113, 686
4114, 685
4115, 686
4116, 695
4117, 696
4118, 694
4119, 0
4120, 0
4121, 679
4122, 681
4123, 688
4124, 696
4125, 0
4126, 0
4127, 0
4128, 0
4129, 678
4130, 680
4131, 684
4132, 693
4133, 692
4134, 0
4135, 0
4136, 0
4137, 688
4138, 688
4139, 704
4140, 719
4141, 0
4142, 0
4143, 0
4144, 0
4145, 698
4146, 0
4147, 704
4148, 0
4149, 710
4150, 0
4151, 0
4152, 0
4153, 694
4154, 0
4155, 706
4156, 712
4157, 719
4158, 720
4159, 0
4160, 0
4161, 0
4162, 0
4163, 714
4164, 732
4165, 752
4166, 752
4167, 0
4168, 0
4169, 736
4170, 0
4171, 748
4172, 757
4173, 759
4174, 759
4175, 0
4176, 0
4177, 743
4178, 746
4179, 747
4180, 746
4181, 753
4182, 0
4183, 0
4184, 0
4185, 739
4186, 0
4187, 749
4188, 768
4189, 768
4190, 0
4191, 0
4192, 0
4193, 0
4194, 749
4195, 753
4196, 765
4197, 775
4198, 0
4199, 0
4200, 0
4201, 758
4202, 756
4203, 758
4204, 774
4205, 782
4206, 782
4207, 0
4208, 0
4209, 767
4210, 769
4211, 775
4212, 790
4213, 791
4214, 790
4215, 0
4216, 0
4217, 773
4218, 777
4219, 784
4220, 790
4221, 790
4222, 0
4223, 0
4224, 0
4225, 771
4226, 772
4227, 776
4228, 786
4229, 800
4230, 0
4231, 0
4232, 0
4233, 781
4234, 781
4235, 786
4236, 805
4237, 816
4238, 815
4239, 0
4240, 0
4241, 807
4242, 0
4243, 812
4244, 820
4245, 823
4246, 824
4247, 0
4248, 0
4249, 808
4250, 0
4251, 809
4252, 826
4253, 832
4254, 830
4255, 0
4256, 0
4257, 815
4258, 817
4259, 822
4260, 837
4261, 839
4262, 0
4263, 0
4264, 0
4265, 821
4266, 0
4267, 832
4268, 837
4269, 839
4270, 0
4271, 0
4272, 0
4273, 815
4274, 818
4275, 819
4276, 860
4277, 870
4278, 872
4279, 0
4280, 0
4281, 840
4282, 841
4283, 842
4284, 0
4285, 854
4286, 853
4287, 0
4288, 0
4289, 840
4290, 842
4291, 848
4292, 862
4293, 861
4294, 863
4295, 0
4296, 0
4297, 847
4298, 0
4299, 846
4300, 0
4301, 880
4302, 880
4303, 0
4304, 0
4305, 860
4306, 859
4307, 863
4308, 873
4309, 873
4310, 878
4311, 0
4312, 0
4313, 869
4314, 0
4315, 884
4316, 903
4317, 904
4318, 0
4319, 0
4320, 0
4321, 879
4322, 881
4323, 883
4324, 899
4325, 912
4326, 912
4327, 0
4328, 0
4329, 893
4330, 0
4331, 912
4332, 927
4333, 927
4334, 928
4335, 0
4336, 0
4337, 910
4338, 910
4339, 923
4340, 935
4341, 934
4342, 0
4343, 0
4344, 0
4345, 920
4346, 919
4347, 918
4348, 926
4349, 927
4350, 0
4351, 0
4352, 0
4353, 911
4354, 913
4355, 919
4356, 943
4357, 940
4358, 942
4359, 0
4360, 0
4361, 928
4362, 930
4363, 934
4364, 939
4365, 951
4366, 0
4367, 0
4368, 0
4369, 936
4370, 937
4371, 943
4372, 985
4373, 989
4374, 989
4375, 0
4376, 0
4377, 982
4378, 984
4379, 993
4380, 1030
4381, 1031
4382, 1029
4383, 1030
4384, 0
4385, 1024
4386, 1026
4387, 1036
4388, 1093
4389, 1095
4390, 1095
4391, 0
4392, 0
4393, 1079
4394, 0
4395, 1092
4396, 1118
4397, 1119
4398, 1118
4399, 0
4400, 0
4401, 1111
4402, 1112
4403, 1113
4404, 1126
4405, 0
4406, 1122
4407, 1124
4408, 0
4409, 1123
4410, 0
4411, 1119
4412, 1122
4413, 1136
4414, 0
4415, 0
4416, 0
4417, 1108
4418, 1108
4419, 1117
4420, 1152
4421, 1151
4422, 1152
4423, 0
4424, 0
4425, 1144
4426, 1145
4427, 1149
4428, 1166
4429, 1167
4430, 0
4431, 0
4432, 0
4433, 1168
4434, 1170
4435, 1178
4436, 1214
4437, 1214
4438, 1216
4439, 1216
4440, 1214
4441, 1215
4442, 1216
4443, 1219
4444, 1255
4445, 1254
4446, 0
4447, 0
4448, 0
4449, 1230
4450, 1230
4451, 1238
4452, 0
4453, 1287
4454, 1286
4455, 0
4456, 0
4457, 1271
4458, 1273
4459, 1278
4460, 1301
4461, 1320
4462, 1319
4463, 0
4464, 0
4465, 0
4466, 1311
4467, 1312
4468, 1329
4469, 1336
4470, 0
4471, 0
4472, 0
4473, 1335
4474, 1334
4475, 1338
4476, 0
4477, 1390
4478, 0
4479, 0
4480, 0
4481, 1383
4482, 1384
4483, 1387
4484, 1393
4485, 1423
4486, 1422
4487, 0
4488, 0
4489, 1413
4490, 0
4491, 1419
4492, 1454
4493, 1453
4494, 0
4495, 0
4496, 0
4497, 1442
4498, 1445
4499, 1446
4500, 1456
4501, 1456
4502, 0
4503, 0
4504, 0
4505, 1440
4506, 1442
4507, 1451
4508, 1477
4509, 1551
4510, 1552
4511, 1552
4512, 1552
4513, 1552
4514, 1552
4515, 1557
4516, 0
4517, 0
4518, 0
4519, 0
4520, 0
4521, 1607
4522, 1609
4523, 1621
4524, 1668
4525, 0
4526, 1755
4527, 0
4528, 0
4529, 1752
4530, 0
4531, 1769
4532, 1816
4533, 1863
4534, 1862
4535, 0
4536, 0
4537, 1854
4538, 1856
4539, 1864
4540, 1912
4541, 1998
4542, 0
4543, 0
4544, 0
4545, 0
4546, 0
4547, 0
4548, 0
