0, 0
1, 0
2, 0
3, 49
4, 49
5, 48
6, 48
7, 48
8, 48
9, 0
10, 46
11, 0
12, 48
13, 48
14, 48
15, 49
16, 47
17, 48
18, 49
19, 47
20, 48
21, 50
22, 49
23, 51
24, 48
25, 49
26, 50
27, 47
28, 46
29, 0
30, 0
31, 50
32, 0
33, 48
34, 0
35, 45
36, 45
37, 0
38, 48
39, 48
40, 48
41, 48
42, 47
43, 49
44, 49
45, 48
46, 48
47, 48
48, 48
49, 49
50, 50
51, 50
52, 48
53, 47
54, 48
55, 49
56, 48
57, 48
58, 49
59, 48
60, 48
61, 47
62, 50
63, 50
64, 50
65, 49
66, 48
67, 48
68, 49
69, 48
70, 48
71, 50
72, 48
73, 49
74, 49
75, 49
76, 48
77, 48
78, 48
79, 49
80, 49
81, 0
82, 46
83, 0
84, 51
85, 48
86, 48
87, 48
88, 48
89, 48
90, 48
91, 48
92, 47
93, 48
94, 48
95, 48
96, 47
97, 48
98, 50
99, 50
100, 48
101, 48
102, 48
103, 49
104, 48
105, 48
106, 48
107, 48
108, 48
109, 49
110, 47
111, 48
112, 48
113, 49
114, 48
115, 49
116, 49
117, 48
118, 47
119, 48
120, 48
121, 48
122, 49
123, 48
124, 48
125, 49
126, 48
127, 48
128, 47
129, 48
130, 50
131, 49
132, 47
133, 46
134, 48
135, 50
136, 48
137, 0
138, 0
139, 0
140, 0
141, 48
142, 0
143, 49
144, 47
145, 48
146, 48
147, 47
148, 48
149, 48
150, 47
151, 48
152, 49
153, 48
154, 48
155, 48
156, 48
157, 47
158, 48
159, 50
160, 48
161, 49
162, 50
163, 47
164, 47
165, 47
166, 48
167, 48
168, 48
169, 51
170, 51
171, 48
172, 48
173, 48
174, 0
175, 47
176, 46
177, 0
178, 48
179, 47
180, 48
181, 46
182, 47
183, 49
184, 49
185, 48
186, 48
187, 47
188, 50
189, 48
190, 47
191, 49
192, 50
193, 48
194, 48
195, 48
196, 48
197, 48
198, 48
199, 47
200, 47
201, 47
202, 48
203, 49
204, 49
205, 49
206, 0
207, 0
208, 46
209, 0
210, 49
211, 49
212, 48
213, 47
214, 48
215, 48
216, 49
217, 49
218, 48
219, 47
220, 49
221, 50
222, 48
223, 48
224, 47
225, 48
226, 49
227, 47
228, 48
229, 48
230, 47
231, 48
232, 48
233, 48
234, 47
235, 48
236, 48
237, 47
238, 49
239, 48
240, 47
241, 47
242, 49
243, 48
244, 48
245, 0
246, 45
247, 0
248, 48
249, 47
250, 48
251, 48
252, 48
253, 47
254, 49
255, 48
256, 47
257, 48
258, 49
259, 48
260, 48
261, 47
262, 48
263, 0
264, 47
265, 0
266, 46
267, 0
268, 48
269, 47
270, 47
271, 48
272, 47
273, 47
274, 49
275, 48
276, 47
277, 47
278, 50
279, 0
280, 46
281, 47
282, 48
283, 47
284, 47
285, 50
286, 49
287, 49
288, 49
289, 48
290, 48
291, 48
292, 49
293, 47
294, 47
295, 48
296, 46
297, 47
298, 48
299, 48
300, 48
301, 47
302, 50
303, 49
304, 47
305, 48
306, 48
307, 47
308, 48
309, 49
310, 51
311, 0
312, 46
313, 0
314, 48
315, 48
316, 48
317, 46
318, 0
319, 0
320, 0
321, 0
322, 0
323, 0
324, 0
325, 0
326, 0
327, 0
328, 0
329, 0
330, 0
331, 0
332, 0
333, 0
334, 0
335, 0
336, 0
337, 0
338, 0
339, 0
340, 0
341, 0
342, 0
343, 0
344, 0
345, 0
346, 0
347, 0
348, 0
349, 0
350, 0
351, 0
352, 0
353, 0
354, 0
355, 0
356, 0
357, 24
358, 19
359, 0
360, 0
361, 0
362, 0
363, 146
364, 148
365, 144
366, 144
367, 97
368, 0
369, 0
370, 104
371, 105
372, 104
373, 0
374, 105
375, 0
376, 0
377, 0
378, 0
379, 0
380, 0
381, 0
382, 0
383, 0
384, 0
385, 0
386, 0
387, 0
388, 40
389, 38
390, 38
391, 39
392, 40
393, 41
394, 38
395, 39
396, 39
397, 40
398, 41
399, 40
400, 0
401, 0
402, 0
403, 0
404, 65
405, 65
406, 66
407, 58
408, 56
409, 55
410, 57
411, 57
412, 54
413, 56
414, 56
415, 55
416, 55
417, 0
418, 55
419, 0
420, 58
421, 0
422, 54
423, 0
424, 0
425, 47
426, 49
427, 46
428, 0
429, 49
430, 47
431, 51
432, 49
433, 48
434, 48
435, 48
436, 49
437, 50
438, 48
439, 41
440, 65
441, 64
442, 64
443, 64
444, 64
445, 0
446, 0
447, 0
448, 0
449, 39
450, 43
451, 0
452, 37
453, 41
454, 39
455, 38
456, 46
457, 48
458, 47
459, 47
460, 0
461, 47
462, 0
463, 51
464, 47
465, 48
466, 49
467, 47
468, 48
469, 49
470, 49
471, 48
472, 49
473, 48
474, 48
475, 50
476, 49
477, 47
478, 48
479, 49
480, 48
481, 49
482, 47
483, 48
484, 48
485, 49
486, 49
487, 0
488, 45
489, 0
490, 47
491, 48
492, 49
493, 46
494, 47
495, 50
496, 48
497, 46
498, 47
499, 50
500, 48
501, 48
502, 0
503, 48
504, 48
505, 0
506, 47
507, 49
508, 48
509, 48
510, 49
511, 0
512, 0
513, 46
514, 0
515, 49
516, 47
517, 48
518, 48
519, 41
520, 40
521, 38
522, 40
523, 39
524, 38
525, 41
526, 41
527, 42
528, 39
529, 40
530, 43
531, 40
532, 39
533, 39
534, 39
535, 0
536, 48
537, 45
538, 0
539, 0
540, 46
541, 0
542, 49
543, 48
544, 47
545, 47
546, 50
547, 47
548, 47
549, 48
550, 48
551, 49
552, 0
553, 0
554, 56
555, 55
556, 55
557, 56
558, 0
559, 0
560, 67
561, 0
562, 0
563, 71
564, 72
565, 0
566, 70
567, 0
568, 55
569, 54
570, 56
571, 57
572, 56
573, 56
574, 0
575, 54
576, 0
577, 57
578, 55
579, 55
580, 56
581, 54
582, 56
583, 0
584, 52
585, 0
586, 0
587, 0
588, 55
589, 0
590, 56
591, 56
592, 55
593, 55
594, 56
595, 57
596, 55
597, 56
598, 0
599, 47
600, 44
601, 0
602, 48
603, 47
604, 49
605, 47
606, 49
607, 0
608, 45
609, 0
610, 49
611, 48
612, 48
613, 47
614, 48
615, 48
616, 48
617, 48
618, 49
619, 49
620, 49
621, 48
622, 49
623, 49
624, 48
625, 48
626, 47
627, 48
628, 49
629, 48
630, 49
631, 0
632, 47
633, 0
634, 0
635, 46
636, 45
637, 0
638, 47
639, 49
640, 49
641, 48
642, 48
643, 48
644, 49
645, 48
646, 47
647, 50
648, 50
649, 47
650, 48
651, 52
652, 48
653, 47
654, 49
655, 50
656, 49
657, 48
658, 49
659, 50
660, 49
661, 48
662, 48
663, 48
664, 47
665, 47
666, 48
667, 49
668, 49
669, 48
670, 0
671, 47
672, 46
673, 0
674, 48
675, 48
676, 48
677, 48
678, 48
679, 49
680, 50
681, 48
682, 47
683, 49
684, 50
685, 49
686, 48
687, 47
688, 48
689, 49
690, 49
691, 49
692, 51
693, 47
694, 47
695, 52
696, 0
697, 0
698, 56
699, 57
700, 55
701, 57
702, 57
703, 57
704, 58
705, 56
706, 55
707, 57
708, 57
709, 57
710, 56
711, 55
712, 57
713, 56
714, 56
715, 56
716, 56
717, 56
718, 56
719, 56
720, 0
721, 0
722, 63
723, 62
724, 63
725, 64
726, 63
727, 65
728, 64
729, 64
730, 65
731, 64
732, 63
733, 62
734, 65
735, 56
736, 56
737, 57
738, 56
739, 58
740, 58
741, 55
742, 55
743, 56
744, 0
745, 0
746, 63
747, 63
748, 64
749, 62
750, 0
751, 0
752, 0
753, 0
754, 0
755, 0
756, 56
757, 0
758, 56
759, 0
760, 56
761, 56
762, 57
763, 56
764, 55
765, 57
766, 55
767, 56
768, 57
769, 56
770, 55
771, 56
772, 56
773, 56
774, 57
775, 56
776, 0
777, 0
778, 63
779, 62
780, 62
781, 62
782, 0
783, 59
784, 55
785, 55
786, 57
787, 55
788, 55
789, 55
790, 55
791, 55
792, 0
793, 0
794, 62
795, 0
796, 65
797, 63
798, 64
799, 65
800, 64
801, 0
802, 62
803, 0
804, 64
805, 64
806, 64
807, 56
808, 55
809, 56
810, 57
811, 56
812, 58
813, 57
814, 56
815, 48
816, 49
817, 50
818, 48
819, 48
820, 49
821, 48
822, 48
823, 49
824, 0
825, 0
826, 65
827, 64
828, 65
829, 64
830, 63
831, 65
832, 64
833, 64
834, 64
835, 64
836, 64
837, 64
838, 65
839, 55
840, 56
841, 56
842, 57
843, 57
844, 57
845, 56
846, 56
847, 48
848, 0
849, 0
850, 57
851, 56
852, 58
853, 57
854, 56
855, 58
856, 0
857, 0
858, 66
859, 65
860, 63
861, 63
862, 64
863, 65
864, 62
865, 64
866, 65
867, 65
868, 64
869, 64
870, 64
871, 65
872, 64
873, 65
874, 65
875, 64
876, 64
877, 64
878, 64
879, 51
880, 0
881, 0
882, 64
883, 64
884, 64
885, 65
886, 65
887, 64
888, 64
889, 65
890, 65
891, 63
892, 67
893, 0
894, 61
895, 62
896, 63
897, 63
898, 65
899, 64
900, 64
901, 65
902, 65
903, 47
904, 0
905, 0
906, 0
907, 63
908, 61
909, 0
910, 0
911, 65
912, 63
913, 62
914, 63
915, 0
916, 59
917, 0
918, 0
919, 0
920, 65
921, 65
922, 65
923, 64
924, 63
925, 63
926, 63
927, 51
928, 0
929, 0
930, 66
931, 66
932, 64
933, 63
934, 0
935, 66
936, 64
937, 64
938, 62
939, 64
940, 66
941, 64
942, 63
943, 63
944, 64
945, 66
946, 0
947, 63
948, 0
949, 65
950, 63
951, 51
952, 0
953, 61
954, 0
955, 64
956, 62
957, 64
958, 65
959, 66
960, 63
961, 65
962, 63
963, 64
964, 64
965, 63
966, 0
967, 0
968, 61
969, 0
970, 0
971, 65
972, 63
973, 64
974, 64
975, 48
976, 0
977, 0
978, 0
979, 64
980, 65
981, 65
982, 63
983, 64
984, 65
985, 64
986, 64
987, 63
988, 64
989, 65
990, 66
991, 56
992, 0
993, 0
994, 63
995, 66
996, 66
997, 66
998, 66
999, 68
1000, 0
1001, 0
1002, 79
1003, 80
1004, 80
1005, 83
1006, 79
1007, 0
1008, 0
1009, 62
1010, 64
1011, 0
1012, 64
1013, 66
1014, 65
1015, 59
1016, 0
1017, 0
1018, 73
1019, 74
1020, 74
1021, 73
1022, 72
1023, 64
1024, 65
1025, 65
1026, 63
1027, 63
1028, 66
1029, 64
1030, 64
1031, 53
1032, 0
1033, 0
1034, 64
1035, 0
1036, 64
1037, 0
1038, 64
1039, 0
1040, 63
1041, 65
1042, 64
1043, 64
1044, 64
1045, 64
1046, 65
1047, 52
1048, 0
1049, 64
1050, 64
1051, 64
1052, 65
1053, 64
1054, 63
1055, 65
1056, 65
1057, 65
1058, 64
1059, 64
1060, 66
1061, 64
1062, 65
1063, 57
1064, 0
1065, 0
1066, 72
1067, 74
1068, 71
1069, 72
1070, 73
1071, 67
1072, 65
1073, 64
1074, 65
1075, 65
1076, 64
1077, 63
1078, 62
1079, 0
1080, 0
1081, 0
1082, 0
1083, 66
1084, 65
1085, 0
1086, 64
1087, 0
1088, 0
1089, 0
1090, 0
1091, 74
1092, 73
1093, 72
1094, 72
1095, 57
1096, 0
1097, 0
1098, 72
1099, 72
1100, 75
1101, 73
1102, 72
1103, 67
1104, 67
1105, 0
1106, 64
1107, 0
1108, 63
1109, 64
1110, 63
1111, 61
1112, 0
1113, 0
1114, 71
1115, 73
1116, 73
1117, 73
1118, 73
1119, 65
1120, 0
1121, 0
1122, 80
1123, 81
1124, 81
1125, 79
1126, 0
1127, 65
1128, 65
1129, 65
1130, 63
1131, 64
1132, 63
1133, 62
1134, 68
1135, 61
1136, 0
1137, 0
1138, 0
1139, 0
1140, 0
1141, 0
1142, 0
1143, 0
1144, 0
1145, 0
1146, 0
1147, 0
1148, 0
1149, 0
1150, 0
1151, 0
1152, 0
1153, 0
1154, 95
1155, 95
1156, 96
1157, 96
1158, 96
1159, 60
1160, 0
1161, 0
1162, 0
1163, 0
1164, 0
1165, 71
1166, 0
1167, 67
1168, 0
1169, 0
1170, 79
1171, 81
1172, 81
1173, 79
1174, 0
1175, 72
1176, 0
1177, 0
1178, 82
1179, 83
1180, 78
1181, 78
1182, 0
1183, 66
1184, 0
1185, 0
1186, 72
1187, 74
1188, 73
1189, 74
1190, 72
1191, 65
1192, 0
1193, 0
1194, 0
1195, 81
1196, 81
1197, 79
1198, 79
1199, 65
1200, 0
1201, 0
1202, 0
1203, 0
1204, 78
1205, 79
1206, 79
1207, 63
1208, 0
1209, 0
1210, 70
1211, 73
1212, 73
1213, 72
1214, 71
1215, 65
1216, 0
1217, 0
1218, 0
1219, 69
1220, 0
1221, 0
1222, 70
1223, 56
1224, 0
1225, 0
1226, 0
1227, 72
1228, 74
1229, 72
1230, 73
1231, 66
1232, 0
1233, 0
1234, 0
1235, 0
1236, 82
1237, 0
1238, 79
1239, 67
1240, 0
1241, 0
1242, 0
1243, 80
1244, 81
1245, 80
1246, 0
1247, 65
1248, 0
1249, 0
1250, 71
1251, 73
1252, 73
1253, 70
1254, 71
1255, 59
1256, 0
1257, 0
1258, 0
1259, 0
1260, 0
1261, 71
1262, 0
1263, 68
1264, 0
1265, 0
1266, 79
1267, 0
1268, 79
1269, 80
1270, 82
1271, 0
1272, 0
1273, 0
1274, 80
1275, 79
1276, 80
1277, 0
1278, 81
1279, 62
1280, 0
1281, 0
1282, 0
1283, 80
1284, 80
1285, 79
1286, 80
1287, 0
1288, 0
1289, 0
1290, 80
1291, 79
1292, 0
1293, 0
1294, 78
1295, 0
1296, 0
1297, 0
1298, 80
1299, 81
1300, 80
1301, 80
1302, 83
1303, 63
1304, 0
1305, 0
1306, 0
1307, 81
1308, 79
1309, 80
1310, 82
1311, 66
1312, 0
1313, 0
1314, 80
1315, 80
1316, 79
1317, 80
1318, 80
1319, 66
1320, 0
1321, 0
1322, 80
1323, 79
1324, 80
1325, 79
1326, 80
1327, 73
1328, 0
1329, 0
1330, 89
1331, 88
1332, 87
1333, 87
1334, 88
1335, 72
1336, 0
1337, 0
1338, 86
1339, 86
1340, 0
1341, 0
1342, 0
1343, 0
1344, 0
1345, 0
1346, 0
1347, 106
1348, 103
1349, 104
1350, 105
1351, 67
1352, 0
1353, 0
1354, 0
1355, 81
1356, 80
1357, 79
1358, 79
1359, 63
1360, 0
1361, 0
1362, 0
1363, 79
1364, 0
1365, 80
1366, 82
1367, 66
1368, 0
1369, 0
1370, 0
1371, 79
1372, 80
1373, 81
1374, 81
1375, 65
1376, 0
1377, 0
1378, 80
1379, 0
1380, 78
1381, 0
1382, 80
1383, 56
1384, 0
1385, 0
1386, 71
1387, 72
1388, 74
1389, 72
1390, 72
1391, 59
1392, 0
1393, 0
1394, 0
1395, 81
1396, 80
1397, 0
1398, 0
1399, 43
1400, 0
1401, 0
1402, 57
1403, 55
1404, 56
1405, 57
1406, 57
1407, 40
1408, 0
1409, 0
1410, 56
1411, 56
1412, 56
1413, 54
1414, 0
1415, 50
1416, 0
1417, 0
1418, 82
1419, 80
1420, 78
1421, 78
1422, 0
1423, 0
1424, 0
1425, 0
1426, 72
1427, 73
1428, 72
1429, 70
1430, 0
1431, 57
1432, 0
1433, 0
1434, 72
1435, 72
1436, 73
1437, 73
1438, 72
1439, 57
1440, 0
1441, 0
1442, 65
1443, 63
1444, 63
1445, 63
1446, 63
1447, 48
1448, 0
1449, 0
1450, 63
1451, 64
1452, 64
1453, 65
1454, 64
1455, 50
1456, 0
1457, 0
1458, 0
1459, 71
1460, 71
1461, 70
1462, 0
1463, 57
1464, 0
1465, 0
1466, 63
1467, 64
1468, 63
1469, 63
1470, 64
1471, 47
1472, 0
1473, 0
1474, 64
1475, 64
1476, 63
1477, 64
1478, 65
1479, 49
1480, 0
1481, 0
1482, 61
1483, 0
1484, 0
1485, 0
1486, 65
1487, 49
1488, 0
1489, 0
1490, 64
1491, 63
1492, 63
1493, 64
1494, 64
1495, 50
1496, 0
1497, 0
1498, 63
1499, 63
1500, 63
1501, 63
1502, 65
1503, 50
1504, 0
1505, 0
1506, 64
1507, 64
1508, 66
1509, 65
1510, 63
1511, 60
1512, 0
1513, 0
1514, 70
1515, 72
1516, 73
1517, 0
1518, 0
1519, 54
1520, 0
1521, 0
1522, 0
1523, 65
1524, 63
1525, 62
1526, 0
1527, 51
1528, 0
1529, 0
1530, 65
1531, 0
1532, 62
1533, 64
1534, 63
1535, 46
1536, 0
1537, 0
1538, 63
1539, 65
1540, 68
1541, 64
1542, 64
1543, 49
1544, 0
1545, 0
1546, 0
1547, 63
1548, 62
1549, 62
1550, 67
1551, 58
1552, 0
1553, 0
1554, 64
1555, 63
1556, 64
1557, 64
1558, 64
1559, 53
1560, 0
1561, 0
1562, 64
1563, 66
1564, 66
1565, 62
1566, 0
1567, 57
1568, 0
1569, 0
1570, 64
1571, 64
1572, 63
1573, 63
1574, 64
1575, 58
1576, 0
1577, 0
1578, 74
1579, 72
1580, 72
1581, 73
1582, 0
1583, 0
1584, 0
1585, 0
1586, 0
1587, 0
1588, 0
1589, 0
1590, 0
1591, 0
1592, 0
1593, 0
1594, 0
1595, 48
1596, 47
1597, 47
1598, 49
1599, 33
1600, 0
1601, 0
1602, 0
1603, 64
1604, 63
1605, 65
1606, 64
1607, 49
1608, 0
1609, 0
1610, 0
1611, 63
1612, 0
1613, 0
1614, 63
1615, 56
1616, 0
1617, 0
1618, 0
1619, 0
1620, 62
1621, 62
1622, 63
1623, 48
1624, 0
1625, 0
1626, 0
1627, 0
1628, 0
1629, 0
1630, 0
1631, 0
1632, 0
1633, 0
1634, 0
1635, 0
1636, 0
1637, 0
1638, 0
1639, 0
1640, 0
1641, 0
1642, 0
1643, 0
1644, 73
1645, 73
1646, 0
1647, 0
1648, 0
1649, 46
1650, 0
1651, 49
1652, 47
1653, 48
1654, 48
1655, 0
1656, 0
1657, 0
1658, 0
1659, 64
1660, 65
1661, 66
1662, 65
1663, 53
1664, 0
1665, 0
1666, 0
1667, 64
1668, 62
1669, 0
1670, 61
1671, 0
1672, 0
1673, 0
1674, 48
1675, 49
1676, 50
1677, 47
1678, 49
1679, 34
1680, 0
1681, 0
1682, 0
1683, 47
1684, 0
1685, 49
1686, 51
1687, 43
1688, 0
1689, 46
1690, 48
1691, 49
1692, 48
1693, 0
1694, 46
1695, 41
1696, 0
1697, 0
1698, 0
1699, 56
1700, 57
1701, 58
1702, 0
1703, 46
1704, 0
1705, 0
1706, 64
1707, 66
1708, 64
1709, 63
1710, 0
1711, 0
1712, 0
1713, 0
1714, 47
1715, 0
1716, 47
1717, 0
1718, 48
1719, 47
1720, 0
1721, 0
1722, 0
1723, 0
1724, 63
1725, 63
1726, 64
1727, 0
1728, 0
1729, 0
1730, 48
1731, 0
1732, 46
1733, 0
1734, 49
1735, 0
1736, 0
1737, 0
1738, 0
1739, 40
1740, 40
1741, 41
1742, 41
1743, 42
1744, 0
1745, 0
1746, 55
1747, 0
1748, 55
1749, 55
1750, 56
1751, 44
1752, 0
1753, 0
1754, 46
1755, 50
1756, 49
1757, 48
1758, 49
1759, 32
1760, 0
1761, 0
1762, 48
1763, 48
1764, 49
1765, 47
1766, 48
1767, 39
1768, 0
1769, 0
1770, 48
1771, 49
1772, 51
1773, 48
1774, 46
1775, 45
1776, 0
1777, 0
1778, 48
1779, 49
1780, 48
1781, 48
1782, 48
1783, 33
1784, 0
1785, 0
1786, 0
1787, 46
1788, 0
1789, 48
1790, 49
1791, 48
1792, 47
1793, 47
1794, 46
1795, 48
1796, 48
1797, 49
1798, 48
1799, 37
1800, 0
1801, 41
1802, 39
1803, 40
1804, 41
1805, 40
1806, 39
1807, 31
1808, 0
1809, 0
1810, 41
1811, 42
1812, 40
1813, 0
1814, 39
1815, 37
1816, 0
1817, 0
1818, 40
1819, 39
1820, 41
1821, 39
1822, 39
1823, 31
1824, 0
1825, 0
1826, 40
1827, 39
1828, 39
1829, 38
1830, 39
1831, 32
1832, 32
1833, 32
1834, 31
1835, 33
1836, 33
1837, 33
1838, 34
1839, 34
1840, 0
1841, 0
1842, 0
1843, 0
1844, 0
1845, 0
1846, 0
1847, 0
1848, 0
1849, 0
1850, 0
1851, 0
1852, 0
1853, 0
1854, 0
1855, 0
1856, 0
1857, 0
1858, 0
1859, 0
1860, 0
1861, 0
1862, 0
1863, 0
1864, 0
1865, 0
1866, 0
1867, 0
1868, 0
1869, 0
1870, 0
1871, 0
1872, 0
1873, 0
1874, 0
1875, 0
1876, 0
1877, 0
1878, 0
1879, 0
1880, 0
1881, 0
1882, 40
1883, 41
1884, 40
1885, 39
1886, 42
1887, 0
1888, 0
1889, 0
1890, 31
1891, 33
1892, 34
1893, 32
1894, 32
1895, 25
1896, 0
1897, 39
1898, 41
1899, 0
1900, 38
1901, 39
1902, 39
1903, 40
1904, 0
1905, 37
1906, 0
1907, 0
1908, 38
1909, 37
1910, 36
1911, 0
1912, 0
1913, 0
1914, 0
1915, 49
1916, 48
1917, 47
1918, 47
1919, 35
1920, 0
1921, 0
1922, 0
1923, 0
1924, 0
1925, 0
1926, 0
1927, 0
1928, 0
1929, 0
1930, 0
1931, 48
1932, 48
1933, 49
1934, 48
1935, 34
1936, 0
1937, 0
1938, 0
1939, 0
1940, 0
1941, 0
1942, 0
1943, 0
1944, 0
1945, 0
1946, 34
1947, 31
1948, 32
1949, 33
1950, 32
1951, 26
1952, 0
1953, 0
1954, 41
1955, 42
1956, 39
1957, 41
1958, 39
1959, 39
1960, 48
1961, 46
1962, 45
1963, 48
1964, 48
1965, 0
1966, 48
1967, 0
1968, 0
1969, 0
1970, 41
1971, 0
1972, 40
1973, 0
1974, 40
1975, 34
1976, 0
1977, 0
1978, 39
1979, 40
1980, 40
1981, 40
1982, 41
1983, 0
1984, 30
1985, 30
1986, 30
1987, 30
1988, 30
1989, 32
1990, 32
1991, 33
1992, 0
1993, 0
1994, 0
1995, 48
1996, 47
1997, 47
1998, 47
1999, 0
2000, 30
2001, 0
2002, 31
2003, 0
2004, 0
2005, 27
2006, 0
2007, 34
2008, 0
2009, 0
2010, 0
2011, 0
2012, 39
2013, 0
2014, 40
2015, 26
2016, 0
2017, 0
2018, 0
2019, 0
2020, 30
2021, 0
2022, 30
2023, 22
2024, 0
2025, 0
2026, 39
2027, 43
2028, 43
2029, 39
2030, 40
2031, 34
2032, 31
2033, 32
2034, 32
2035, 32
2036, 0
2037, 30
2038, 0
2039, 0
2040, 0
2041, 25
2042, 25
2043, 23
2044, 24
2045, 27
2046, 24
2047, 24
2048, 0
2049, 0
2050, 33
2051, 32
2052, 33
2053, 32
2054, 32
2055, 25
2056, 0
2057, 0
2058, 0
2059, 32
2060, 33
2061, 31
2062, 33
2063, 35
2064, 0
2065, 0
2066, 39
2067, 40
2068, 40
2069, 41
2070, 41
2071, 24
2072, 0
2073, 0
2074, 32
2075, 0
2076, 32
2077, 30
2078, 31
2079, 32
2080, 32
2081, 32
2082, 32
2083, 34
2084, 33
2085, 31
2086, 31
2087, 25
2088, 0
2089, 0
2090, 0
2091, 0
2092, 40
2093, 41
2094, 39
2095, 31
2096, 31
2097, 32
2098, 33
2099, 31
2100, 0
2101, 32
2102, 31
2103, 32
2104, 32
2105, 32
2106, 34
2107, 0
2108, 30
2109, 31
2110, 32
2111, 18
2112, 0
2113, 0
2114, 32
2115, 34
2116, 31
2117, 31
2118, 32
2119, 34
2120, 33
2121, 0
2122, 30
2123, 0
2124, 0
2125, 31
2126, 0
2127, 26
2128, 0
2129, 0
2130, 40
2131, 40
2132, 39
2133, 39
2134, 37
2135, 0
2136, 0
2137, 30
2138, 0
2139, 33
2140, 33
2141, 31
2142, 33
2143, 34
2144, 32
2145, 32
2146, 33
2147, 31
2148, 31
2149, 32
2150, 33
2151, 0
2152, 0
2153, 17
2154, 0
2155, 0
2156, 16
2157, 14
2158, 15
2159, 18
2160, 0
2161, 20
2162, 0
2163, 24
2164, 24
2165, 25
2166, 24
2167, 24
2168, 23
2169, 23
2170, 24
2171, 24
2172, 23
2173, 23
2174, 24
2175, 20
2176, 0
2177, 0
2178, 0
2179, 0
2180, 30
2181, 0
2182, 32
2183, 25
2184, 0
2185, 0
2186, 31
2187, 0
2188, 33
2189, 31
2190, 32
2191, 26
2192, 24
2193, 23
2194, 24
2195, 0
2196, 23
2197, 24
2198, 23
2199, 25
2200, 0
2201, 0
2202, 0
2203, 0
2204, 0
2205, 0
2206, 0
2207, 50
2208, 49
2209, 48
2210, 47
2211, 0
2212, 47
2213, 47
2214, 48
2215, 23
2216, 21
2217, 0
2218, 24
2219, 25
2220, 26
2221, 24
2222, 24
2223, 26
2224, 0
2225, 0
2226, 32
2227, 32
2228, 33
2229, 31
2230, 0
2231, 32
2232, 0
2233, 0
2234, 0
2235, 48
2236, 0
2237, 47
2238, 49
2239, 28
2240, 24
2241, 25
2242, 25
2243, 23
2244, 22
2245, 22
2246, 23
2247, 22
2248, 0
2249, 0
2250, 0
2251, 0
2252, 0
2253, 0
2254, 19
2255, 0
2256, 0
2257, 0
2258, 0
2259, 28
2260, 0
2261, 33
2262, 31
2263, 25
2264, 25
2265, 0
2266, 22
2267, 0
2268, 0
2269, 23
2270, 23
2271, 17
2272, 0
2273, 0
2274, 0
2275, 22
2276, 22
2277, 0
2278, 0
2279, 0
2280, 0
2281, 24
2282, 24
2283, 24
2284, 25
2285, 24
2286, 23
2287, 18
2288, 0
2289, 0
2290, 0
2291, 0
2292, 24
2293, 24
2294, 24
2295, 24
2296, 0
2297, 0
2298, 0
2299, 40
2300, 41
2301, 41
2302, 0
2303, 24
2304, 0
2305, 0
2306, 0
2307, 33
2308, 0
2309, 29
2310, 29
2311, 30
2312, 28
2313, 0
2314, 0
2315, 31
2316, 32
2317, 0
2318, 31
2319, 17
2320, 0
2321, 16
2322, 16
2323, 15
2324, 16
2325, 17
2326, 15
2327, 15
2328, 0
2329, 0
2330, 23
2331, 23
2332, 25
2333, 24
2334, 26
2335, 24
2336, 0
2337, 0
2338, 32
2339, 32
2340, 34
2341, 0
2342, 30
2343, 0
2344, 30
2345, 31
2346, 31
2347, 32
2348, 32
2349, 33
2350, 32
2351, 0
2352, 21
2353, 21
2354, 0
2355, 23
2356, 24
2357, 24
2358, 24
2359, 17
2360, 0
2361, 0
2362, 25
2363, 24
2364, 23
2365, 25
2366, 24
2367, 25
2368, 0
2369, 30
2370, 35
2371, 34
2372, 31
2373, 32
2374, 32
2375, 24
2376, 23
2377, 23
2378, 24
2379, 26
2380, 26
2381, 23
2382, 0
2383, 16
2384, 14
2385, 14
2386, 15
2387, 15
2388, 16
2389, 16
2390, 15
2391, 16
2392, 0
2393, 0
2394, 22
2395, 23
2396, 23
2397, 24
2398, 24
2399, 24
2400, 0
2401, 31
2402, 30
2403, 32
2404, 32
2405, 30
2406, 31
2407, 32
2408, 33
2409, 33
2410, 32
2411, 35
2412, 34
2413, 32
2414, 32
2415, 25
2416, 23
2417, 25
2418, 23
2419, 24
2420, 25
2421, 23
2422, 24
2423, 25
2424, 24
2425, 24
2426, 23
2427, 23
2428, 25
2429, 26
2430, 24
2431, 23
2432, 0
2433, 0
2434, 31
2435, 33
2436, 0
2437, 30
2438, 0
2439, 25
2440, 23
2441, 24
2442, 26
2443, 22
2444, 0
2445, 24
2446, 23
2447, 17
2448, 0
2449, 0
2450, 25
2451, 24
2452, 24
2453, 24
2454, 22
2455, 16
2456, 17
2457, 17
2458, 18
2459, 17
2460, 0
2461, 0
2462, 0
2463, 10
2464, 0
2465, 0
2466, 23
2467, 25
2468, 25
2469, 23
2470, 25
2471, 24
2472, 22
2473, 24
2474, 25
2475, 24
2476, 23
2477, 26
2478, 25
2479, 18
2480, 0
2481, 0
2482, 25
2483, 23
2484, 24
2485, 0
2486, 22
2487, 0
2488, 24
2489, 24
2490, 25
2491, 25
2492, 23
2493, 24
2494, 25
2495, 25
2496, 25
2497, 23
2498, 24
2499, 23
2500, 24
2501, 24
2502, 26
2503, 19
2504, 17
2505, 17
2506, 16
2507, 16
2508, 16
2509, 15
2510, 18
2511, 15
2512, 16
2513, 18
2514, 17
2515, 16
2516, 15
2517, 18
2518, 18
2519, 15
2520, 0
2521, 26
2522, 25
2523, 25
2524, 25
2525, 27
2526, 27
2527, 25
2528, 22
2529, 24
2530, 26
2531, 23
2532, 24
2533, 25
2534, 24
2535, 18
2536, 16
2537, 17
2538, 18
2539, 17
2540, 17
2541, 17
2542, 17
2543, 17
2544, 0
2545, 0
2546, 0
2547, 24
2548, 22
2549, 23
2550, 25
2551, 24
2552, 23
2553, 24
2554, 0
2555, 0
2556, 0
2557, 21
2558, 0
2559, 0
2560, 22
2561, 0
2562, 24
2563, 24
2564, 24
2565, 23
2566, 23
2567, 17
2568, 18
2569, 20
2570, 18
2571, 16
2572, 17
2573, 18
2574, 16
2575, 15
2576, 0
2577, 0
2578, 24
2579, 24
2580, 24
2581, 24
2582, 23
2583, 0
2584, 22
2585, 0
2586, 23
2587, 24
2588, 23
2589, 24
2590, 0
2591, 15
2592, 0
2593, 16
2594, 15
2595, 0
2596, 15
2597, 16
2598, 16
2599, 17
2600, 15
2601, 16
2602, 18
2603, 17
2604, 15
2605, 16
2606, 16
2607, 15
2608, 15
2609, 16
2610, 17
2611, 16
2612, 17
2613, 16
2614, 16
2615, 16
2616, 0
2617, 0
2618, 0
2619, 25
2620, 24
2621, 23
2622, 25
2623, 18
2624, 0
2625, 0
2626, 33
2627, 32
2628, 32
2629, 32
2630, 31
2631, 34
2632, 41
2633, 41
2634, 42
2635, 43
2636, 41
2637, 42
2638, 0
2639, 29
2640, 29
2641, 0
2642, 33
2643, 31
2644, 31
2645, 32
2646, 31
2647, 31
2648, 32
2649, 31
2650, 30
2651, 0
2652, 32
2653, 0
2654, 0
2655, 18
2656, 0
2657, 15
2658, 15
2659, 18
2660, 17
2661, 16
2662, 18
2663, 15
2664, 15
2665, 17
2666, 0
2667, 14
2668, 0
2669, 19
2670, 0
2671, 15
2672, 16
2673, 17
2674, 16
2675, 16
2676, 16
2677, 17
2678, 0
2679, 16
2680, 16
2681, 14
2682, 15
2683, 17
2684, 13
2685, 0
2686, 17
2687, 15
2688, 15
2689, 16
2690, 16
2691, 19
2692, 17
2693, 16
2694, 18
2695, 18
2696, 17
2697, 16
2698, 16
2699, 15
2700, 16
2701, 16
2702, 16
2703, 15
2704, 0
2705, 0
2706, 23
2707, 23
2708, 23
2709, 23
2710, 24
2711, 24
2712, 23
2713, 24
2714, 25
2715, 24
2716, 23
2717, 24
2718, 23
2719, 22
2720, 0
2721, 24
2722, 24
2723, 25
2724, 24
2725, 25
2726, 24
2727, 25
2728, 0
2729, 0
2730, 34
2731, 0
2732, 30
2733, 0
2734, 31
2735, 31
2736, 31
2737, 32
2738, 32
2739, 32
2740, 32
2741, 31
2742, 0
2743, 23
2744, 24
2745, 24
2746, 23
2747, 25
2748, 25
2749, 22
2750, 23
2751, 24
2752, 23
2753, 23
2754, 23
2755, 0
2756, 24
2757, 23
2758, 23
2759, 24
2760, 23
2761, 28
2762, 25
2763, 23
2764, 25
2765, 24
2766, 24
2767, 25
2768, 26
2769, 25
2770, 24
2771, 25
2772, 24
2773, 24
2774, 25
2775, 27
2776, 24
2777, 23
2778, 23
2779, 0
2780, 21
2781, 0
2782, 24
2783, 0
2784, 22
2785, 0
2786, 24
2787, 23
2788, 23
2789, 23
2790, 26
2791, 25
2792, 24
2793, 24
2794, 24
2795, 24
2796, 24
2797, 24
2798, 22
2799, 25
2800, 24
2801, 23
2802, 24
2803, 0
2804, 20
2805, 0
2806, 24
2807, 24
2808, 26
2809, 23
2810, 23
2811, 24
2812, 25
2813, 23
2814, 24
2815, 25
2816, 26
2817, 27
2818, 24
2819, 23
2820, 0
2821, 23
2822, 21
2823, 13
2824, 15
2825, 0
2826, 17
2827, 15
2828, 16
2829, 19
2830, 18
2831, 0
2832, 0
2833, 0
2834, 0
2835, 0
2836, 23
2837, 24
2838, 0
2839, 22
2840, 23
2841, 0
2842, 24
2843, 24
2844, 24
2845, 0
2846, 21
2847, 0
2848, 23
2849, 23
2850, 24
2851, 0
2852, 22
2853, 0
2854, 24
2855, 25
2856, 23
2857, 24
2858, 24
2859, 23
2860, 24
2861, 24
2862, 25
2863, 25
2864, 24
2865, 23
2866, 23
2867, 24
2868, 24
2869, 24
2870, 23
2871, 23
2872, 23
2873, 23
2874, 23
2875, 24
2876, 25
2877, 22
2878, 24
2879, 25
2880, 24
2881, 24
2882, 23
2883, 24
2884, 24
2885, 24
2886, 24
2887, 25
2888, 23
2889, 23
2890, 23
2891, 23
2892, 25
2893, 24
2894, 23
2895, 24
2896, 24
2897, 24
2898, 24
2899, 24
2900, 23
2901, 0
2902, 0
2903, 0
2904, 0
2905, 27
2906, 24
2907, 23
2908, 23
2909, 23
2910, 24
2911, 0
2912, 23
2913, 0
2914, 24
2915, 24
2916, 25
2917, 23
2918, 24
2919, 26
2920, 24
2921, 25
2922, 26
2923, 0
2924, 23
2925, 0
2926, 0
2927, 0
2928, 0
2929, 0
2930, 18
2931, 17
2932, 15
2933, 16
2934, 16
2935, 15
2936, 24
2937, 24
2938, 24
2939, 25
2940, 24
2941, 24
2942, 24
2943, 16
2944, 0
2945, 0
2946, 0
2947, 0
2948, 0
2949, 0
2950, 0
2951, 0
2952, 0
2953, 7
2954, 6
2955, 0
2956, 10
2957, 8
2958, 7
2959, 10
2960, 17
2961, 15
2962, 16
2963, 15
2964, 17
2965, 17
2966, 15
2967, 19
2968, 17
2969, 16
2970, 17
2971, 17
2972, 15
2973, 16
2974, 16
2975, 18
2976, 0
2977, 0
2978, 24
2979, 25
2980, 24
2981, 24
2982, 24
2983, 15
2984, 14
2985, 15
2986, 15
2987, 14
2988, 0
2989, 16
2990, 15
2991, 0
2992, 0
2993, 14
2994, 17
2995, 17
2996, 15
2997, 16
2998, 0
2999, 0
3000, 0
3001, 15
3002, 16
3003, 16
3004, 16
3005, 17
3006, 17
3007, 16
3008, 17
3009, 20
3010, 19
3011, 0
3012, 16
3013, 16
3014, 16
3015, 16
3016, 16
3017, 17
3018, 18
3019, 0
3020, 13
3021, 0
3022, 16
3023, 16
3024, 17
3025, 16
3026, 17
3027, 14
3028, 15
3029, 17
3030, 16
3031, 0
3032, 21
3033, 0
3034, 24
3035, 23
3036, 26
3037, 25
3038, 23
3039, 0
3040, 0
3041, 16
3042, 15
3043, 15
3044, 16
3045, 16
3046, 17
3047, 18
3048, 15
3049, 0
3050, 16
3051, 17
3052, 18
3053, 15
3054, 16
3055, 19
3056, 0
3057, 0
3058, 26
3059, 24
3060, 24
3061, 25
3062, 23
3063, 0
3064, 0
3065, 24
3066, 22
3067, 23
3068, 24
3069, 23
3070, 23
3071, 25
3072, 24
3073, 23
3074, 24
3075, 24
3076, 24
3077, 24
3078, 23
3079, 0
3080, 0
3081, 16
3082, 17
3083, 16
3084, 16
3085, 16
3086, 16
3087, 16
3088, 16
3089, 0
3090, 13
3091, 12
3092, 0
3093, 16
3094, 15
3095, 17
3096, 24
3097, 23
3098, 22
3099, 25
3100, 24
3101, 22
3102, 24
3103, 0
3104, 0
3105, 17
3106, 17
3107, 15
3108, 15
3109, 16
3110, 18
3111, 17
3112, 24
3113, 24
3114, 24
3115, 26
3116, 25
3117, 23
3118, 23
3119, 24
3120, 24
3121, 23
3122, 21
3123, 0
3124, 24
3125, 24
3126, 23
3127, 0
3128, 0
3129, 17
3130, 16
3131, 15
3132, 17
3133, 16
3134, 0
3135, 0
3136, 15
3137, 17
3138, 17
3139, 18
3140, 17
3141, 17
3142, 16
3143, 16
3144, 23
3145, 25
3146, 24
3147, 23
3148, 0
3149, 22
3150, 0
3151, 0
3152, 0
3153, 17
3154, 18
3155, 16
3156, 17
3157, 16
3158, 16
3159, 20
3160, 23
3161, 23
3162, 24
3163, 24
3164, 23
3165, 23
3166, 0
3167, 0
3168, 0
3169, 14
3170, 0
3171, 17
3172, 14
3173, 18
3174, 16
3175, 16
3176, 17
3177, 15
3178, 16
3179, 17
3180, 16
3181, 16
3182, 16
3183, 17
3184, 17
3185, 17
3186, 17
3187, 18
3188, 0
3189, 16
3190, 0
3191, 18
3192, 23
3193, 24
3194, 24
3195, 25
3196, 24
3197, 24
3198, 24
3199, 0
3200, 0
3201, 23
3202, 25
3203, 25
3204, 23
3205, 24
3206, 25
3207, 0
3208, 22
3209, 0
3210, 26
3211, 22
3212, 24
3213, 0
3214, 22
3215, 0
3216, 0
3217, 16
3218, 16
3219, 0
3220, 15
3221, 0
3222, 17
3223, 17
3224, 15
3225, 15
3226, 14
3227, 16
3228, 0
3229, 12
3230, 0
3231, 0
3232, 0
3233, 16
3234, 17
3235, 16
3236, 16
3237, 17
3238, 0
3239, 14
3240, 0
3241, 24
3242, 22
3243, 23
3244, 23
3245, 24
3246, 24
3247, 0
3248, 0
3249, 0
3250, 12
3251, 0
3252, 15
3253, 17
3254, 16
3255, 17
3256, 16
3257, 17
3258, 0
3259, 16
3260, 16
3261, 17
3262, 17
3263, 18
3264, 24
3265, 24
3266, 23
3267, 25
3268, 25
3269, 24
3270, 26
3271, 0
3272, 0
3273, 0
3274, 26
3275, 23
3276, 24
3277, 24
3278, 23
3279, 0
3280, 0
3281, 17
3282, 20
3283, 17
3284, 15
3285, 14
3286, 17
3287, 16
3288, 0
3289, 15
3290, 16
3291, 16
3292, 16
3293, 16
3294, 17
3295, 20
3296, 23
3297, 23
3298, 24
3299, 23
3300, 24
3301, 0
3302, 23
3303, 0
3304, 0
3305, 24
3306, 22
3307, 25
3308, 26
3309, 25
3310, 24
3311, 0
3312, 0
3313, 17
3314, 0
3315, 12
3316, 0
3317, 16
3318, 14
3319, 15
3320, 16
3321, 18
3322, 17
3323, 15
3324, 15
3325, 17
3326, 17
3327, 19
3328, 0
3329, 30
3330, 0
3331, 32
3332, 33
3333, 31
3334, 31
3335, 0
3336, 0
3337, 16
3338, 17
3339, 17
3340, 16
3341, 16
3342, 17
3343, 0
3344, 13
3345, 0
3346, 15
3347, 17
3348, 17
3349, 18
3350, 17
3351, 17
3352, 24
3353, 24
3354, 24
3355, 24
3356, 25
3357, 25
3358, 27
3359, 0
3360, 0
3361, 0
3362, 0
3363, 22
3364, 25
3365, 0
3366, 22
3367, 0
3368, 0
3369, 17
3370, 17
3371, 15
3372, 17
3373, 0
3374, 14
3375, 18
3376, 24
3377, 24
3378, 24
3379, 24
3380, 24
3381, 25
3382, 24
3383, 0
3384, 0
3385, 17
3386, 16
3387, 18
3388, 19
3389, 16
3390, 16
3391, 16
3392, 15
3393, 17
3394, 18
3395, 15
3396, 16
3397, 17
3398, 17
3399, 18
3400, 30
3401, 34
3402, 34
3403, 31
3404, 32
3405, 32
3406, 32
3407, 0
3408, 0
3409, 23
3410, 27
3411, 24
3412, 24
3413, 23
3414, 23
3415, 0
3416, 0
3417, 15
3418, 14
3419, 18
3420, 16
3421, 14
3422, 17
3423, 18
3424, 24
3425, 24
3426, 24
3427, 23
3428, 24
3429, 25
3430, 0
3431, 0
3432, 0
3433, 16
3434, 17
3435, 16
3436, 16
3437, 17
3438, 15
3439, 17
3440, 31
3441, 31
3442, 32
3443, 32
3444, 32
3445, 32
3446, 31
3447, 33
3448, 42
3449, 42
3450, 41
3451, 38
3452, 40
3453, 42
3454, 40
3455, 0
3456, 0
3457, 24
3458, 23
3459, 23
3460, 24
3461, 25
3462, 24
3463, 27
3464, 0
3465, 31
3466, 29
3467, 0
3468, 30
3469, 31
3470, 30
3471, 0
3472, 39
3473, 41
3474, 0
3475, 39
3476, 40
3477, 41
3478, 42
3479, 0
3480, 0
3481, 35
3482, 32
3483, 32
3484, 32
3485, 0
3486, 32
3487, 35
3488, 32
3489, 32
3490, 34
3491, 31
3492, 30
3493, 31
3494, 33
3495, 0
3496, 0
3497, 26
3498, 25
3499, 25
3500, 26
3501, 23
3502, 24
3503, 0
3504, 0
3505, 24
3506, 25
3507, 24
3508, 24
3509, 23
3510, 24
3511, 0
3512, 0
3513, 16
3514, 17
3515, 0
3516, 14
3517, 0
3518, 0
3519, 15
3520, 0
3521, 16
3522, 16
3523, 14
3524, 15
3525, 18
3526, 15
3527, 16
3528, 26
3529, 25
3530, 24
3531, 26
3532, 24
3533, 24
3534, 23
3535, 0
3536, 0
3537, 24
3538, 27
3539, 23
3540, 23
3541, 25
3542, 28
3543, 28
3544, 0
3545, 24
3546, 24
3547, 23
3548, 24
3549, 23
3550, 0
3551, 0
3552, 0
3553, 0
3554, 24
3555, 26
3556, 24
3557, 22
3558, 0
3559, 0
3560, 0
3561, 16
3562, 17
3563, 0
3564, 13
3565, 15
3566, 16
3567, 19
3568, 25
3569, 25
3570, 23
3571, 24
3572, 24
3573, 25
3574, 24
3575, 0
3576, 0
3577, 24
3578, 24
3579, 23
3580, 24
3581, 24
3582, 23
3583, 0
3584, 0
3585, 25
3586, 25
3587, 25
3588, 23
3589, 24
3590, 0
3591, 0
3592, 0
3593, 27
3594, 0
3595, 21
3596, 23
3597, 25
3598, 0
3599, 0
3600, 0
3601, 24
3602, 24
3603, 25
3604, 24
3605, 24
3606, 25
3607, 24
3608, 0
3609, 25
3610, 26
3611, 24
3612, 0
3613, 21
3614, 0
3615, 24
3616, 25
3617, 25
3618, 0
3619, 22
3620, 23
3621, 26
3622, 0
3623, 0
3624, 0
3625, 17
3626, 0
3627, 13
3628, 14
3629, 15
3630, 16
3631, 16
3632, 24
3633, 23
3634, 24
3635, 25
3636, 24
3637, 24
3638, 28
3639, 0
3640, 0
3641, 0
3642, 24
3643, 0
3644, 25
3645, 24
3646, 24
3647, 0
3648, 0
3649, 26
3650, 0
3651, 24
3652, 25
3653, 0
3654, 0
3655, 0
3656, 0
3657, 23
3658, 24
3659, 23
3660, 25
3661, 0
3662, 0
3663, 0
3664, 0
3665, 25
3666, 24
3667, 24
3668, 24
3669, 0
3670, 22
3671, 0
3672, 0
3673, 23
3674, 23
3675, 25
3676, 22
3677, 24
3678, 0
3679, 0
3680, 0
3681, 23
3682, 25
3683, 0
3684, 21
3685, 0
3686, 24
3687, 23
3688, 0
3689, 24
3690, 24
3691, 25
3692, 25
3693, 0
3694, 26
3695, 0
3696, 0
3697, 23
3698, 23
3699, 23
3700, 0
3701, 23
3702, 0
3703, 0
3704, 0
3705, 25
3706, 25
3707, 23
3708, 24
3709, 24
3710, 0
3711, 0
3712, 0
3713, 23
3714, 24
3715, 25
3716, 23
3717, 23
3718, 28
3719, 0
3720, 0
3721, 25
3722, 0
3723, 23
3724, 24
3725, 25
3726, 25
3727, 0
3728, 0
3729, 31
3730, 32
3731, 32
3732, 32
3733, 33
3734, 33
3735, 0
3736, 0
3737, 15
3738, 17
3739, 15
3740, 15
3741, 15
3742, 15
3743, 24
3744, 30
3745, 31
3746, 33
3747, 32
3748, 32
3749, 33
3750, 33
3751, 0
3752, 0
3753, 30
3754, 0
3755, 31
3756, 31
3757, 32
3758, 0
3759, 0
3760, 0
3761, 0
3762, 34
3763, 0
3764, 29
3765, 0
3766, 0
3767, 0
3768, 0
3769, 26
3770, 23
3771, 23
3772, 23
3773, 23
3774, 0
3775, 0
3776, 0
3777, 24
3778, 25
3779, 23
3780, 23
3781, 25
3782, 24
3783, 25
3784, 0
3785, 33
3786, 32
3787, 32
3788, 33
3789, 32
3790, 32
3791, 0
3792, 0
3793, 25
3794, 0
3795, 24
3796, 23
3797, 24
3798, 24
3799, 0
3800, 0
3801, 27
3802, 0
3803, 32
3804, 0
3805, 31
3806, 0
3807, 0
3808, 0
3809, 24
3810, 24
3811, 24
3812, 22
3813, 21
3814, 0
3815, 0
3816, 0
3817, 23
3818, 0
3819, 25
3820, 24
3821, 25
3822, 26
3823, 0
3824, 0
3825, 33
3826, 33
3827, 0
3828, 31
3829, 30
3830, 33
3831, 0
3832, 0
3833, 32
3834, 0
3835, 30
3836, 30
3837, 32
3838, 32
3839, 0
3840, 0
3841, 32
3842, 33
3843, 32
3844, 33
3845, 0
3846, 29
3847, 0
3848, 0
3849, 32
3850, 32
3851, 33
3852, 31
3853, 30
3854, 32
3855, 0
3856, 0
3857, 32
3858, 31
3859, 30
3860, 30
3861, 0
3862, 34
3863, 0
3864, 0
3865, 29
3866, 0
3867, 32
3868, 32
3869, 32
3870, 0
3871, 0
3872, 0
3873, 25
3874, 27
3875, 0
3876, 24
3877, 0
3878, 24
3879, 22
3880, 31
3881, 31
3882, 0
3883, 30
3884, 31
3885, 34
3886, 32
3887, 0
3888, 0
3889, 30
3890, 31
3891, 32
3892, 33
3893, 31
3894, 30
3895, 0
3896, 0
3897, 32
3898, 32
3899, 33
3900, 32
3901, 30
3902, 32
3903, 34
3904, 31
3905, 31
3906, 35
3907, 33
3908, 32
3909, 32
3910, 34
3911, 0
3912, 0
3913, 31
3914, 33
3915, 32
3916, 31
3917, 32
3918, 33
3919, 0
3920, 0
3921, 33
3922, 33
3923, 32
3924, 31
3925, 32
3926, 32
3927, 0
3928, 0
3929, 31
3930, 31
3931, 33
3932, 33
3933, 32
3934, 31
3935, 0
3936, 0
3937, 34
3938, 0
3939, 30
3940, 0
3941, 31
3942, 0
3943, 0
3944, 0
3945, 32
3946, 30
3947, 32
3948, 34
3949, 32
3950, 0
3951, 0
3952, 0
3953, 33
3954, 33
3955, 34
3956, 31
3957, 33
3958, 0
3959, 0
3960, 0
3961, 34
3962, 32
3963, 32
3964, 34
3965, 0
3966, 31
3967, 0
3968, 0
3969, 30
3970, 31
3971, 31
3972, 0
3973, 32
3974, 31
3975, 0
3976, 0
3977, 40
3978, 0
3979, 39
3980, 40
3981, 39
3982, 40
3983, 0
3984, 0
3985, 35
3986, 32
3987, 33
3988, 0
3989, 29
3990, 32
3991, 0
3992, 0
3993, 0
3994, 41
3995, 42
3996, 42
3997, 40
3998, 0
3999, 0
4000, 0
4001, 30
4002, 31
4003, 31
4004, 31
4005, 32
4006, 31
4007, 0
4008, 0
4009, 40
4010, 0
4011, 37
4012, 39
4013, 40
4014, 0
4015, 0
4016, 0
4017, 33
4018, 32
4019, 30
4020, 31
4021, 33
4022, 33
4023, 0
4024, 0
4025, 31
4026, 33
4027, 0
4028, 30
4029, 0
4030, 35
4031, 33
4032, 0
4033, 40
4034, 39
4035, 39
4036, 39
4037, 41
4038, 0
4039, 0
4040, 0
4041, 39
4042, 39
4043, 41
4044, 41
4045, 40
4046, 0
4047, 0
4048, 0
4049, 33
4050, 35
4051, 33
4052, 31
4053, 0
4054, 30
4055, 0
4056, 0
4057, 32
4058, 32
4059, 0
4060, 31
4061, 0
4062, 32
4063, 0
4064, 0
4065, 41
4066, 41
4067, 42
4068, 40
4069, 39
4070, 40
4071, 0
4072, 0
4073, 32
4074, 33
4075, 37
4076, 33
4077, 33
4078, 32
4079, 0
4080, 0
4081, 39
4082, 0
4083, 39
4084, 39
4085, 40
4086, 40
4087, 0
4088, 0
4089, 41
4090, 39
4091, 0
4092, 39
4093, 39
4094, 40
4095, 0
4096, 0
4097, 37
4098, 0
4099, 0
4100, 38
4101, 0
4102, 40
4103, 0
4104, 0
4105, 29
4106, 0
4107, 33
4108, 32
4109, 0
4110, 30
4111, 0
4112, 0
4113, 32
4114, 33
4115, 32
4116, 31
4117, 32
4118, 31
4119, 0
4120, 0
4121, 32
4122, 33
4123, 32
4124, 32
4125, 0
4126, 0
4127, 0
4128, 0
4129, 33
4130, 34
4131, 34
4132, 32
4133, 30
4134, 0
4135, 0
4136, 0
4137, 40
4138, 38
4139, 39
4140, 41
4141, 0
4142, 0
4143, 0
4144, 0
4145, 38
4146, 0
4147, 41
4148, 0
4149, 38
4150, 0
4151, 0
4152, 0
4153, 38
4154, 0
4155, 40
4156, 41
4157, 40
4158, 40
4159, 0
4160, 0
4161, 0
4162, 0
4163, 48
4164, 49
4165, 50
4166, 49
4167, 0
4168, 0
4169, 41
4170, 0
4171, 39
4172, 41
4173, 39
4174, 39
4175, 0
4176, 0
4177, 39
4178, 42
4179, 41
4180, 39
4181, 42
4182, 0
4183, 0
4184, 0
4185, 36
4186, 0
4187, 41
4188, 40
4189, 41
4190, 0
4191, 0
4192, 0
4193, 0
4194, 36
4195, 38
4196, 39
4197, 40
4198, 0
4199, 0
4200, 0
4201, 41
4202, 42
4203, 42
4204, 39
4205, 39
4206, 40
4207, 0
4208, 0
4209, 40
4210, 41
4211, 39
4212, 39
4213, 39
4214, 41
4215, 0
4216, 0
4217, 39
4218, 40
4219, 40
4220, 38
4221, 39
4222, 0
4223, 0
4224, 0
4225, 37
4226, 38
4227, 40
4228, 39
4229, 40
4230, 0
4231, 0
4232, 0
4233, 40
4234, 39
4235, 40
4236, 41
4237, 42
4238, 41
4239, 0
4240, 0
4241, 48
4242, 0
4243, 47
4244, 47
4245, 48
4246, 48
4247, 0
4248, 0
4249, 48
4250, 0
4251, 47
4252, 47
4253, 48
4254, 49
4255, 0
4256, 0
4257, 47
4258, 47
4259, 47
4260, 47
4261, 49
4262, 0
4263, 0
4264, 0
4265, 55
4266, 0
4267, 54
4268, 57
4269, 57
4270, 0
4271, 0
4272, 0
4273, 31
4274, 34
4275, 32
4276, 32
4277, 31
4278, 32
4279, 0
4280, 0
4281, 39
4282, 43
4283, 43
4284, 0
4285, 38
4286, 40
4287, 0
4288, 0
4289, 40
4290, 42
4291, 42
4292, 38
4293, 39
4294, 39
4295, 0
4296, 0
4297, 48
4298, 0
4299, 46
4300, 0
4301, 48
4302, 48
4303, 0
4304, 0
4305, 48
4306, 46
4307, 48
4308, 47
4309, 46
4310, 49
4311, 0
4312, 0
4313, 46
4314, 0
4315, 47
4316, 48
4317, 49
4318, 0
4319, 0
4320, 0
4321, 48
4322, 48
4323, 50
4324, 47
4325, 48
4326, 49
4327, 0
4328, 0
4329, 47
4330, 0
4331, 49
4332, 47
4333, 48
4334, 48
4335, 0
4336, 0
4337, 48
4338, 47
4339, 48
4340, 47
4341, 48
4342, 0
4343, 0
4344, 0
4345, 49
4346, 49
4347, 47
4348, 46
4349, 49
4350, 0
4351, 0
4352, 0
4353, 49
4354, 50
4355, 49
4356, 49
4357, 47
4358, 48
4359, 0
4360, 0
4361, 48
4362, 51
4363, 46
4364, 48
4365, 49
4366, 0
4367, 0
4368, 0
4369, 48
4370, 47
4371, 47
4372, 48
4373, 49
4374, 49
4375, 0
4376, 0
4377, 48
4378, 49
4379, 47
4380, 48
4381, 47
4382, 47
4383, 47
4384, 0
4385, 48
4386, 48
4387, 47
4388, 46
4389, 49
4390, 49
4391, 0
4392, 0
4393, 48
4394, 0
4395, 46
4396, 47
4397, 48
4398, 48
4399, 0
4400, 0
4401, 48
4402, 47
4403, 48
4404, 49
4405, 0
4406, 45
4407, 48
4408, 0
4409, 53
4410, 0
4411, 58
4412, 59
4413, 56
4414, 0
4415, 0
4416, 0
4417, 50
4418, 51
4419, 50
4420, 48
4421, 48
4422, 49
4423, 0
4424, 0
4425, 49
4426, 48
4427, 48
4428, 48
4429, 47
4430, 0
4431, 0
4432, 0
4433, 48
4434, 51
4435, 49
4436, 49
4437, 47
4438, 48
4439, 50
4440, 51
4441, 48
4442, 49
4443, 48
4444, 48
4445, 48
4446, 0
4447, 0
4448, 0
4449, 47
4450, 47
4451, 46
4452, 0
4453, 48
4454, 48
4455, 0
4456, 0
4457, 56
4458, 56
4459, 56
4460, 55
4461, 56
4462, 56
4463, 0
4464, 0
4465, 0
4466, 57
4467, 57
4468, 56
4469, 55
4470, 0
4471, 0
4472, 0
4473, 48
4474, 48
4475, 48
4476, 0
4477, 48
4478, 0
4479, 0
4480, 0
4481, 48
4482, 48
4483, 48
4484, 46
4485, 48
4486, 47
4487, 0
4488, 0
4489, 54
4490, 0
4491, 55
4492, 57
4493, 57
4494, 0
4495, 0
4496, 0
4497, 54
4498, 56
4499, 58
4500, 57
4501, 57
4502, 0
4503, 0
4504, 0
4505, 48
4506, 48
4507, 47
4508, 47
4509, 47
4510, 48
4511, 51
4512, 56
4513, 57
4514, 54
4515, 54
4516, 0
4517, 0
4518, 0
4519, 0
4520, 0
4521, 49
4522, 49
4523, 48
4524, 49
4525, 0
4526, 45
4527, 0
4528, 0
4529, 56
4530, 0
4531, 55
4532, 55
4533, 55
4534, 57
4535, 0
4536, 0
4537, 55
4538, 55
4539, 55
4540, 57
4541, 57
4542, 0
4543, 0
4544, 0
4545, 0
4546, 0
4547, 0
4548, 0
4549, 49
4550, 47
4551, 49
4552, 0
4553, 63
4554, 63
4555, 64
4556, 64
4557, 65
4558, 0
4559, 0
4560, 0
4561, 48
4562, 49
4563, 48
4564, 47
4565, 48
4566, 51
4567, 0
4568, 0
4569, 48
4570, 47
4571, 50
4572, 48
4573, 46
4574, 0
4575, 46
4576, 0
4577, 0
4578, 46
4579, 0
4580, 49
4581, 49
4582, 0
4583, 0
4584, 0
4585, 49
4586, 49
4587, 49
4588, 48
4589, 47
4590, 50
4591, 0
4592, 0
4593, 50
4594, 48
4595, 47
4596, 50
4597, 48
4598, 48
4599, 0
4600, 0
4601, 46
4602, 0
4603, 0
4604, 0
4605, 0
4606, 0
4607, 0
4608, 0
4609, 59
4610, 56
4611, 55
4612, 0
4613, 54
4614, 0
4615, 0
4616, 0
4617, 50
4618, 47
4619, 48
4620, 48
4621, 48
4622, 0
4623, 0
4624, 0
4625, 49
4626, 49
4627, 48
4628, 47
4629, 48
4630, 47
4631, 49
4632, 64
4633, 64
4634, 0
4635, 62
4636, 63
4637, 65
4638, 66
4639, 0
4640, 0
4641, 48
4642, 48
4643, 48
4644, 48
4645, 48
4646, 48
4647, 0
4648, 54
4649, 54
4650, 55
4651, 55
4652, 53
4653, 0
4654, 56
4655, 0
4656, 0
4657, 49
4658, 50
4659, 50
4660, 47
4661, 48
4662, 48
4663, 0
4664, 0
4665, 0
4666, 0
4667, 0
4668, 0
4669, 0
4670, 0
4671, 0
4672, 0
4673, 0
4674, 0
4675, 0
4676, 0
4677, 0
4678, 0
4679, 0
4680, 0
4681, 0
4682, 0
4683, 0
4684, 0
4685, 0
4686, 0
4687, 0
4688, 0
4689, 0
4690, 0
4691, 0
4692, 0
4693, 0
4694, 0
4695, 0
4696, 0
4697, 0
4698, 54
4699, 55
4700, 55
4701, 55
4702, 54
4703, 0
4704, 0
4705, 0
4706, 57
4707, 59
4708, 57
4709, 56
4710, 56
4711, 39
4712, 39
4713, 41
4714, 40
4715, 40
4716, 40
4717, 0
4718, 35
4719, 0
4720, 0
4721, 0
4722, 55
4723, 54
4724, 56
4725, 54
4726, 0
4727, 0
4728, 0
4729, 49
4730, 48
4731, 48
4732, 47
4733, 49
4734, 47
4735, 48
4736, 58
4737, 56
4738, 54
4739, 57
4740, 56
4741, 55
4742, 57
4743, 0
4744, 0
4745, 56
4746, 56
4747, 57
4748, 56
4749, 54
4750, 55
4751, 55
4752, 54
4753, 0
4754, 56
4755, 56
4756, 57
4757, 57
4758, 55
4759, 0
4760, 0
4761, 49
4762, 50
4763, 48
4764, 47
4765, 48
4766, 48
4767, 0
4768, 0
4769, 50
4770, 48
4771, 47
4772, 49
4773, 48
4774, 48
4775, 0
4776, 53
4777, 0
4778, 54
4779, 53
4780, 55
4781, 0
4782, 55
4783, 0
4784, 0
4785, 49
4786, 0
4787, 0
4788, 46
4789, 44
4790, 0
4791, 54
4792, 56
4793, 54
4794, 56
4795, 58
4796, 56
4797, 56
4798, 59
4799, 55
4800, 0
4801, 47
4802, 48
4803, 48
4804, 48
4805, 47
4806, 47
4807, 48
4808, 54
4809, 54
4810, 0
4811, 56
4812, 57
4813, 57
4814, 56
4815, 0
4816, 0
4817, 50
4818, 0
4819, 48
4820, 0
4821, 49
4822, 48
4823, 48
4824, 47
4825, 47
4826, 49
4827, 50
4828, 50
4829, 47
4830, 48
4831, 49
4832, 55
4833, 56
4834, 57
4835, 55
4836, 56
4837, 0
4838, 54
4839, 0
4840, 0
4841, 49
4842, 46
4843, 46
4844, 0
4845, 49
4846, 49
4847, 53
4848, 56
4849, 56
4850, 56
4851, 56
4852, 56
4853, 55
4854, 56
4855, 58
4856, 56
4857, 55
4858, 55
4859, 56
4860, 56
4861, 54
4862, 55
4863, 0
4864, 0
4865, 49
4866, 47
4867, 47
4868, 49
4869, 48
4870, 49
4871, 49
4872, 49
4873, 48
4874, 47
4875, 48
4876, 0
4877, 47
4878, 0
4879, 53
4880, 62
4881, 63
4882, 65
4883, 64
4884, 64
4885, 63
4886, 64
4887, 0
4888, 0
4889, 57
4890, 57
4891, 54
4892, 55
4893, 0
4894, 55
4895, 0
4896, 0
4897, 47
4898, 48
4899, 50
4900, 48
4901, 49
4902, 49
4903, 48
4904, 49
4905, 49
4906, 48
4907, 48
4908, 48
4909, 47
4910, 48
4911, 49
4912, 47
4913, 48
4914, 49
4915, 49
4916, 50
4917, 48
4918, 47
4919, 51
4920, 49
4921, 48
4922, 46
4923, 52
4924, 48
4925, 48
4926, 48
4927, 48
4928, 48
4929, 52
4930, 49
4931, 48
4932, 47
4933, 47
4934, 49
4935, 0
4936, 53
4937, 0
4938, 0
4939, 0
4940, 56
4941, 57
4942, 57
4943, 0
4944, 0
4945, 48
4946, 47
4947, 48
4948, 0
4949, 46
4950, 0
4951, 49
4952, 50
4953, 47
4954, 48
4955, 48
4956, 49
4957, 48
4958, 47
4959, 47
4960, 48
4961, 48
4962, 47
4963, 46
4964, 47
4965, 49
4966, 48
4967, 49
4968, 56
4969, 56
4970, 57
4971, 58
4972, 56
4973, 55
4974, 57
4975, 57
4976, 56
4977, 57
4978, 56
4979, 55
4980, 56
4981, 0
4982, 56
4983, 0
4984, 0
4985, 47
4986, 49
4987, 50
4988, 49
4989, 47
4990, 47
4991, 49
4992, 48
4993, 47
4994, 50
4995, 48
4996, 48
4997, 50
4998, 48
4999, 48
5000, 49
5001, 50
5002, 48
5003, 48
5004, 49
5005, 48
5006, 49
5007, 50
5008, 49
5009, 50
5010, 49
5011, 50
5012, 50
5013, 48
5014, 48
5015, 48
5016, 48
5017, 48
5018, 47
5019, 47
5020, 47
5021, 0
5022, 49
5023, 50
5024, 51
5025, 50
5026, 50
5027, 50
5028, 49
5029, 49
5030, 47
5031, 48
5032, 49
5033, 49
5034, 50
5035, 0
5036, 46
5037, 0
5038, 49
5039, 50
5040, 46
5041, 46
5042, 47
5043, 48
5044, 49
5045, 49
5046, 48
5047, 47
5048, 47
5049, 50
5050, 49
5051, 49
5052, 49
5053, 47
5054, 49
5055, 50
5056, 47
5057, 48
5058, 50
5059, 0
5060, 46
5061, 0
5062, 47
5063, 46
5064, 49
5065, 0
5066, 46
5067, 46
5068, 0
5069, 48
5070, 47
5071, 50
5072, 50
5073, 47
5074, 47
5075, 50
5076, 50
5077, 49
5078, 0
5079, 0
5080, 0
5081, 40
5082, 40
5083, 40
5084, 39
5085, 40
5086, 39
5087, 40
5088, 49
5089, 49
5090, 48
5091, 47
5092, 48
5093, 49
5094, 47
5095, 46
5096, 47
5097, 48
5098, 48
5099, 49
5100, 50
5101, 49
5102, 49
5103, 49
5104, 48
5105, 48
5106, 49
5107, 49
5108, 47
5109, 48
5110, 48
5111, 47
5112, 48
5113, 48
5114, 47
5115, 47
5116, 47
5117, 49
5118, 48
5119, 47
5120, 47
5121, 49
5122, 49
5123, 48
5124, 48
5125, 47
5126, 48
5127, 49
5128, 49
5129, 49
5130, 48
5131, 50
5132, 48
5133, 47
5134, 50
5135, 50
5136, 48
5137, 48
5138, 48
5139, 48
5140, 49
5141, 48
5142, 49
5143, 49
5144, 49
5145, 50
5146, 51
5147, 49
5148, 48
5149, 49
5150, 48
5151, 49
5152, 49
5153, 50
5154, 50
5155, 51
5156, 47
5157, 47
5158, 50
5159, 50
5160, 47
5161, 48
5162, 48
5163, 48
5164, 49
5165, 48
5166, 49
5167, 50
5168, 48
5169, 49
5170, 49
5171, 48
5172, 49
5173, 47
5174, 47
5175, 0
5176, 0
5177, 47
5178, 46
5179, 47
5180, 50
5181, 47
5182, 47
5183, 0
5184, 0
5185, 47
5186, 49
5187, 48
5188, 47
5189, 47
5190, 49
5191, 49
5192, 48
5193, 50
5194, 48
5195, 47
5196, 50
5197, 50
5198, 48
5199, 32
5200, 0
5201, 0
5202, 0
5203, 49
5204, 51
5205, 47
5206, 47
5207, 49
5208, 47
5209, 48
5210, 48
5211, 48
5212, 48
5213, 48
5214, 49
5215, 53
5216, 46
5217, 46
5218, 49
5219, 49
5220, 49
5221, 48
5222, 48
5223, 48
5224, 49
5225, 0
5226, 45
5227, 0
5228, 49
5229, 47
5230, 47
5231, 47
5232, 47
5233, 49
5234, 49
5235, 47
5236, 48
5237, 0
5238, 0
5239, 0
5240, 0
5241, 45
5242, 0
5243, 49
5244, 48
5245, 48
5246, 48
5247, 40
5248, 0
5249, 0
5250, 55
5251, 58
5252, 58
5253, 56
5254, 57
5255, 0
5256, 0
5257, 49
5258, 48
5259, 47
5260, 49
5261, 49
5262, 48
5263, 49
5264, 56
5265, 0
5266, 54
5267, 0
5268, 58
5269, 57
5270, 0
5271, 0
5272, 0
5273, 56
5274, 55
5275, 0
5276, 56
5277, 0
5278, 0
5279, 0
5280, 0
5281, 0
5282, 0
5283, 0
5284, 0
5285, 0
5286, 0
5287, 0
5288, 0
5289, 0
5290, 0
5291, 0
5292, 0
5293, 0
5294, 0
5295, 0
5296, 0
5297, 0
5298, 0
5299, 0
5300, 0
5301, 0
5302, 0
5303, 0
5304, 0
5305, 0
5306, 0
5307, 0
5308, 49
5309, 48
5310, 48
5311, 49
5312, 48
5313, 48
5314, 49
5315, 48
5316, 48
5317, 48
5318, 48
5319, 48
5320, 47
5321, 48
5322, 48
5323, 47
5324, 47
5325, 47
5326, 51
5327, 50
5328, 47
5329, 49
5330, 48
5331, 47
5332, 49
5333, 48
5334, 48
5335, 49
5336, 49
5337, 48
5338, 50
5339, 49
5340, 48
5341, 48
5342, 48
5343, 48
5344, 47
5345, 48
5346, 48
5347, 47
5348, 47
5349, 47
5350, 49
5351, 48
5352, 47
5353, 49
5354, 48
5355, 47
5356, 49
5357, 48
5358, 47
5359, 50
5360, 48
5361, 48
5362, 48
5363, 48
5364, 47
5365, 47
5366, 47
5367, 50
5368, 49
5369, 49
5370, 48
5371, 47
5372, 47
5373, 47
5374, 48
5375, 48
5376, 49
5377, 48
5378, 48
5379, 47
5380, 48
5381, 48
5382, 47
5383, 49
5384, 48
5385, 48
5386, 49
5387, 48
5388, 48
5389, 48
5390, 48
5391, 48
5392, 47
5393, 48
5394, 48
5395, 48
5396, 48
5397, 48
5398, 49
5399, 0
5400, 46
5401, 0
5402, 48
5403, 48
5404, 47
5405, 48
5406, 49
5407, 49
5408, 49
5409, 48
5410, 47
5411, 46
5412, 47
5413, 47
5414, 48
5415, 0
5416, 46
5417, 0
5418, 49
5419, 47
5420, 48
5421, 49
5422, 48
5423, 0
5424, 47
5425, 0
5426, 50
5427, 48
5428, 48
5429, 48
5430, 48
5431, 49
5432, 48
5433, 48
5434, 50
5435, 48
5436, 0
5437, 46
5438, 0
5439, 48
5440, 47
5441, 48
5442, 48
5443, 47
5444, 49
5445, 49
5446, 50
5447, 50
5448, 47
5449, 49
5450, 48
5451, 47
5452, 49
5453, 48
5454, 47
5455, 49
5456, 48
5457, 47
5458, 47
5459, 48
5460, 49
5461, 48
5462, 48
5463, 0
5464, 46
5465, 0
5466, 48
5467, 47
5468, 49
5469, 49
5470, 48
5471, 0
5472, 46
5473, 0
5474, 49
5475, 47
5476, 50
5477, 49
5478, 48
5479, 50
5480, 1986
5481, 1984
5482, 1984
5483, 1985
5484, 1984
5485, 1984
5486, 1985
5487, 1985
5488, 1983
5489, 1984
5490, 48
5491, 47
5492, 47
5493, 48
5494, 49
5495, 49
5496, 47
5497, 47
5498, 47
