0, 0
1, 0
2, 0
3, 0
4, 0
5, 0
6, 0
7, 0
8, 0
9, 0
10, 0
11, 0
12, 0
13, 0
14, 0
15, 0
16, 0
17, 0
18, 0
19, 0
20, 0
21, 0
22, 0
23, 0
24, 0
25, 0
26, 0
27, 0
28, 0
29, 0
30, 0
31, 0
32, 0
33, 0
34, 0
35, 0
36, 0
37, 0
38, 0
39, 0
40, 0
41, 0
42, 0
43, 0
44, 0
45, 0
46, 0
47, 0
48, 0
49, 0
50, 0
51, 0
52, 0
53, 0
54, 0
55, 0
56, 0
57, 0
58, 0
59, 0
60, 0
61, 0
62, 0
63, 0
64, 0
65, 0
66, 0
67, 0
68, 0
69, 0
70, 0
71, 0
72, 0
73, 0
74, 0
75, 0
76, 0
77, 0
78, 0
79, 0
80, 0
81, 0
82, 0
83, 0
84, 0
85, 0
86, 0
87, 0
88, 0
89, 0
90, 0
91, 0
92, 0
93, 0
94, 0
95, 0
96, 0
97, 0
98, 0
99, 0
100, 0
101, 0
102, 0
103, 0
104, 0
105, 0
106, 0
107, 0
108, 0
109, 0
110, 0
111, 0
112, 0
113, 0
114, 0
115, 0
116, 0
117, 0
118, 0
119, 0
120, 0
121, 0
122, 0
123, 0
124, 0
125, 0
126, 0
127, 0
128, 0
129, 0
130, 0
131, 0
132, 0
133, 0
134, 0
135, 0
136, 0
137, 0
138, 0
139, 0
140, 0
141, 0
142, 0
143, 0
144, 0
145, 0
146, 0
147, 0
148, 0
149, 0
150, 0
151, 0
152, 0
153, 0
154, 0
155, 0
156, 0
157, 0
158, 0
159, 0
160, 0
161, 0
162, 0
163, 0
164, 0
165, 0
166, 0
167, 0
168, 0
169, 0
170, 0
171, 0
172, 0
173, 0
174, 0
175, 0
176, 0
177, 0
178, 0
179, 0
180, 0
181, 0
182, 0
183, 0
184, 0
185, 0
186, 0
187, 0
188, 0
189, 0
190, 0
191, 0
192, 0
193, 0
194, 0
195, 0
196, 0
197, 0
198, 0
199, 0
200, 0
201, 0
202, 0
203, 0
204, 0
205, 0
206, 0
207, 0
208, 0
209, 0
210, 0
211, 0
212, 0
213, 0
214, 0
215, 0
216, 0
217, 0
218, 0
219, 0
220, 0
221, 0
222, 0
223, 0
224, 0
225, 0
226, 0
227, 0
228, 0
229, 0
230, 0
231, 0
232, 0
233, 0
234, 0
235, 0
236, 0
237, 0
238, 0
239, 0
240, 0
241, 0
242, 0
243, 0
244, 0
245, 0
246, 0
247, 0
248, 0
249, 0
250, 0
251, 0
252, 0
253, 0
254, 0
255, 0
256, 0
257, 0
258, 0
259, 0
260, 0
261, 0
262, 0
263, 0
264, 0
265, 0
266, 0
267, 0
268, 0
269, 0
270, 0
271, 0
272, 0
273, 0
274, 0
275, 0
276, 0
277, 0
278, 0
279, 0
280, 0
281, 0
282, 0
283, 0
284, 0
285, 0
286, 0
287, 0
288, 0
289, 0
290, 0
291, 0
292, 0
293, 0
294, 0
295, 0
296, 0
297, 0
298, 0
299, 0
300, 0
301, 0
302, 0
303, 0
304, 0
305, 0
306, 0
307, 0
308, 0
309, 0
310, 0
311, 0
312, 0
313, 0
314, 0
315, 0
316, 0
317, 0
318, 0
319, 0
320, 0
321, 0
322, 0
323, 0
324, 0
325, 0
326, 0
327, 0
328, 0
329, 0
330, 0
331, 0
332, 0
333, 0
334, 0
335, 0
336, 0
337, 0
338, 0
339, 0
340, 0
341, 0
342, 0
343, 0
344, 0
345, 0
346, 0
347, 0
348, 0
349, 0
350, 0
351, 0
352, 0
353, 0
354, 0
355, 0
356, 0
357, 0
358, 0
359, 0
360, 0
361, 0
362, 0
363, 0
364, 0
365, 0
366, 0
367, 0
368, 0
369, 0
370, 0
371, 0
372, 0
373, 0
374, 0
375, 0
376, 0
377, 0
378, 0
379, 0
380, 0
381, 0
382, 0
383, 0
384, 0
385, 0
386, 0
387, 0
388, 0
389, 0
390, 0
391, 0
392, 0
393, 0
394, 0
395, 0
396, 0
397, 0
398, 0
399, 0
400, 0
401, 0
402, 0
403, 0
404, 0
405, 0
406, 0
407, 0
408, 0
409, 0
410, 0
411, 0
412, 0
413, 0
414, 0
415, 0
416, 0
417, 0
418, 0
419, 0
420, 0
421, 0
422, 0
423, 0
424, 0
425, 0
426, 0
427, 0
428, 0
429, 0
430, 0
431, 0
432, 0
433, 0
434, 0
435, 0
436, 0
437, 0
438, 0
439, 0
440, 0
441, 0
442, 0
443, 0
444, 0
445, 0
446, 0
447, 0
448, 0
449, 0
450, 0
451, 0
452, 0
453, 0
454, 0
455, 0
456, 0
457, 0
458, 0
459, 0
460, 0
461, 0
462, 0
463, 0
464, 0
465, 0
466, 0
467, 0
468, 0
469, 0
470, 0
471, 0
472, 0
473, 0
474, 0
475, 0
476, 0
477, 0
478, 0
479, 0
480, 0
481, 0
482, 0
483, 0
484, 0
485, 0
486, 0
487, 0
488, 0
489, 0
490, 0
491, 0
492, 0
493, 0
494, 0
495, 0
496, 0
497, 0
498, 0
499, 0
500, 0
501, 0
502, 0
503, 0
504, 0
505, 0
506, 0
507, 0
508, 0
509, 0
510, 0
511, 0
512, 0
513, 0
514, 0
515, 0
516, 0
517, 0
518, 0
519, 0
520, 0
521, 0
522, 0
523, 0
524, 0
525, 0
526, 0
527, 0
528, 0
529, 0
530, 0
531, 0
532, 0
533, 0
534, 0
535, 0
536, 0
537, 0
538, 0
539, 0
540, 0
541, 0
542, 0
543, 0
544, 0
545, 0
546, 0
547, 0
548, 0
549, 0
550, 0
551, 0
552, 0
553, 0
554, 0
555, 0
556, 0
557, 0
558, 0
559, 0
560, 0
561, 0
562, 0
563, 0
564, 0
565, 0
566, 0
567, 0
568, 0
569, 0
570, 0
571, 0
572, 0
573, 0
574, 0
575, 0
576, 0
577, 0
578, 0
579, 0
580, 0
581, 0
582, 0
583, 0
584, 0
585, 0
586, 0
587, 0
588, 0
589, 0
590, 0
591, 0
592, 0
593, 0
594, 0
595, 0
596, 0
597, 0
598, 0
599, 0
600, 0
601, 0
602, 0
603, 0
604, 0
605, 0
606, 0
607, 0
608, 0
609, 0
610, 0
611, 0
612, 0
613, 0
614, 0
615, 0
616, 0
617, 0
618, 0
619, 0
620, 0
621, 0
622, 0
623, 0
624, 0
625, 0
626, 0
627, 0
628, 0
629, 0
630, 0
631, 0
632, 0
633, 0
634, 0
635, 0
636, 0
637, 0
638, 0
639, 0
640, 0
641, 0
642, 0
643, 0
644, 0
645, 0
646, 0
647, 0
648, 0
649, 0
650, 0
651, 0
652, 0
653, 0
654, 0
655, 0
656, 0
657, 0
658, 0
659, 0
660, 0
661, 0
662, 0
663, 0
664, 0
665, 0
666, 0
667, 0
668, 0
669, 0
670, 0
671, 0
672, 0
673, 0
674, 0
675, 0
676, 0
677, 0
678, 0
679, 0
680, 0
681, 0
682, 0
683, 0
684, 0
685, 0
686, 0
687, 0
688, 0
689, 0
690, 0
691, 0
692, 0
693, 0
694, 0
695, 0
696, 0
697, 0
698, 0
699, 0
700, 0
701, 0
702, 0
703, 0
704, 0
705, 0
706, 0
707, 0
708, 0
709, 0
710, 0
711, 0
712, 0
713, 0
714, 0
715, 0
716, 0
717, 0
718, 0
719, 0
720, 0
721, 0
722, 0
723, 0
724, 0
725, 0
726, 0
727, 0
728, 0
729, 0
730, 0
731, 0
732, 0
733, 0
734, 0
735, 0
736, 0
737, 0
738, 0
739, 0
740, 0
741, 0
742, 0
743, 0
744, 0
745, 0
746, 0
747, 0
748, 0
749, 0
750, 0
751, 0
752, 0
753, 0
754, 0
755, 0
756, 0
757, 0
758, 0
759, 0
760, 0
761, 0
762, 0
763, 0
764, 0
765, 0
766, 0
767, 0
768, 0
769, 0
770, 0
771, 0
772, 0
773, 0
774, 0
775, 0
776, 0
777, 0
778, 0
779, 0
780, 0
781, 0
782, 0
783, 0
784, 0
785, 0
786, 0
787, 0
788, 0
789, 0
790, 0
791, 0
792, 0
793, 0
794, 0
795, 0
796, 0
797, 0
798, 0
799, 0
800, 0
801, 0
802, 0
803, 0
804, 0
805, 0
806, 0
807, 0
808, 0
809, 0
810, 0
811, 0
812, 0
813, 0
814, 0
815, 0
816, 0
817, 0
818, 0
819, 0
820, 0
821, 0
822, 0
823, 0
824, 0
825, 0
826, 0
827, 0
828, 0
829, 0
830, 0
831, 0
832, 0
833, 0
834, 0
835, 0
836, 0
837, 0
838, 0
839, 0
840, 0
841, 0
842, 0
843, 0
844, 0
845, 0
846, 0
847, 0
848, 0
849, 0
850, 0
851, 0
852, 0
853, 0
854, 0
855, 0
856, 0
857, 0
858, 0
859, 0
860, 0
861, 0
862, 0
863, 0
864, 0
865, 0
866, 0
867, 0
868, 0
869, 0
870, 0
871, 0
872, 0
873, 0
874, 0
875, 0
876, 0
877, 0
878, 0
879, 0
880, 0
881, 0
882, 0
883, 0
884, 0
885, 0
886, 0
887, 0
888, 0
889, 0
890, 0
891, 0
892, 0
893, 0
894, 0
895, 0
896, 0
897, 0
898, 0
899, 0
900, 0
901, 0
902, 0
903, 0
904, 0
905, 0
906, 0
907, 0
908, 0
909, 0
910, 0
911, 0
912, 0
913, 0
914, 0
915, 0
916, 0
917, 0
918, 0
919, 0
920, 0
921, 0
922, 0
923, 0
924, 0
925, 0
926, 0
927, 0
928, 0
929, 0
930, 0
931, 0
932, 0
933, 0
934, 0
935, 0
936, 0
937, 0
938, 0
939, 0
940, 0
941, 0
942, 0
943, 0
944, 0
945, 0
946, 0
947, 0
948, 0
949, 0
950, 0
951, 0
952, 0
953, 0
954, 0
955, 0
956, 0
957, 0
958, 0
959, 0
960, 0
961, 0
962, 0
963, 0
964, 0
965, 0
966, 0
967, 0
968, 0
969, 0
970, 0
971, 0
972, 0
973, 0
974, 0
975, 0
976, 0
977, 0
978, 0
979, 0
980, 0
981, 0
982, 0
983, 0
984, 0
985, 0
986, 0
987, 0
988, 0
989, 0
990, 0
991, 0
992, 0
993, 0
994, 0
995, 0
996, 0
997, 0
998, 0
999, 0
1000, 0
1001, 0
1002, 0
1003, 0
1004, 0
1005, 0
1006, 0
1007, 0
1008, 0
1009, 0
1010, 0
1011, 0
1012, 0
1013, 0
1014, 0
1015, 0
1016, 0
1017, 0
1018, 0
1019, 0
1020, 0
1021, 0
1022, 0
1023, 0
1024, 0
1025, 0
1026, 0
1027, 0
1028, 0
1029, 0
1030, 0
1031, 0
1032, 0
1033, 0
1034, 0
1035, 0
1036, 0
1037, 0
1038, 0
1039, 0
1040, 0
1041, 0
1042, 0
1043, 0
1044, 0
1045, 0
1046, 0
1047, 0
1048, 0
1049, 0
1050, 0
1051, 0
1052, 0
1053, 0
1054, 0
1055, 0
1056, 0
1057, 0
1058, 0
1059, 0
1060, 0
1061, 0
1062, 0
1063, 0
1064, 0
1065, 0
1066, 0
1067, 0
1068, 0
1069, 0
1070, 0
1071, 0
1072, 0
1073, 0
1074, 0
1075, 0
1076, 2100
1077, 1987
1078, 1966
1079, 0
1080, 0
1081, 0
1082, 0
1083, 1958
1084, 1875
1085, 0
1086, 1839
1087, 0
1088, 0
1089, 0
1090, 0
1091, 1832
1092, 1752
1093, 1737
1094, 1713
1095, 1710
1096, 0
1097, 0
1098, 1726
1099, 1724
1100, 1692
1101, 1643
1102, 1633
1103, 1631
1104, 1631
1105, 0
1106, 1629
1107, 0
1108, 1616
1109, 1559
1110, 1552
1111, 1551
1112, 0
1113, 0
1114, 1567
1115, 1568
1116, 1568
1117, 1526
1118, 1514
1119, 1512
1120, 0
1121, 0
1122, 1526
1123, 1528
1124, 1511
1125, 1468
1126, 0
1127, 1454
1128, 1455
1129, 1455
1130, 1455
1131, 1438
1132, 1409
1133, 1401
1134, 1394
1135, 1392
1136, 0
1137, 0
1138, 0
1139, 0
1140, 0
1141, 0
1142, 0
1143, 0
1144, 0
1145, 0
1146, 0
1147, 0
1148, 0
1149, 0
1150, 0
1151, 0
1152, 0
1153, 0
1154, 1341
1155, 1343
1156, 1309
1157, 1298
1158, 1290
1159, 1288
1160, 0
1161, 0
1162, 0
1163, 0
1164, 0
1165, 1266
1166, 0
1167, 1263
1168, 0
1169, 0
1170, 1277
1171, 1280
1172, 1277
1173, 1228
1174, 0
1175, 1224
1176, 0
1177, 0
1178, 1231
1179, 1232
1180, 1203
1181, 1193
1182, 0
1183, 1192
1184, 0
1185, 0
1186, 1198
1187, 1199
1188, 1192
1189, 1174
1190, 1162
1191, 1160
1192, 0
1193, 0
1194, 0
1195, 1175
1196, 1175
1197, 1144
1198, 1137
1199, 1136
1200, 0
1201, 0
1202, 0
1203, 0
1204, 1148
1205, 1117
1206, 1109
1207, 1109
1208, 0
1209, 0
1210, 1117
1211, 1118
1212, 1092
1213, 1088
1214, 1080
1215, 1079
1216, 0
1217, 0
1218, 0
1219, 1085
1220, 0
1221, 0
1222, 1048
1223, 1047
1224, 0
1225, 0
1226, 0
1227, 1058
1228, 1057
1229, 1037
1230, 1033
1231, 1031
1232, 0
1233, 0
1234, 0
1235, 0
1236, 1046
1237, 0
1238, 1015
1239, 1014
1240, 0
1241, 0
1242, 0
1243, 1032
1244, 1009
1245, 996
1246, 0
1247, 988
1248, 0
1249, 0
1250, 998
1251, 1000
1252, 984
1253, 969
1254, 961
1255, 960
1256, 0
1257, 0
1258, 0
1259, 0
1260, 0
1261, 955
1262, 0
1263, 944
1264, 0
1265, 0
1266, 957
1267, 0
1268, 959
1269, 945
1270, 928
1271, 0
1272, 0
1273, 0
1274, 943
1275, 942
1276, 944
1277, 0
1278, 911
1279, 910
1280, 0
1281, 0
1282, 0
1283, 925
1284, 926
1285, 904
1286, 903
1287, 0
1288, 0
1289, 0
1290, 919
1291, 916
1292, 0
1293, 0
1294, 886
1295, 0
1296, 0
1297, 0
1298, 904
1299, 904
1300, 891
1301, 880
1302, 874
1303, 871
1304, 0
1305, 0
1306, 0
1307, 888
1308, 878
1309, 874
1310, 863
1311, 863
1312, 0
1313, 0
1314, 879
1315, 865
1316, 863
1317, 856
1318, 854
1319, 854
1320, 0
1321, 0
1322, 871
1323, 870
1324, 871
1325, 860
1326, 848
1327, 847
1328, 0
1329, 0
1330, 864
1331, 863
1332, 846
1333, 838
1334, 833
1335, 832
1336, 0
1337, 0
1338, 845
1339, 846
1340, 0
1341, 0
1342, 0
1343, 0
1344, 0
1345, 0
1346, 0
1347, 831
1348, 827
1349, 821
1350, 809
1351, 807
1352, 0
1353, 0
1354, 0
1355, 822
1356, 818
1357, 802
1358, 800
1359, 799
1360, 0
1361, 0
1362, 0
1363, 811
1364, 0
1365, 793
1366, 788
1367, 785
1368, 0
1369, 0
1370, 0
1371, 806
1372, 807
1373, 797
1374, 785
1375, 783
1376, 0
1377, 0
1378, 799
1379, 0
1380, 784
1381, 0
1382, 776
1383, 774
1384, 0
1385, 0
1386, 791
1387, 790
1388, 782
1389, 774
1390, 761
1391, 760
1392, 0
1393, 0
1394, 0
1395, 781
1396, 779
1397, 0
1398, 0
1399, 766
1400, 0
1401, 0
1402, 784
1403, 783
1404, 784
1405, 773
1406, 769
1407, 765
1408, 0
1409, 0
1410, 782
1411, 775
1412, 774
1413, 762
1414, 0
1415, 759
1416, 0
1417, 0
1418, 783
1419, 783
1420, 769
1421, 764
1422, 0
1423, 0
1424, 0
1425, 0
1426, 776
1427, 776
1428, 774
1429, 761
1430, 0
1431, 760
1432, 0
1433, 0
1434, 775
1435, 757
1436, 755
1437, 746
1438, 743
1439, 743
1440, 0
1441, 0
1442, 752
1443, 749
1444, 749
1445, 751
1446, 736
1447, 735
1448, 0
1449, 0
1450, 751
1451, 751
1452, 745
1453, 731
1454, 729
1455, 728
1456, 0
1457, 0
1458, 0
1459, 751
1460, 750
1461, 737
1462, 0
1463, 726
1464, 0
1465, 0
1466, 733
1467, 734
1468, 735
1469, 727
1470, 711
1471, 710
1472, 0
1473, 0
1474, 725
1475, 727
1476, 726
1477, 721
1478, 713
1479, 712
1480, 0
1481, 0
1482, 725
1483, 0
1484, 0
1485, 0
1486, 714
1487, 711
1488, 0
1489, 0
1490, 726
1491, 727
1492, 727
1493, 713
1494, 706
1495, 704
1496, 0
1497, 0
1498, 717
1499, 718
1500, 719
1501, 703
1502, 697
1503, 696
1504, 0
1505, 0
1506, 710
1507, 711
1508, 709
1509, 703
1510, 695
1511, 694
1512, 0
1513, 0
1514, 708
1515, 710
1516, 711
1517, 0
1518, 0
1519, 689
1520, 0
1521, 0
1522, 0
1523, 701
1524, 700
1525, 693
1526, 0
1527, 687
1528, 0
1529, 0
1530, 704
1531, 0
1532, 701
1533, 692
1534, 689
1535, 686
1536, 0
1537, 0
1538, 702
1539, 704
1540, 703
1541, 699
1542, 690
1543, 687
1544, 0
1545, 0
1546, 0
1547, 703
1548, 702
1549, 694
1550, 688
1551, 688
1552, 0
1553, 0
1554, 694
1555, 695
1556, 691
1557, 684
1558, 674
1559, 672
1560, 0
1561, 0
1562, 686
1563, 688
1564, 686
1565, 678
1566, 0
1567, 671
1568, 0
1569, 0
1570, 680
1571, 679
1572, 678
1573, 677
1574, 666
1575, 664
1576, 0
1577, 0
1578, 679
1579, 680
1580, 672
1581, 670
1582, 0
1583, 0
1584, 0
1585, 0
1586, 0
1587, 0
1588, 0
1589, 0
1590, 0
1591, 0
1592, 0
1593, 0
1594, 0
1595, 646
1596, 644
1597, 638
1598, 634
1599, 632
1600, 0
1601, 0
1602, 0
1603, 656
1604, 654
1605, 649
1606, 642
1607, 640
1608, 0
1609, 0
1610, 0
1611, 654
1612, 0
1613, 0
1614, 639
1615, 638
1616, 0
1617, 0
1618, 0
1619, 0
1620, 645
1621, 632
1622, 629
1623, 628
1624, 0
1625, 0
1626, 0
1627, 0
1628, 0
1629, 0
1630, 0
1631, 0
1632, 0
1633, 0
1634, 0
1635, 0
1636, 0
1637, 0
1638, 0
1639, 0
1640, 0
1641, 0
1642, 0
1643, 0
1644, 653
1645, 646
1646, 0
1647, 0
1648, 0
1649, 637
1650, 0
1651, 640
1652, 630
1653, 629
1654, 622
1655, 0
1656, 0
1657, 0
1658, 0
1659, 638
1660, 636
1661, 635
1662, 626
1663, 624
1664, 0
1665, 0
1666, 0
1667, 638
1668, 637
1669, 0
1670, 623
1671, 0
1672, 0
1673, 0
1674, 631
1675, 632
1676, 631
1677, 619
1678, 620
1679, 621
1680, 0
1681, 0
1682, 0
1683, 625
1684, 0
1685, 619
1686, 616
1687, 616
1688, 0
1689, 621
1690, 624
1691, 623
1692, 616
1693, 0
1694, 611
1695, 612
1696, 0
1697, 0
1698, 0
1699, 632
1700, 631
1701, 623
1702, 0
1703, 612
1704, 0
1705, 0
1706, 631
1707, 632
1708, 629
1709, 626
1710, 0
1711, 0
1712, 0
1713, 0
1714, 631
1715, 0
1716, 628
1717, 0
1718, 618
1719, 615
1720, 0
1721, 0
1722, 0
1723, 0
1724, 629
1725, 625
1726, 625
1727, 0
1728, 0
1729, 0
1730, 631
1731, 0
1732, 629
1733, 0
1734, 608
1735, 0
1736, 0
1737, 0
1738, 0
1739, 616
1740, 615
1741, 603
1742, 601
1743, 600
1744, 0
1745, 0
1746, 612
1747, 0
1748, 615
1749, 613
1750, 608
1751, 608
1752, 0
1753, 0
1754, 614
1755, 616
1756, 614
1757, 603
1758, 601
1759, 599
1760, 0
1761, 0
1762, 615
1763, 614
1764, 614
1765, 613
1766, 607
1767, 606
1768, 0
1769, 0
1770, 615
1771, 615
1772, 616
1773, 607
1774, 598
1775, 598
1776, 0
1777, 0
1778, 607
1779, 608
1780, 607
1781, 600
1782, 599
1783, 598
1784, 0
1785, 0
1786, 0
1787, 614
1788, 0
1789, 615
1790, 608
1791, 606
1792, 605
1793, 607
1794, 605
1795, 607
1796, 608
1797, 608
1798, 606
1799, 606
1800, 0
1801, 614
1802, 611
1803, 614
1804, 612
1805, 609
1806, 608
1807, 607
1808, 0
1809, 0
1810, 616
1811, 616
1812, 614
1813, 0
1814, 612
1815, 613
1816, 0
1817, 0
1818, 613
1819, 614
1820, 614
1821, 586
1822, 577
1823, 575
1824, 0
1825, 0
1826, 583
1827, 583
1828, 582
1829, 568
1830, 0
1831, 560
1832, 560
1833, 558
1834, 559
1835, 559
1836, 559
1837, 558
1838, 556
1839, 548
1840, 0
1841, 0
1842, 0
1843, 0
1844, 0
1845, 0
1846, 0
1847, 0
1848, 0
1849, 0
1850, 0
1851, 0
1852, 0
1853, 0
1854, 0
1855, 0
1856, 0
1857, 0
1858, 0
1859, 0
1860, 0
1861, 0
1862, 0
1863, 0
1864, 0
1865, 0
1866, 0
1867, 0
1868, 0
1869, 0
1870, 0
1871, 0
1872, 0
1873, 0
1874, 0
1875, 0
1876, 0
1877, 0
1878, 0
1879, 0
1880, 0
1881, 0
1882, 590
1883, 590
1884, 588
1885, 585
1886, 581
1887, 0
1888, 0
1889, 0
1890, 574
1891, 575
1892, 574
1893, 575
1894, 575
1895, 574
1896, 0
1897, 582
1898, 584
1899, 0
1900, 581
1901, 581
1902, 573
1903, 568
1904, 0
1905, 565
1906, 0
1907, 0
1908, 564
1909, 564
1910, 561
1911, 0
1912, 0
1913, 0
1914, 0
1915, 576
1916, 575
1917, 568
1918, 568
1919, 567
1920, 0
1921, 0
1922, 0
1923, 0
1924, 0
1925, 0
1926, 0
1927, 0
1928, 0
1929, 0
1930, 0
1931, 566
1932, 565
1933, 567
1934, 567
1935, 560
1936, 0
1937, 0
1938, 0
1939, 0
1940, 0
1941, 0
1942, 0
1943, 0
1944, 0
1945, 0
1946, 565
1947, 566
1948, 568
1949, 567
1950, 566
1951, 559
1952, 0
1953, 0
1954, 575
1955, 575
1956, 574
1957, 568
1958, 567
1959, 566
1960, 565
1961, 566
1962, 565
1963, 564
1964, 564
1965, 0
1966, 555
1967, 0
1968, 0
1969, 0
1970, 551
1971, 0
1972, 549
1973, 0
1974, 551
1975, 543
1976, 0
1977, 0
1978, 551
1979, 552
1980, 544
1981, 543
1982, 540
1983, 0
1984, 540
1985, 541
1986, 542
1987, 542
1988, 542
1989, 543
1990, 541
1991, 535
1992, 0
1993, 0
1994, 0
1995, 552
1996, 550
1997, 544
1998, 544
1999, 0
2000, 542
2001, 0
2002, 542
2003, 0
2004, 0
2005, 531
2006, 0
2007, 535
2008, 0
2009, 0
2010, 0
2011, 0
2012, 540
2013, 0
2014, 543
2015, 543
2016, 0
2017, 0
2018, 0
2019, 0
2020, 549
2021, 0
2022, 541
2023, 534
2024, 0
2025, 0
2026, 550
2027, 551
2028, 551
2029, 551
2030, 552
2031, 548
2032, 549
2033, 551
2034, 549
2035, 551
2036, 0
2037, 542
2038, 0
2039, 0
2040, 0
2041, 527
2042, 527
2043, 526
2044, 527
2045, 528
2046, 527
2047, 527
2048, 0
2049, 0
2050, 535
2051, 534
2052, 530
2053, 526
2054, 527
2055, 520
2056, 0
2057, 0
2058, 0
2059, 527
2060, 526
2061, 526
2062, 527
2063, 525
2064, 0
2065, 0
2066, 534
2067, 533
2068, 529
2069, 527
2070, 527
2071, 519
2072, 0
2073, 0
2074, 528
2075, 0
2076, 526
2077, 526
2078, 524
2079, 524
2080, 527
2081, 528
2082, 526
2083, 528
2084, 527
2085, 525
2086, 520
2087, 510
2088, 0
2089, 0
2090, 0
2091, 0
2092, 528
2093, 527
2094, 524
2095, 527
2096, 527
2097, 526
2098, 525
2099, 525
2100, 0
2101, 527
2102, 526
2103, 518
2104, 517
2105, 518
2106, 520
2107, 0
2108, 517
2109, 513
2110, 511
2111, 511
2112, 0
2113, 0
2114, 527
2115, 527
2116, 526
2117, 525
2118, 527
2119, 519
2120, 519
2121, 0
2122, 518
2123, 0
2124, 0
2125, 512
2126, 0
2127, 512
2128, 0
2129, 0
2130, 527
2131, 526
2132, 526
2133, 526
2134, 523
2135, 0
2136, 0
2137, 517
2138, 0
2139, 520
2140, 520
2141, 514
2142, 510
2143, 508
2144, 510
2145, 511
2146, 511
2147, 508
2148, 510
2149, 511
2150, 512
2151, 0
2152, 0
2153, 504
2154, 503
2155, 503
2156, 500
2157, 493
2158, 494
2159, 495
2160, 0
2161, 500
2162, 0
2163, 504
2164, 503
2165, 502
2166, 502
2167, 502
2168, 503
2169, 503
2170, 503
2171, 504
2172, 503
2173, 502
2174, 499
2175, 495
2176, 0
2177, 0
2178, 0
2179, 0
2180, 500
2181, 0
2182, 496
2183, 496
2184, 0
2185, 0
2186, 501
2187, 0
2188, 504
2189, 502
2190, 500
2191, 493
2192, 493
2193, 493
2194, 496
2195, 0
2196, 492
2197, 487
2198, 485
2199, 487
2200, 0
2201, 0
2202, 0
2203, 0
2204, 0
2205, 0
2206, 0
2207, 527
2208, 527
2209, 524
2210, 523
2211, 0
2212, 527
2213, 522
2214, 520
2215, 511
2216, 508
2217, 0
2218, 512
2219, 512
2220, 512
2221, 511
2222, 510
2223, 511
2224, 0
2225, 0
2226, 520
2227, 520
2228, 519
2229, 518
2230, 0
2231, 509
2232, 0
2233, 0
2234, 0
2235, 517
2236, 0
2237, 513
2238, 512
2239, 512
2240, 509
2241, 511
2242, 512
2243, 511
2244, 510
2245, 510
2246, 509
2247, 508
2248, 0
2249, 0
2250, 0
2251, 0
2252, 0
2253, 0
2254, 513
2255, 0
2256, 0
2257, 0
2258, 0
2259, 504
2260, 0
2261, 507
2262, 503
2263, 503
2264, 503
2265, 0
2266, 500
2267, 0
2268, 0
2269, 501
2270, 502
2271, 494
2272, 0
2273, 0
2274, 0
2275, 501
2276, 501
2277, 0
2278, 0
2279, 0
2280, 0
2281, 494
2282, 496
2283, 495
2284, 495
2285, 495
2286, 486
2287, 487
2288, 0
2289, 0
2290, 0
2291, 0
2292, 495
2293, 495
2294, 496
2295, 495
2296, 0
2297, 0
2298, 0
2299, 510
2300, 510
2301, 509
2302, 0
2303, 502
2304, 0
2305, 0
2306, 0
2307, 511
2308, 0
2309, 508
2310, 508
2311, 509
2312, 505
2313, 0
2314, 0
2315, 510
2316, 512
2317, 0
2318, 503
2319, 502
2320, 0
2321, 504
2322, 503
2323, 501
2324, 501
2325, 501
2326, 500
2327, 494
2328, 0
2329, 0
2330, 503
2331, 503
2332, 504
2333, 501
2334, 496
2335, 496
2336, 0
2337, 0
2338, 502
2339, 502
2340, 503
2341, 0
2342, 501
2343, 0
2344, 499
2345, 502
2346, 503
2347, 504
2348, 503
2349, 503
2350, 503
2351, 0
2352, 491
2353, 491
2354, 0
2355, 494
2356, 496
2357, 496
2358, 494
2359, 495
2360, 0
2361, 0
2362, 503
2363, 504
2364, 502
2365, 497
2366, 495
2367, 495
2368, 0
2369, 502
2370, 500
2371, 503
2372, 501
2373, 503
2374, 503
2375, 494
2376, 494
2377, 495
2378, 496
2379, 496
2380, 495
2381, 495
2382, 0
2383, 501
2384, 501
2385, 501
2386, 502
2387, 502
2388, 502
2389, 497
2390, 495
2391, 496
2392, 0
2393, 0
2394, 501
2395, 500
2396, 502
2397, 503
2398, 502
2399, 494
2400, 0
2401, 501
2402, 502
2403, 500
2404, 500
2405, 501
2406, 502
2407, 502
2408, 504
2409, 503
2410, 503
2411, 504
2412, 502
2413, 503
2414, 503
2415, 504
2416, 503
2417, 502
2418, 502
2419, 504
2420, 503
2421, 503
2422, 504
2423, 502
2424, 502
2425, 504
2426, 503
2427, 502
2428, 502
2429, 500
2430, 495
2431, 486
2432, 0
2433, 0
2434, 492
2435, 493
2436, 0
2437, 493
2438, 0
2439, 487
2440, 486
2441, 487
2442, 487
2443, 486
2444, 0
2445, 488
2446, 485
2447, 487
2448, 0
2449, 0
2450, 494
2451, 496
2452, 489
2453, 487
2454, 484
2455, 483
2456, 483
2457, 482
2458, 484
2459, 485
2460, 0
2461, 486
2462, 0
2463, 488
2464, 0
2465, 0
2466, 494
2467, 496
2468, 494
2469, 494
2470, 492
2471, 486
2472, 484
2473, 485
2474, 487
2475, 486
2476, 487
2477, 488
2478, 487
2479, 487
2480, 0
2481, 0
2482, 495
2483, 494
2484, 496
2485, 0
2486, 490
2487, 0
2488, 495
2489, 495
2490, 495
2491, 492
2492, 494
2493, 495
2494, 495
2495, 496
2496, 493
2497, 493
2498, 495
2499, 493
2500, 496
2501, 495
2502, 487
2503, 480
2504, 480
2505, 480
2506, 480
2507, 480
2508, 478
2509, 479
2510, 479
2511, 479
2512, 479
2513, 480
2514, 480
2515, 480
2516, 479
2517, 478
2518, 479
2519, 479
2520, 0
2521, 488
2522, 488
2523, 488
2524, 487
2525, 486
2526, 485
2527, 486
2528, 485
2529, 487
2530, 488
2531, 487
2532, 487
2533, 487
2534, 486
2535, 486
2536, 487
2537, 487
2538, 488
2539, 486
2540, 481
2541, 481
2542, 481
2543, 480
2544, 0
2545, 0
2546, 0
2547, 487
2548, 486
2549, 487
2550, 487
2551, 487
2552, 487
2553, 486
2554, 0
2555, 0
2556, 0
2557, 483
2558, 0
2559, 0
2560, 477
2561, 0
2562, 479
2563, 480
2564, 478
2565, 478
2566, 478
2567, 479
2568, 478
2569, 480
2570, 479
2571, 478
2572, 479
2573, 480
2574, 478
2575, 479
2576, 0
2577, 0
2578, 488
2579, 487
2580, 486
2581, 486
2582, 485
2583, 0
2584, 484
2585, 0
2586, 486
2587, 488
2588, 487
2589, 487
2590, 0
2591, 485
2592, 0
2593, 486
2594, 487
2595, 0
2596, 486
2597, 483
2598, 481
2599, 479
2600, 479
2601, 480
2602, 480
2603, 480
2604, 478
2605, 479
2606, 478
2607, 477
2608, 479
2609, 478
2610, 476
2611, 479
2612, 480
2613, 479
2614, 479
2615, 479
2616, 0
2617, 0
2618, 0
2619, 487
2620, 488
2621, 487
2622, 496
2623, 496
2624, 0
2625, 0
2626, 510
2627, 511
2628, 510
2629, 510
2630, 506
2631, 501
2632, 502
2633, 503
2634, 501
2635, 503
2636, 503
2637, 501
2638, 0
2639, 497
2640, 499
2641, 0
2642, 500
2643, 502
2644, 503
2645, 502
2646, 503
2647, 503
2648, 503
2649, 502
2650, 501
2651, 0
2652, 503
2653, 0
2654, 0
2655, 500
2656, 0
2657, 503
2658, 503
2659, 504
2660, 504
2661, 503
2662, 504
2663, 503
2664, 503
2665, 503
2666, 0
2667, 501
2668, 0
2669, 503
2670, 0
2671, 499
2672, 502
2673, 503
2674, 502
2675, 500
2676, 502
2677, 502
2678, 0
2679, 491
2680, 493
2681, 493
2682, 492
2683, 495
2684, 493
2685, 0
2686, 494
2687, 493
2688, 493
2689, 495
2690, 495
2691, 494
2692, 495
2693, 491
2694, 486
2695, 480
2696, 480
2697, 480
2698, 479
2699, 479
2700, 479
2701, 479
2702, 479
2703, 478
2704, 0
2705, 0
2706, 487
2707, 487
2708, 487
2709, 486
2710, 486
2711, 480
2712, 478
2713, 478
2714, 479
2715, 479
2716, 478
2717, 479
2718, 477
2719, 477
2720, 0
2721, 479
2722, 478
2723, 480
2724, 479
2725, 480
2726, 479
2727, 480
2728, 0
2729, 0
2730, 486
2731, 0
2732, 485
2733, 0
2734, 487
2735, 487
2736, 487
2737, 487
2738, 488
2739, 485
2740, 486
2741, 486
2742, 0
2743, 486
2744, 487
2745, 486
2746, 487
2747, 487
2748, 485
2749, 485
2750, 485
2751, 483
2752, 483
2753, 484
2754, 485
2755, 0
2756, 486
2757, 484
2758, 484
2759, 485
2760, 484
2761, 487
2762, 487
2763, 486
2764, 487
2765, 488
2766, 487
2767, 487
2768, 486
2769, 486
2770, 488
2771, 488
2772, 485
2773, 485
2774, 484
2775, 485
2776, 487
2777, 487
2778, 487
2779, 0
2780, 484
2781, 0
2782, 488
2783, 0
2784, 486
2785, 0
2786, 487
2787, 487
2788, 486
2789, 485
2790, 485
2791, 486
2792, 487
2793, 488
2794, 488
2795, 487
2796, 487
2797, 488
2798, 485
2799, 486
2800, 487
2801, 486
2802, 488
2803, 0
2804, 483
2805, 0
2806, 488
2807, 487
2808, 488
2809, 487
2810, 486
2811, 484
2812, 487
2813, 486
2814, 486
2815, 486
2816, 487
2817, 487
2818, 486
2819, 487
2820, 0
2821, 485
2822, 484
2823, 483
2824, 485
2825, 0
2826, 488
2827, 486
2828, 487
2829, 488
2830, 488
2831, 0
2832, 0
2833, 0
2834, 0
2835, 0
2836, 487
2837, 488
2838, 0
2839, 486
2840, 486
2841, 0
2842, 488
2843, 487
2844, 486
2845, 0
2846, 485
2847, 0
2848, 487
2849, 487
2850, 488
2851, 0
2852, 484
2853, 0
2854, 488
2855, 488
2856, 486
2857, 488
2858, 488
2859, 486
2860, 486
2861, 487
2862, 487
2863, 488
2864, 486
2865, 486
2866, 487
2867, 488
2868, 486
2869, 486
2870, 486
2871, 486
2872, 485
2873, 484
2874, 486
2875, 488
2876, 486
2877, 485
2878, 487
2879, 487
2880, 486
2881, 487
2882, 486
2883, 488
2884, 488
2885, 488
2886, 488
2887, 488
2888, 486
2889, 486
2890, 486
2891, 486
2892, 487
2893, 487
2894, 487
2895, 487
2896, 487
2897, 487
2898, 488
2899, 487
2900, 486
2901, 0
2902, 0
2903, 0
2904, 0
2905, 494
2906, 494
2907, 495
2908, 495
2909, 494
2910, 495
2911, 0
2912, 494
2913, 0
2914, 496
2915, 496
2916, 495
2917, 495
2918, 495
2919, 501
2920, 501
2921, 501
2922, 504
2923, 0
2924, 500
2925, 0
2926, 0
2927, 0
2928, 0
2929, 0
2930, 496
2931, 494
2932, 494
2933, 494
2934, 494
2935, 493
2936, 495
2937, 494
2938, 494
2939, 494
2940, 494
2941, 494
2942, 493
2943, 0
2944, 0
2945, 0
2946, 0
2947, 0
2948, 0
2949, 0
2950, 0
2951, 0
2952, 0
2953, 477
2954, 477
2955, 0
2956, 480
2957, 480
2958, 478
2959, 478
2960, 475
2961, 476
2962, 479
2963, 479
2964, 479
2965, 479
2966, 478
2967, 480
2968, 480
2969, 477
2970, 478
2971, 479
2972, 479
2973, 480
2974, 478
2975, 479
2976, 0
2977, 0
2978, 486
2979, 487
2980, 487
2981, 488
2982, 486
2983, 486
2984, 485
2985, 484
2986, 486
2987, 485
2988, 0
2989, 487
2990, 486
2991, 0
2992, 0
2993, 477
2994, 478
2995, 478
2996, 479
2997, 480
2998, 0
2999, 0
3000, 0
3001, 471
3002, 472
3003, 471
3004, 471
3005, 472
3006, 473
3007, 476
3008, 479
3009, 480
3010, 480
3011, 0
3012, 478
3013, 477
3014, 484
3015, 485
3016, 486
3017, 487
3018, 487
3019, 0
3020, 485
3021, 0
3022, 486
3023, 485
3024, 487
3025, 487
3026, 487
3027, 486
3028, 487
3029, 484
3030, 487
3031, 0
3032, 482
3033, 0
3034, 487
3035, 486
3036, 488
3037, 488
3038, 487
3039, 0
3040, 0
3041, 479
3042, 478
3043, 477
3044, 480
3045, 480
3046, 478
3047, 479
3048, 477
3049, 0
3050, 479
3051, 479
3052, 480
3053, 479
3054, 478
3055, 478
3056, 0
3057, 0
3058, 488
3059, 487
3060, 487
3061, 487
3062, 486
3063, 0
3064, 0
3065, 480
3066, 478
3067, 478
3068, 479
3069, 478
3070, 480
3071, 486
3072, 487
3073, 486
3074, 486
3075, 487
3076, 488
3077, 487
3078, 494
3079, 0
3080, 0
3081, 486
3082, 487
3083, 486
3084, 486
3085, 486
3086, 485
3087, 486
3088, 488
3089, 0
3090, 483
3091, 484
3092, 0
3093, 486
3094, 486
3095, 488
3096, 487
3097, 487
3098, 485
3099, 485
3100, 485
3101, 485
3102, 486
3103, 0
3104, 0
3105, 478
3106, 478
3107, 478
3108, 475
3109, 476
3110, 478
3111, 478
3112, 478
3113, 480
3114, 479
3115, 478
3116, 478
3117, 479
3118, 486
3119, 492
3120, 494
3121, 492
3122, 492
3123, 0
3124, 494
3125, 495
3126, 494
3127, 0
3128, 0
3129, 486
3130, 486
3131, 487
3132, 487
3133, 488
3134, 0
3135, 0
3136, 482
3137, 484
3138, 486
3139, 487
3140, 486
3141, 486
3142, 486
3143, 485
3144, 485
3145, 487
3146, 486
3147, 484
3148, 0
3149, 485
3150, 0
3151, 0
3152, 0
3153, 479
3154, 477
3155, 479
3156, 479
3157, 479
3158, 479
3159, 479
3160, 478
3161, 478
3162, 478
3163, 479
3164, 479
3165, 479
3166, 0
3167, 0
3168, 0
3169, 483
3170, 0
3171, 486
3172, 485
3173, 487
3174, 487
3175, 487
3176, 488
3177, 487
3178, 488
3179, 486
3180, 487
3181, 487
3182, 487
3183, 488
3184, 488
3185, 488
3186, 487
3187, 487
3188, 0
3189, 484
3190, 0
3191, 488
3192, 487
3193, 485
3194, 488
3195, 488
3196, 487
3197, 488
3198, 496
3199, 0
3200, 0
3201, 495
3202, 495
3203, 494
3204, 493
3205, 493
3206, 493
3207, 0
3208, 491
3209, 0
3210, 496
3211, 494
3212, 496
3213, 0
3214, 493
3215, 0
3216, 0
3217, 488
3218, 486
3219, 0
3220, 485
3221, 0
3222, 485
3223, 488
3224, 487
3225, 485
3226, 485
3227, 487
3228, 0
3229, 484
3230, 0
3231, 0
3232, 0
3233, 495
3234, 494
3235, 494
3236, 494
3237, 495
3238, 0
3239, 494
3240, 0
3241, 494
3242, 493
3243, 495
3244, 495
3245, 495
3246, 495
3247, 0
3248, 0
3249, 0
3250, 482
3251, 0
3252, 485
3253, 488
3254, 489
3255, 489
3256, 494
3257, 494
3258, 0
3259, 494
3260, 493
3261, 494
3262, 493
3263, 495
3264, 496
3265, 495
3266, 494
3267, 496
3268, 496
3269, 495
3270, 501
3271, 0
3272, 0
3273, 0
3274, 495
3275, 494
3276, 496
3277, 496
3278, 494
3279, 0
3280, 0
3281, 485
3282, 487
3283, 487
3284, 486
3285, 486
3286, 487
3287, 486
3288, 0
3289, 493
3290, 492
3291, 494
3292, 496
3293, 495
3294, 503
3295, 503
3296, 501
3297, 502
3298, 504
3299, 503
3300, 502
3301, 0
3302, 501
3303, 0
3304, 0
3305, 495
3306, 494
3307, 495
3308, 495
3309, 496
3310, 497
3311, 0
3312, 0
3313, 493
3314, 0
3315, 490
3316, 0
3317, 493
3318, 499
3319, 503
3320, 502
3321, 504
3322, 504
3323, 501
3324, 502
3325, 503
3326, 502
3327, 503
3328, 0
3329, 501
3330, 0
3331, 503
3332, 501
3333, 503
3334, 504
3335, 0
3336, 0
3337, 494
3338, 496
3339, 496
3340, 494
3341, 494
3342, 494
3343, 0
3344, 491
3345, 0
3346, 495
3347, 496
3348, 496
3349, 496
3350, 500
3351, 502
3352, 503
3353, 503
3354, 503
3355, 503
3356, 503
3357, 503
3358, 504
3359, 0
3360, 0
3361, 0
3362, 0
3363, 500
3364, 503
3365, 0
3366, 504
3367, 0
3368, 0
3369, 504
3370, 504
3371, 502
3372, 503
3373, 0
3374, 501
3375, 503
3376, 503
3377, 502
3378, 503
3379, 504
3380, 503
3381, 500
3382, 500
3383, 0
3384, 0
3385, 493
3386, 495
3387, 494
3388, 495
3389, 495
3390, 496
3391, 495
3392, 493
3393, 495
3394, 496
3395, 494
3396, 494
3397, 494
3398, 503
3399, 504
3400, 501
3401, 503
3402, 504
3403, 503
3404, 504
3405, 503
3406, 503
3407, 0
3408, 0
3409, 503
3410, 504
3411, 502
3412, 502
3413, 502
3414, 510
3415, 0
3416, 0
3417, 503
3418, 501
3419, 503
3420, 503
3421, 501
3422, 502
3423, 504
3424, 503
3425, 503
3426, 503
3427, 502
3428, 503
3429, 504
3430, 0
3431, 0
3432, 0
3433, 503
3434, 502
3435, 502
3436, 504
3437, 504
3438, 501
3439, 502
3440, 502
3441, 502
3442, 503
3443, 503
3444, 503
3445, 504
3446, 503
3447, 506
3448, 512
3449, 510
3450, 511
3451, 508
3452, 510
3453, 512
3454, 519
3455, 0
3456, 0
3457, 501
3458, 501
3459, 502
3460, 503
3461, 502
3462, 501
3463, 502
3464, 0
3465, 501
3466, 501
3467, 0
3468, 502
3469, 503
3470, 509
3471, 0
3472, 514
3473, 519
3474, 0
3475, 517
3476, 516
3477, 519
3478, 519
3479, 0
3480, 0
3481, 504
3482, 504
3483, 503
3484, 501
3485, 0
3486, 504
3487, 505
3488, 511
3489, 510
3490, 511
3491, 510
3492, 508
3493, 511
3494, 517
3495, 0
3496, 0
3497, 503
3498, 503
3499, 504
3500, 503
3501, 501
3502, 502
3503, 0
3504, 0
3505, 504
3506, 504
3507, 504
3508, 502
3509, 501
3510, 507
3511, 0
3512, 0
3513, 502
3514, 502
3515, 0
3516, 500
3517, 0
3518, 0
3519, 502
3520, 0
3521, 496
3522, 496
3523, 493
3524, 495
3525, 495
3526, 503
3527, 505
3528, 511
3529, 511
3530, 509
3531, 510
3532, 511
3533, 510
3534, 504
3535, 0
3536, 0
3537, 494
3538, 496
3539, 495
3540, 494
3541, 494
3542, 494
3543, 495
3544, 0
3545, 496
3546, 495
3547, 495
3548, 494
3549, 493
3550, 0
3551, 0
3552, 0
3553, 0
3554, 495
3555, 495
3556, 494
3557, 493
3558, 0
3559, 0
3560, 0
3561, 496
3562, 496
3563, 0
3564, 493
3565, 494
3566, 500
3567, 503
3568, 512
3569, 511
3570, 510
3571, 511
3572, 512
3573, 512
3574, 510
3575, 0
3576, 0
3577, 503
3578, 504
3579, 503
3580, 504
3581, 504
3582, 508
3583, 0
3584, 0
3585, 504
3586, 503
3587, 502
3588, 501
3589, 503
3590, 0
3591, 0
3592, 0
3593, 502
3594, 0
3595, 500
3596, 501
3597, 502
3598, 0
3599, 0
3600, 0
3601, 501
3602, 502
3603, 503
3604, 501
3605, 504
3606, 505
3607, 511
3608, 0
3609, 504
3610, 504
3611, 503
3612, 0
3613, 499
3614, 0
3615, 510
3616, 512
3617, 512
3618, 0
3619, 510
3620, 507
3621, 512
3622, 0
3623, 0
3624, 0
3625, 511
3626, 0
3627, 507
3628, 509
3629, 509
3630, 511
3631, 514
3632, 520
3633, 518
3634, 517
3635, 518
3636, 519
3637, 519
3638, 525
3639, 0
3640, 0
3641, 0
3642, 517
3643, 0
3644, 519
3645, 519
3646, 520
3647, 0
3648, 0
3649, 520
3650, 0
3651, 516
3652, 517
3653, 0
3654, 0
3655, 0
3656, 0
3657, 516
3658, 517
3659, 517
3660, 518
3661, 0
3662, 0
3663, 0
3664, 0
3665, 519
3666, 518
3667, 519
3668, 520
3669, 0
3670, 523
3671, 0
3672, 0
3673, 518
3674, 517
3675, 519
3676, 518
3677, 519
3678, 0
3679, 0
3680, 0
3681, 518
3682, 519
3683, 0
3684, 516
3685, 0
3686, 527
3687, 529
3688, 0
3689, 526
3690, 524
3691, 527
3692, 524
3693, 0
3694, 533
3695, 0
3696, 0
3697, 527
3698, 526
3699, 527
3700, 0
3701, 526
3702, 0
3703, 0
3704, 0
3705, 528
3706, 528
3707, 527
3708, 526
3709, 528
3710, 0
3711, 0
3712, 0
3713, 535
3714, 532
3715, 534
3716, 534
3717, 535
3718, 541
3719, 0
3720, 0
3721, 535
3722, 0
3723, 533
3724, 535
3725, 535
3726, 534
3727, 0
3728, 0
3729, 535
3730, 534
3731, 535
3732, 534
3733, 534
3734, 538
3735, 0
3736, 0
3737, 525
3738, 527
3739, 527
3740, 527
3741, 527
3742, 536
3743, 537
3744, 541
3745, 540
3746, 542
3747, 542
3748, 542
3749, 543
3750, 544
3751, 0
3752, 0
3753, 541
3754, 0
3755, 542
3756, 541
3757, 541
3758, 0
3759, 0
3760, 0
3761, 0
3762, 542
3763, 0
3764, 541
3765, 0
3766, 0
3767, 0
3768, 0
3769, 543
3770, 543
3771, 543
3772, 542
3773, 543
3774, 0
3775, 0
3776, 0
3777, 552
3778, 552
3779, 551
3780, 548
3781, 550
3782, 557
3783, 566
3784, 0
3785, 560
3786, 559
3787, 560
3788, 560
3789, 558
3790, 558
3791, 0
3792, 0
3793, 552
3794, 0
3795, 549
3796, 551
3797, 552
3798, 558
3799, 0
3800, 0
3801, 555
3802, 0
3803, 560
3804, 0
3805, 555
3806, 0
3807, 0
3808, 0
3809, 558
3810, 559
3811, 559
3812, 556
3813, 556
3814, 0
3815, 0
3816, 0
3817, 566
3818, 0
3819, 565
3820, 565
3821, 565
3822, 564
3823, 0
3824, 0
3825, 560
3826, 559
3827, 0
3828, 558
3829, 558
3830, 567
3831, 0
3832, 0
3833, 566
3834, 0
3835, 565
3836, 565
3837, 566
3838, 577
3839, 0
3840, 0
3841, 574
3842, 576
3843, 574
3844, 576
3845, 0
3846, 581
3847, 0
3848, 0
3849, 568
3850, 567
3851, 566
3852, 566
3853, 566
3854, 567
3855, 0
3856, 0
3857, 566
3858, 564
3859, 564
3860, 565
3861, 0
3862, 575
3863, 0
3864, 0
3865, 573
3866, 0
3867, 576
3868, 576
3869, 573
3870, 0
3871, 0
3872, 0
3873, 575
3874, 575
3875, 0
3876, 574
3877, 0
3878, 583
3879, 582
3880, 582
3881, 582
3882, 0
3883, 581
3884, 582
3885, 583
3886, 0
3887, 0
3888, 0
3889, 573
3890, 573
3891, 575
3892, 576
3893, 574
3894, 573
3895, 0
3896, 0
3897, 576
3898, 576
3899, 575
3900, 575
3901, 574
3902, 582
3903, 587
3904, 590
3905, 591
3906, 592
3907, 592
3908, 592
3909, 590
3910, 592
3911, 0
3912, 0
3913, 591
3914, 590
3915, 592
3916, 591
3917, 591
3918, 0
3919, 0
3920, 0
3921, 592
3922, 591
3923, 591
3924, 590
3925, 591
3926, 0
3927, 0
3928, 0
3929, 599
3930, 598
3931, 598
3932, 598
3933, 597
3934, 598
3935, 0
3936, 0
3937, 607
3938, 0
3939, 606
3940, 0
3941, 606
3942, 0
3943, 0
3944, 0
3945, 599
3946, 597
3947, 598
3948, 599
3949, 600
3950, 0
3951, 0
3952, 0
3953, 608
3954, 607
3955, 606
3956, 606
3957, 608
3958, 0
3959, 0
3960, 0
3961, 608
3962, 607
3963, 604
3964, 604
3965, 0
3966, 604
3967, 0
3968, 0
3969, 605
3970, 605
3971, 605
3972, 0
3973, 607
3974, 608
3975, 0
3976, 0
3977, 615
3978, 0
3979, 614
3980, 614
3981, 614
3982, 616
3983, 0
3984, 0
3985, 615
3986, 615
3987, 616
3988, 0
3989, 611
3990, 615
3991, 0
3992, 0
3993, 0
3994, 621
3995, 623
3996, 622
3997, 624
3998, 0
3999, 0
4000, 0
4001, 621
4002, 621
4003, 622
4004, 622
4005, 623
4006, 624
4007, 0
4008, 0
4009, 631
4010, 0
4011, 628
4012, 629
4013, 629
4014, 0
4015, 0
4016, 0
4017, 623
4018, 623
4019, 620
4020, 622
4021, 624
4022, 625
4023, 0
4024, 0
4025, 631
4026, 632
4027, 0
4028, 628
4029, 0
4030, 630
4031, 636
4032, 0
4033, 638
4034, 639
4035, 638
4036, 637
4037, 640
4038, 0
4039, 0
4040, 0
4041, 639
4042, 638
4043, 640
4044, 638
4045, 636
4046, 0
4047, 0
4048, 0
4049, 639
4050, 639
4051, 638
4052, 638
4053, 0
4054, 637
4055, 0
4056, 0
4057, 640
4058, 639
4059, 0
4060, 638
4061, 0
4062, 640
4063, 0
4064, 0
4065, 648
4066, 648
4067, 647
4068, 648
4069, 647
4070, 649
4071, 0
4072, 0
4073, 646
4074, 648
4075, 647
4076, 645
4077, 645
4078, 647
4079, 0
4080, 0
4081, 654
4082, 0
4083, 654
4084, 653
4085, 655
4086, 655
4087, 0
4088, 0
4089, 654
4090, 653
4091, 0
4092, 655
4093, 654
4094, 656
4095, 0
4096, 0
4097, 653
4098, 0
4099, 0
4100, 654
4101, 0
4102, 657
4103, 0
4104, 0
4105, 655
4106, 0
4107, 669
4108, 669
4109, 0
4110, 668
4111, 0
4112, 0
4113, 672
4114, 670
4115, 670
4116, 671
4117, 672
4118, 673
4119, 0
4120, 0
4121, 672
4122, 671
4123, 670
4124, 670
4125, 0
4126, 0
4127, 0
4128, 0
4129, 655
4130, 656
4131, 656
4132, 653
4133, 653
4134, 0
4135, 0
4136, 0
4137, 664
4138, 661
4139, 663
4140, 664
4141, 0
4142, 0
4143, 0
4144, 0
4145, 652
4146, 0
4147, 671
4148, 0
4149, 667
4150, 0
4151, 0
4152, 0
4153, 669
4154, 0
4155, 672
4156, 672
4157, 671
4158, 673
4159, 0
4160, 0
4161, 0
4162, 0
4163, 686
4164, 686
4165, 687
4166, 688
4167, 0
4168, 0
4169, 696
4170, 0
4171, 694
4172, 695
4173, 694
4174, 693
4175, 0
4176, 0
4177, 694
4178, 695
4179, 695
4180, 693
4181, 693
4182, 0
4183, 0
4184, 0
4185, 715
4186, 0
4187, 718
4188, 719
4189, 719
4190, 0
4191, 0
4192, 0
4193, 0
4194, 722
4195, 723
4196, 726
4197, 728
4198, 0
4199, 0
4200, 0
4201, 727
4202, 727
4203, 728
4204, 725
4205, 724
4206, 725
4207, 0
4208, 0
4209, 734
4210, 736
4211, 735
4212, 734
4213, 735
4214, 735
4215, 0
4216, 0
4217, 733
4218, 735
4219, 736
4220, 734
4221, 735
4222, 0
4223, 0
4224, 0
4225, 741
4226, 740
4227, 741
4228, 741
4229, 742
4230, 0
4231, 0
4232, 0
4233, 751
4234, 749
4235, 751
4236, 752
4237, 752
4238, 754
4239, 0
4240, 0
4241, 759
4242, 0
4243, 757
4244, 759
4245, 760
4246, 762
4247, 0
4248, 0
4249, 776
4250, 0
4251, 770
4252, 772
4253, 773
4254, 775
4255, 0
4256, 0
4257, 781
4258, 782
4259, 781
4260, 782
4261, 782
4262, 0
4263, 0
4264, 0
4265, 789
4266, 0
4267, 788
4268, 787
4269, 787
4270, 0
4271, 0
4272, 0
4273, 782
4274, 783
4275, 782
4276, 781
4277, 779
4278, 782
4279, 0
4280, 0
4281, 790
4282, 792
4283, 791
4284, 0
4285, 789
4286, 790
4287, 0
4288, 0
4289, 824
4290, 823
4291, 824
4292, 821
4293, 822
4294, 822
4295, 0
4296, 0
4297, 840
4298, 0
4299, 837
4300, 0
4301, 828
4302, 825
4303, 0
4304, 0
4305, 815
4306, 814
4307, 813
4308, 814
4309, 813
4310, 817
4311, 0
4312, 0
4313, 837
4314, 0
4315, 839
4316, 840
4317, 839
4318, 0
4319, 0
4320, 0
4321, 848
4322, 847
4323, 846
4324, 847
4325, 848
4326, 850
4327, 0
4328, 0
4329, 845
4330, 0
4331, 846
4332, 846
4333, 847
4334, 848
4335, 0
4336, 0
4337, 864
4338, 863
4339, 862
4340, 862
4341, 861
4342, 0
4343, 0
4344, 0
4345, 880
4346, 880
4347, 876
4348, 878
4349, 879
4350, 0
4351, 0
4352, 0
4353, 888
4354, 887
4355, 886
4356, 887
4357, 887
4358, 889
4359, 0
4360, 0
4361, 886
4362, 886
4363, 885
4364, 887
4365, 888
4366, 0
4367, 0
4368, 0
4369, 895
4370, 895
4371, 895
4372, 893
4373, 896
4374, 897
4375, 0
4376, 0
4377, 920
4378, 919
4379, 917
4380, 918
4381, 917
4382, 917
4383, 921
4384, 0
4385, 943
4386, 960
4387, 958
4388, 958
4389, 960
4390, 960
4391, 0
4392, 0
4393, 982
4394, 0
4395, 979
4396, 981
4397, 984
4398, 986
4399, 0
4400, 0
4401, 1007
4402, 1007
4403, 1007
4404, 1008
4405, 0
4406, 1006
4407, 1019
4408, 0
4409, 1085
4410, 0
4411, 1086
4412, 1087
4413, 1087
4414, 0
4415, 0
4416, 0
4417, 1095
4418, 1095
4419, 1096
4420, 1095
4421, 1071
4422, 1071
4423, 0
4424, 0
4425, 1078
4426, 1079
4427, 1078
4428, 1077
4429, 1077
4430, 0
4431, 0
4432, 0
4433, 1112
4434, 1111
4435, 1112
4436, 1112
4437, 1109
4438, 1112
4439, 1118
4440, 1150
4441, 1152
4442, 1151
4443, 1149
4444, 1152
4445, 1151
4446, 0
4447, 0
4448, 0
4449, 1165
4450, 1165
4451, 1164
4452, 0
4453, 1167
4454, 1169
4455, 0
4456, 0
4457, 1200
4458, 1200
4459, 1199
4460, 1197
4461, 1200
4462, 1200
4463, 0
4464, 0
4465, 0
4466, 1223
4467, 1239
4468, 1240
4469, 1238
4470, 0
4471, 0
4472, 0
4473, 1264
4474, 1262
4475, 1260
4476, 0
4477, 1264
4478, 0
4479, 0
4480, 0
4481, 1312
4482, 1310
4483, 1310
4484, 1309
4485, 1311
4486, 1313
4487, 0
4488, 0
4489, 1349
4490, 0
4491, 1348
4492, 1350
4493, 1351
4494, 0
4495, 0
4496, 0
4497, 1390
4498, 1390
4499, 1389
4500, 1391
4501, 1391
4502, 0
4503, 0
4504, 0
4505, 1431
4506, 1431
4507, 1430
4508, 1431
4509, 1430
4510, 1431
4511, 1438
4512, 1441
4513, 1448
4514, 1446
4515, 1446
4516, 0
4517, 0
4518, 0
4519, 0
4520, 0
4521, 1503
4522, 1503
4523, 1501
4524, 1503
4525, 0
4526, 1503
4527, 0
4528, 0
4529, 1557
4530, 0
4531, 1580
4532, 1582
4533, 1583
4534, 1586
4535, 0
4536, 0
4537, 1613
4538, 1638
4539, 1639
4540, 1639
4541, 1640
4542, 0
4543, 0
4544, 0
4545, 0
4546, 0
4547, 0
4548, 0
4549, 1792
4550, 1793
4551, 1809
4552, 0
4553, 1951
4554, 1950
4555, 1951
4556, 1952
4557, 1952
4558, 0
4559, 0
4560, 0
4561, 0
