0, 0
1, 0
2, 0
3, 0
4, 0
5, 0
6, 0
7, 0
8, 0
9, 0
10, 0
11, 0
12, 0
13, 0
14, 0
15, 0
16, 0
17, 0
18, 0
19, 0
20, 0
21, 0
22, 0
23, 0
24, 0
25, 0
26, 0
27, 0
28, 0
29, 0
30, 0
31, 0
32, 0
33, 0
34, 0
35, 0
36, 0
37, 0
38, 0
39, 0
40, 0
41, 0
42, 0
43, 0
44, 0
45, 0
46, 0
47, 0
48, 0
49, 0
50, 0
51, 0
52, 0
53, 0
54, 0
55, 0
56, 0
57, 0
58, 0
59, 0
60, 0
61, 0
62, 0
63, 0
64, 0
65, 0
66, 0
67, 0
68, 0
69, 0
70, 0
71, 0
72, 0
73, 0
74, 0
75, 0
76, 0
77, 0
78, 0
79, 0
80, 0
81, 0
82, 0
83, 0
84, 0
85, 0
86, 0
87, 0
88, 0
89, 0
90, 0
91, 0
92, 0
93, 0
94, 0
95, 0
96, 0
97, 0
98, 0
99, 0
100, 0
101, 0
102, 0
103, 0
104, 0
105, 0
106, 0
107, 0
108, 0
109, 0
110, 0
111, 0
112, 0
113, 0
114, 0
115, 0
116, 0
117, 0
118, 0
119, 0
120, 0
121, 0
122, 0
123, 0
124, 0
125, 0
126, 0
127, 0
128, 0
129, 0
130, 0
131, 0
132, 0
133, 0
134, 0
135, 0
136, 0
137, 0
138, 0
139, 0
140, 0
141, 0
142, 0
143, 0
144, 0
145, 0
146, 0
147, 0
148, 0
149, 0
150, 0
151, 0
152, 0
153, 0
154, 0
155, 0
156, 0
157, 0
158, 0
159, 0
160, 0
161, 0
162, 0
163, 0
164, 0
165, 0
166, 0
167, 0
168, 0
169, 0
170, 0
171, 0
172, 0
173, 0
174, 0
175, 0
176, 0
177, 0
178, 0
179, 0
180, 0
181, 0
182, 0
183, 0
184, 0
185, 0
186, 0
187, 0
188, 0
189, 0
190, 0
191, 0
192, 0
193, 0
194, 0
195, 0
196, 0
197, 0
198, 0
199, 0
200, 0
201, 0
202, 0
203, 0
204, 0
205, 0
206, 0
207, 0
208, 0
209, 0
210, 0
211, 0
212, 0
213, 0
214, 0
215, 0
216, 0
217, 0
218, 0
219, 0
220, 0
221, 0
222, 0
223, 0
224, 0
225, 0
226, 0
227, 0
228, 0
229, 0
230, 0
231, 0
232, 0
233, 0
234, 0
235, 0
236, 0
237, 0
238, 0
239, 0
240, 0
241, 0
242, 0
243, 0
244, 0
245, 0
246, 0
247, 0
248, 0
249, 0
250, 0
251, 0
252, 0
253, 0
254, 0
255, 0
256, 0
257, 0
258, 0
259, 0
260, 0
261, 0
262, 0
263, 0
264, 0
265, 0
266, 0
267, 0
268, 0
269, 0
270, 0
271, 0
272, 0
273, 0
274, 0
275, 0
276, 0
277, 0
278, 0
279, 0
280, 0
281, 0
282, 0
283, 0
284, 0
285, 0
286, 0
287, 0
288, 0
289, 0
290, 0
291, 0
292, 0
293, 0
294, 0
295, 0
296, 0
297, 0
298, 0
299, 0
300, 0
301, 0
302, 0
303, 0
304, 0
305, 0
306, 0
307, 0
308, 0
309, 0
310, 0
311, 0
312, 0
313, 0
314, 0
315, 0
316, 0
317, 0
318, 0
319, 0
320, 0
321, 0
322, 0
323, 0
324, 0
325, 0
326, 0
327, 0
328, 0
329, 0
330, 0
331, -3
332, 0
333, 0
334, 0
335, 0
336, 0
337, 0
338, 0
339, 0
340, 0
341, 0
342, 0
343, 0
344, 0
345, 0
346, 0
347, 0
348, 0
349, 0
350, 0
351, 0
352, 0
353, 0
354, 0
355, 38
356, 0
357, 42
358, 40
359, 40
360, 0
361, 0
362, 0
363, 42
364, 42
365, 41
366, 41
367, 40
368, 0
369, 0
370, 48
371, 40
372, 38
373, 0
374, 41
375, 0
376, 0
377, 0
378, 0
379, 0
380, 0
381, 0
382, 0
383, 0
384, 0
385, 0
386, 0
387, 0
388, 41
389, 38
390, 38
391, 39
392, 42
393, 41
394, 38
395, 38
396, 38
397, 42
398, 41
399, 40
400, 0
401, 0
402, 0
403, 0
404, 48
405, 48
406, 49
407, 49
408, 48
409, 47
410, 47
411, 47
412, 46
413, 49
414, 48
415, 47
416, 48
417, 0
418, 46
419, 0
420, 51
421, 0
422, 46
423, 0
424, 0
425, 40
426, 40
427, 37
428, 0
429, 50
430, 47
431, 48
432, 48
433, 47
434, 49
435, 43
436, 41
437, 39
438, 40
439, 41
440, 41
441, 41
442, 41
443, 43
444, 49
445, 0
446, 0
447, 0
448, 0
449, 40
450, 39
451, 0
452, 38
453, 41
454, 39
455, 38
456, 41
457, 39
458, 39
459, 40
460, 0
461, 38
462, 0
463, 40
464, 39
465, 40
466, 40
467, 42
468, 39
469, 40
470, 43
471, 39
472, 38
473, 39
474, 39
475, 41
476, 48
477, 47
478, 46
479, 47
480, 48
481, 49
482, 47
483, 50
484, 50
485, 49
486, 48
487, 0
488, 45
489, 0
490, 48
491, 51
492, 49
493, 46
494, 48
495, 50
496, 49
497, 47
498, 46
499, 47
500, 47
501, 48
502, 0
503, 46
504, 46
505, 0
506, 48
507, 49
508, 50
509, 50
510, 47
511, 0
512, 0
513, 40
514, 0
515, 41
516, 39
517, 39
518, 40
519, 41
520, 40
521, 39
522, 39
523, 40
524, 48
525, 50
526, 48
527, 47
528, 48
529, 49
530, 51
531, 48
532, 48
533, 47
534, 47
535, 0
536, 48
537, 46
538, 0
539, 0
540, 46
541, 0
542, 49
543, 48
544, 47
545, 48
546, 48
547, 48
548, 48
549, 49
550, 50
551, 49
552, 0
553, 0
554, 55
555, 50
556, 49
557, 48
558, 0
559, 0
560, 45
561, 0
562, 0
563, 50
564, 52
565, 0
566, 46
567, 0
568, 48
569, 49
570, 48
571, 48
572, 47
573, 49
574, 0
575, 46
576, 0
577, 49
578, 48
579, 50
580, 49
581, 48
582, 48
583, 0
584, 44
585, 0
586, 0
587, 0
588, 46
589, 0
590, 48
591, 47
592, 47
593, 49
594, 48
595, 48
596, 48
597, 49
598, 0
599, 45
600, 44
601, 0
602, 49
603, 48
604, 49
605, 48
606, 47
607, 0
608, 45
609, 0
610, 48
611, 49
612, 48
613, 47
614, 48
615, 48
616, 49
617, 50
618, 48
619, 47
620, 48
621, 48
622, 47
623, 47
624, 46
625, 47
626, 48
627, 49
628, 49
629, 49
630, 49
631, 0
632, 46
633, 0
634, 0
635, 47
636, 47
637, 0
638, 47
639, 49
640, 49
641, 50
642, 48
643, 47
644, 49
645, 51
646, 48
647, 49
648, 48
649, 47
650, 49
651, 49
652, 48
653, 47
654, 46
655, 48
656, 48
657, 48
658, 50
659, 49
660, 48
661, 48
662, 48
663, 48
664, 47
665, 47
666, 48
667, 49
668, 49
669, 49
670, 0
671, 46
672, 45
673, 0
674, 49
675, 49
676, 49
677, 48
678, 48
679, 48
680, 47
681, 48
682, 47
683, 43
684, 43
685, 39
686, 39
687, 41
688, 41
689, 41
690, 41
691, 40
692, 40
693, 40
694, 39
695, 40
696, 0
697, 0
698, 49
699, 49
700, 48
701, 49
702, 47
703, 48
704, 49
705, 49
706, 47
707, 47
708, 49
709, 48
710, 48
711, 47
712, 48
713, 48
714, 47
715, 42
716, 41
717, 40
718, 41
719, 39
720, 0
721, 0
722, 47
723, 47
724, 50
725, 48
726, 48
727, 47
728, 48
729, 49
730, 49
731, 50
732, 48
733, 46
734, 47
735, 47
736, 46
737, 47
738, 48
739, 48
740, 50
741, 48
742, 46
743, 46
744, 0
745, 0
746, 54
747, 46
748, 46
749, 46
750, 0
751, 0
752, 0
753, 0
754, 0
755, 0
756, 49
757, 0
758, 47
759, 0
760, 47
761, 48
762, 48
763, 41
764, 41
765, 41
766, 40
767, 39
768, 41
769, 41
770, 38
771, 40
772, 41
773, 42
774, 41
775, 40
776, 0
777, 0
778, 48
779, 47
780, 46
781, 46
782, 0
783, 49
784, 47
785, 47
786, 49
787, 42
788, 42
789, 40
790, 38
791, 38
792, 0
793, 0
794, 48
795, 0
796, 48
797, 48
798, 51
799, 49
800, 49
801, 0
802, 47
803, 0
804, 39
805, 40
806, 40
807, 39
808, 41
809, 40
810, 40
811, 43
812, 42
813, 40
814, 39
815, 38
816, 42
817, 41
818, 41
819, 32
820, 32
821, 32
822, 32
823, 33
824, 0
825, 0
826, 47
827, 48
828, 48
829, 49
830, 47
831, 49
832, 49
833, 49
834, 48
835, 51
836, 50
837, 48
838, 50
839, 48
840, 49
841, 50
842, 49
843, 42
844, 42
845, 40
846, 40
847, 42
848, 0
849, 0
850, 47
851, 42
852, 41
853, 42
854, 38
855, 39
856, 0
857, 0
858, 50
859, 49
860, 48
861, 47
862, 48
863, 49
864, 47
865, 48
866, 48
867, 49
868, 48
869, 47
870, 49
871, 48
872, 48
873, 49
874, 48
875, 33
876, 31
877, 32
878, 33
879, 33
880, 0
881, 0
882, 48
883, 48
884, 49
885, 48
886, 47
887, 48
888, 47
889, 48
890, 49
891, 39
892, 40
893, 0
894, 38
895, 40
896, 42
897, 40
898, 40
899, 35
900, 33
901, 32
902, 32
903, 31
904, 0
905, 0
906, 0
907, 47
908, 45
909, 0
910, 0
911, 48
912, 48
913, 48
914, 48
915, 0
916, 43
917, 0
918, 0
919, 0
920, 48
921, 49
922, 49
923, 42
924, 39
925, 38
926, 40
927, 42
928, 0
929, 0
930, 56
931, 50
932, 48
933, 46
934, 0
935, 50
936, 48
937, 48
938, 48
939, 51
940, 49
941, 48
942, 49
943, 48
944, 49
945, 49
946, 0
947, 45
948, 0
949, 48
950, 47
951, 48
952, 0
953, 61
954, 0
955, 54
956, 47
957, 49
958, 48
959, 48
960, 48
961, 49
962, 47
963, 48
964, 46
965, 47
966, 0
967, 0
968, 44
969, 0
970, 0
971, 40
972, 39
973, 41
974, 41
975, 40
976, 0
977, 0
978, 0
979, 48
980, 48
981, 48
982, 48
983, 49
984, 49
985, 50
986, 48
987, 47
988, 48
989, 48
990, 49
991, 48
992, 0
993, 0
994, 55
995, 40
996, 40
997, 40
998, 39
999, 42
1000, 0
1001, 0
1002, 49
1003, 48
1004, 49
1005, 50
1006, 47
1007, 0
1008, 0
1009, 39
1010, 38
1011, 0
1012, 40
1013, 40
1014, 40
1015, 41
1016, 0
1017, 0
1018, 55
1019, 50
1020, 48
1021, 48
1022, 49
1023, 49
1024, 47
1025, 46
1026, 48
1027, 34
1028, 35
1029, 32
1030, 32
1031, 34
1032, 0
1033, 0
1034, 48
1035, 0
1036, 47
1037, 0
1038, 48
1039, 0
1040, 46
1041, 48
1042, 49
1043, 31
1044, 31
1045, 32
1046, 32
1047, 33
1048, 0
1049, 48
1050, 48
1051, 51
1052, 50
1053, 48
1054, 48
1055, 49
1056, 48
1057, 50
1058, 50
1059, 34
1060, 32
1061, 32
1062, 33
1063, 33
1064, 0
1065, 0
1066, 48
1067, 49
1068, 48
1069, 48
1070, 47
1071, 48
1072, 49
1073, 49
1074, 49
1075, 40
1076, 39
1077, 38
1078, 36
1079, 0
1080, 0
1081, 0
1082, 0
1083, 49
1084, 48
1085, 0
1086, 47
1087, 0
1088, 0
1089, 0
1090, 0
1091, 44
1092, 39
1093, 39
1094, 41
1095, 38
1096, 0
1097, 0
1098, 56
1099, 49
1100, 48
1101, 48
1102, 49
1103, 49
1104, 48
1105, 0
1106, 47
1107, 0
1108, 30
1109, 32
1110, 31
1111, 33
1112, 0
1113, 0
1114, 48
1115, 49
1116, 48
1117, 48
1118, 49
1119, 49
1120, 0
1121, 0
1122, 64
1123, 53
1124, 48
1125, 47
1126, 0
1127, 47
1128, 47
1129, 47
1130, 48
1131, 43
1132, 39
1133, 38
1134, 41
1135, 40
1136, 0
1137, 0
1138, 0
1139, 0
1140, 0
1141, 0
1142, 0
1143, 0
1144, 0
1145, 0
1146, 0
1147, 0
1148, 0
1149, 0
1150, 0
1151, 0
1152, 0
1153, 0
1154, 79
1155, 42
1156, 40
1157, 42
1158, 42
1159, 41
1160, 0
1161, 0
1162, 0
1163, 0
1164, 0
1165, 38
1166, 0
1167, 41
1168, 0
1169, 0
1170, 57
1171, 50
1172, 47
1173, 46
1174, 0
1175, 48
1176, 0
1177, 0
1178, 56
1179, 42
1180, 39
1181, 40
1182, 0
1183, 40
1184, 0
1185, 0
1186, 49
1187, 42
1188, 41
1189, 40
1190, 40
1191, 41
1192, 0
1193, 0
1194, 0
1195, 49
1196, 48
1197, 48
1198, 47
1199, 49
1200, 0
1201, 0
1202, 0
1203, 0
1204, 46
1205, 46
1206, 47
1207, 47
1208, 0
1209, 0
1210, 55
1211, 42
1212, 40
1213, 40
1214, 39
1215, 41
1216, 0
1217, 0
1218, 0
1219, 33
1220, 0
1221, 0
1222, 30
1223, 31
1224, 0
1225, 0
1226, 0
1227, 47
1228, 48
1229, 50
1230, 49
1231, 47
1232, 0
1233, 0
1234, 0
1235, 0
1236, 48
1237, 0
1238, 46
1239, 48
1240, 0
1241, 0
1242, 0
1243, 50
1244, 49
1245, 48
1246, 0
1247, 45
1248, 0
1249, 0
1250, 55
1251, 40
1252, 40
1253, 38
1254, 39
1255, 41
1256, 0
1257, 0
1258, 0
1259, 0
1260, 0
1261, 39
1262, 0
1263, 40
1264, 0
1265, 0
1266, 57
1267, 0
1268, 47
1269, 47
1270, 47
1271, 0
1272, 0
1273, 0
1274, 65
1275, 49
1276, 48
1277, 0
1278, 46
1279, 46
1280, 0
1281, 0
1282, 0
1283, 50
1284, 49
1285, 47
1286, 48
1287, 0
1288, 0
1289, 0
1290, 64
1291, 54
1292, 0
1293, 0
1294, 47
1295, 0
1296, 0
1297, 0
1298, 64
1299, 50
1300, 50
1301, 50
1302, 48
1303, 48
1304, 0
1305, 0
1306, 0
1307, 54
1308, 51
1309, 47
1310, 48
1311, 48
1312, 0
1313, 0
1314, 66
1315, 56
1316, 56
1317, 58
1318, 57
1319, 57
1320, 0
1321, 0
1322, 72
1323, 56
1324, 55
1325, 55
1326, 57
1327, 57
1328, 0
1329, 0
1330, 73
1331, 50
1332, 49
1333, 48
1334, 48
1335, 48
1336, 0
1337, 0
1338, 62
1339, 38
1340, 0
1341, 0
1342, 0
1343, 0
1344, 0
1345, 0
1346, 0
1347, 50
1348, 48
1349, 49
1350, 49
1351, 48
1352, 0
1353, 0
1354, 0
1355, 41
1356, 41
1357, 40
1358, 41
1359, 40
1360, 0
1361, 0
1362, 0
1363, 32
1364, 0
1365, 32
1366, 32
1367, 33
1368, 0
1369, 0
1370, 0
1371, 34
1372, 33
1373, 32
1374, 32
1375, 32
1376, 0
1377, 0
1378, 49
1379, 0
1380, 33
1381, 0
1382, 32
1383, 32
1384, 0
1385, 0
1386, 53
1387, 42
1388, 41
1389, 41
1390, 40
1391, 40
1392, 0
1393, 0
1394, 0
1395, 42
1396, 39
1397, 0
1398, 0
1399, 38
1400, 0
1401, 0
1402, 60
1403, 42
1404, 41
1405, 40
1406, 40
1407, 38
1408, 0
1409, 0
1410, 57
1411, 44
1412, 39
1413, 38
1414, 0
1415, 40
1416, 0
1417, 0
1418, 65
1419, 53
1420, 49
1421, 44
1422, 0
1423, 0
1424, 0
1425, 0
1426, 56
1427, 46
1428, 40
1429, 38
1430, 0
1431, 42
1432, 0
1433, 0
1434, 56
1435, 43
1436, 40
1437, 40
1438, 41
1439, 39
1440, 0
1441, 0
1442, 48
1443, 33
1444, 31
1445, 31
1446, 32
1447, 32
1448, 0
1449, 0
1450, 47
1451, 34
1452, 32
1453, 33
1454, 33
1455, 32
1456, 0
1457, 0
1458, 0
1459, 40
1460, 39
1461, 38
1462, 0
1463, 41
1464, 0
1465, 0
1466, 49
1467, 37
1468, 31
1469, 32
1470, 33
1471, 32
1472, 0
1473, 0
1474, 47
1475, 34
1476, 31
1477, 32
1478, 31
1479, 32
1480, 0
1481, 0
1482, 46
1483, 0
1484, 0
1485, 0
1486, 33
1487, 31
1488, 0
1489, 0
1490, 48
1491, 31
1492, 31
1493, 33
1494, 33
1495, 34
1496, 0
1497, 0
1498, 47
1499, 33
1500, 31
1501, 31
1502, 31
1503, 33
1504, 0
1505, 0
1506, 48
1507, 40
1508, 40
1509, 40
1510, 39
1511, 40
1512, 0
1513, 0
1514, 56
1515, 41
1516, 39
1517, 0
1518, 0
1519, 35
1520, 0
1521, 0
1522, 0
1523, 34
1524, 32
1525, 31
1526, 0
1527, 33
1528, 0
1529, 0
1530, 51
1531, 0
1532, 34
1533, 32
1534, 33
1535, 32
1536, 0
1537, 0
1538, 49
1539, 40
1540, 40
1541, 41
1542, 40
1543, 41
1544, 0
1545, 0
1546, 0
1547, 45
1548, 41
1549, 38
1550, 41
1551, 42
1552, 0
1553, 0
1554, 47
1555, 43
1556, 40
1557, 40
1558, 41
1559, 42
1560, 0
1561, 0
1562, 56
1563, 49
1564, 47
1565, 47
1566, 0
1567, 48
1568, 0
1569, 0
1570, 57
1571, 49
1572, 48
1573, 48
1574, 49
1575, 49
1576, 0
1577, 0
1578, 65
1579, 49
1580, 48
1581, 48
1582, 0
1583, 0
1584, 0
1585, 0
1586, 0
1587, 0
1588, 0
1589, 0
1590, 0
1591, 0
1592, 0
1593, 0
1594, 0
1595, 25
1596, 24
1597, 24
1598, 26
1599, 25
1600, 0
1601, 0
1602, 0
1603, 51
1604, 55
1605, 57
1606, 56
1607, 56
1608, 0
1609, 0
1610, 0
1611, 38
1612, 0
1613, 0
1614, 38
1615, 39
1616, 0
1617, 0
1618, 0
1619, 0
1620, 30
1621, 29
1622, 32
1623, 33
1624, 0
1625, 0
1626, 0
1627, 0
1628, 0
1629, 0
1630, 0
1631, 0
1632, 0
1633, 0
1634, 0
1635, 0
1636, 0
1637, 0
1638, 0
1639, 0
1640, 0
1641, 0
1642, 0
1643, 0
1644, 40
1645, 40
1646, 0
1647, 0
1648, 0
1649, 37
1650, 0
1651, 35
1652, 32
1653, 31
1654, 32
1655, 0
1656, 0
1657, 0
1658, 0
1659, 33
1660, 32
1661, 34
1662, 32
1663, 32
1664, 0
1665, 0
1666, 0
1667, 30
1668, 30
1669, 0
1670, 29
1671, 0
1672, 0
1673, 0
1674, 40
1675, 34
1676, 32
1677, 30
1678, 33
1679, 32
1680, 0
1681, 0
1682, 0
1683, 32
1684, 0
1685, 33
1686, 33
1687, 34
1688, 0
1689, 38
1690, 40
1691, 34
1692, 31
1693, 0
1694, 31
1695, 31
1696, 0
1697, 0
1698, 0
1699, 41
1700, 41
1701, 41
1702, 0
1703, 37
1704, 0
1705, 0
1706, 57
1707, 42
1708, 39
1709, 38
1710, 0
1711, 0
1712, 0
1713, 0
1714, 47
1715, 0
1716, 32
1717, 0
1718, 32
1719, 33
1720, 0
1721, 0
1722, 0
1723, 0
1724, 31
1725, 32
1726, 33
1727, 0
1728, 0
1729, 0
1730, 42
1731, 0
1732, 30
1733, 0
1734, 30
1735, 0
1736, 0
1737, 0
1738, 0
1739, 33
1740, 32
1741, 33
1742, 33
1743, 36
1744, 0
1745, 0
1746, 47
1747, 0
1748, 33
1749, 33
1750, 34
1751, 32
1752, 0
1753, 0
1754, 40
1755, 33
1756, 33
1757, 33
1758, 33
1759, 32
1760, 0
1761, 0
1762, 48
1763, 32
1764, 31
1765, 32
1766, 32
1767, 31
1768, 0
1769, 0
1770, 40
1771, 41
1772, 41
1773, 41
1774, 38
1775, 41
1776, 0
1777, 0
1778, 48
1779, 35
1780, 31
1781, 32
1782, 34
1783, 30
1784, 0
1785, 0
1786, 0
1787, 33
1788, 0
1789, 32
1790, 31
1791, 31
1792, 30
1793, 32
1794, 31
1795, 32
1796, 33
1797, 32
1798, 32
1799, 32
1800, 0
1801, 40
1802, 38
1803, 31
1804, 33
1805, 35
1806, 32
1807, 32
1808, 0
1809, 0
1810, 41
1811, 34
1812, 33
1813, 0
1814, 31
1815, 29
1816, 0
1817, 0
1818, 34
1819, 33
1820, 33
1821, 31
1822, 31
1823, 33
1824, 0
1825, 0
1826, 39
1827, 31
1828, 31
1829, 30
1830, 31
1831, 33
1832, 34
1833, 32
1834, 32
1835, 33
1836, 33
1837, 8
1838, 32
1839, 32
1840, 0
1841, 0
1842, 0
1843, 0
1844, 0
1845, 0
1846, 0
1847, 0
1848, 0
1849, 0
1850, 0
1851, 0
1852, 0
1853, 0
1854, 0
1855, 0
1856, 0
1857, 0
1858, 0
1859, 0
1860, 0
1861, 0
1862, 0
1863, 0
1864, 0
1865, 0
1866, 0
1867, 0
1868, 0
1869, 0
1870, 0
1871, 0
1872, 0
1873, 0
1874, 0
1875, 0
1876, 0
1877, 0
1878, 0
1879, 0
1880, 0
1881, 0
1882, 39
1883, 33
1884, 42
1885, 41
1886, 40
1887, 0
1888, 0
1889, 0
1890, 41
1891, 42
1892, 40
1893, 39
1894, 41
1895, 39
1896, 0
1897, 49
1898, 49
1899, 0
1900, 58
1901, 55
1902, 55
1903, 57
1904, 0
1905, 54
1906, 0
1907, 0
1908, 30
1909, 30
1910, 29
1911, 0
1912, 0
1913, 0
1914, 0
1915, 35
1916, 33
1917, 33
1918, 34
1919, 34
1920, 0
1921, 0
1922, 0
1923, 0
1924, 0
1925, 0
1926, 0
1927, 0
1928, 0
1929, 0
1930, 0
1931, 25
1932, 23
1933, 25
1934, 24
1935, 24
1936, 0
1937, 0
1938, 0
1939, 0
1940, 0
1941, 0
1942, 0
1943, 0
1944, 0
1945, 0
1946, 32
1947, 33
1948, 32
1949, 32
1950, 32
1951, 32
1952, 0
1953, 0
1954, 48
1955, 42
1956, 49
1957, 51
1958, 48
1959, 47
1960, 48
1961, 46
1962, 46
1963, 41
1964, 40
1965, 0
1966, 38
1967, 0
1968, 0
1969, 0
1970, 40
1971, 0
1972, 30
1973, 0
1974, 33
1975, 31
1976, 0
1977, 0
1978, 39
1979, 33
1980, 33
1981, 32
1982, 32
1983, 0
1984, 29
1985, 32
1986, 31
1987, 22
1988, 22
1989, 23
1990, 24
1991, 25
1992, 0
1993, 0
1994, 0
1995, 34
1996, 32
1997, 30
1998, 31
1999, 0
2000, 31
2001, 0
2002, 33
2003, 0
2004, 0
2005, 29
2006, 0
2007, 31
2008, 0
2009, 0
2010, 0
2011, 0
2012, 22
2013, 0
2014, 24
2015, 24
2016, 0
2017, 0
2018, 0
2019, 0
2020, 30
2021, 0
2022, 30
2023, 31
2024, 0
2025, 0
2026, 48
2027, 36
2028, 35
2029, 31
2030, 32
2031, 32
2032, 31
2033, 32
2034, 32
2035, 35
2036, 0
2037, 30
2038, 0
2039, 0
2040, 0
2041, 24
2042, 24
2043, 25
2044, 32
2045, 33
2046, 33
2047, 32
2048, 0
2049, 0
2050, 41
2051, 26
2052, 24
2053, 23
2054, 24
2055, 24
2056, 0
2057, 0
2058, 0
2059, 33
2060, 31
2061, 30
2062, 33
2063, 32
2064, 0
2065, 0
2066, 40
2067, 32
2068, 33
2069, 33
2070, 32
2071, 31
2072, 0
2073, 0
2074, 41
2075, 0
2076, 31
2077, 30
2078, 30
2079, 29
2080, 32
2081, 34
2082, 33
2083, 34
2084, 33
2085, 31
2086, 33
2087, 32
2088, 0
2089, 0
2090, 0
2091, 0
2092, 32
2093, 31
2094, 31
2095, 31
2096, 32
2097, 33
2098, 31
2099, 31
2100, 0
2101, 33
2102, 33
2103, 32
2104, 31
2105, 31
2106, 32
2107, 0
2108, 16
2109, 16
2110, 15
2111, 17
2112, 0
2113, 0
2114, 33
2115, 32
2116, 31
2117, 33
2118, 33
2119, 31
2120, 34
2121, 0
2122, 32
2123, 0
2124, 0
2125, 31
2126, 0
2127, 32
2128, 0
2129, 0
2130, 48
2131, 31
2132, 31
2133, 34
2134, 29
2135, 0
2136, 0
2137, 30
2138, 0
2139, 34
2140, 33
2141, 31
2142, 32
2143, 33
2144, 32
2145, 31
2146, 33
2147, 25
2148, 23
2149, 23
2150, 25
2151, 0
2152, 0
2153, 25
2154, 24
2155, 21
2156, 16
2157, 16
2158, 14
2159, 15
2160, 0
2161, 21
2162, 0
2163, 26
2164, 31
2165, 31
2166, 34
2167, 33
2168, 33
2169, 33
2170, 32
2171, 35
2172, 32
2173, 32
2174, 31
2175, 32
2176, 0
2177, 0
2178, 0
2179, 0
2180, 22
2181, 0
2182, 24
2183, 26
2184, 0
2185, 0
2186, 30
2187, 0
2188, 35
2189, 31
2190, 32
2191, 31
2192, 30
2193, 33
2194, 32
2195, 15
2196, 0
2197, 8
2198, 7
2199, 9
2200, 0
2201, 0
2202, 0
2203, 0
2204, 0
2205, 0
2206, 0
2207, 35
2208, 33
2209, 31
2210, 31
2211, 0
2212, 31
2213, 30
2214, 33
2215, 34
2216, 31
2217, 0
2218, 33
2219, 25
2220, 25
2221, 26
2222, 24
2223, 24
2224, 0
2225, 0
2226, 33
2227, 28
2228, 24
2229, 23
2230, 0
2231, 22
2232, 0
2233, 0
2234, 0
2235, 32
2236, 0
2237, 30
2238, 31
2239, 33
2240, 31
2241, 32
2242, 33
2243, 26
2244, 24
2245, 24
2246, 23
2247, 22
2248, 0
2249, 0
2250, 0
2251, 0
2252, 0
2253, 0
2254, 27
2255, 0
2256, 0
2257, 0
2258, 0
2259, 28
2260, 0
2261, 32
2262, 31
2263, 32
2264, 32
2265, 0
2266, 30
2267, 0
2268, 0
2269, 22
2270, 22
2271, 22
2272, 0
2273, 0
2274, 0
2275, 30
2276, 39
2277, 0
2278, 0
2279, 0
2280, 0
2281, 32
2282, 32
2283, 25
2284, 24
2285, 23
2286, 22
2287, 24
2288, 0
2289, 0
2290, 0
2291, 0
2292, 24
2293, 24
2294, 25
2295, 25
2296, 0
2297, 0
2298, 0
2299, 36
2300, 33
2301, 32
2302, 0
2303, 32
2304, 0
2305, 0
2306, 0
2307, 34
2308, 0
2309, 30
2310, 31
2311, 30
2312, 29
2313, 0
2314, 0
2315, 31
2316, 32
2317, 0
2318, 31
2319, 30
2320, 0
2321, 32
2322, 31
2323, 25
2324, 25
2325, 25
2326, 24
2327, 23
2328, 0
2329, 0
2330, 31
2331, 26
2332, 24
2333, 24
2334, 26
2335, 25
2336, 0
2337, 0
2338, 32
2339, 33
2340, 35
2341, 0
2342, 30
2343, 0
2344, 30
2345, 31
2346, 33
2347, 32
2348, 32
2349, 32
2350, 32
2351, 0
2352, 28
2353, 28
2354, 0
2355, 30
2356, 32
2357, 32
2358, 33
2359, 32
2360, 0
2361, 0
2362, 40
2363, 24
2364, 23
2365, 25
2366, 23
2367, 24
2368, 0
2369, 30
2370, 35
2371, 33
2372, 31
2373, 32
2374, 31
2375, 32
2376, 31
2377, 34
2378, 32
2379, 32
2380, 32
2381, 31
2382, 0
2383, 30
2384, 31
2385, 30
2386, 31
2387, 26
2388, 25
2389, 24
2390, 23
2391, 24
2392, 0
2393, 0
2394, 30
2395, 26
2396, 24
2397, 25
2398, 25
2399, 24
2400, 0
2401, 31
2402, 33
2403, 31
2404, 30
2405, 30
2406, 32
2407, 32
2408, 33
2409, 34
2410, 32
2411, 33
2412, 33
2413, 33
2414, 33
2415, 33
2416, 31
2417, 33
2418, 33
2419, 27
2420, 26
2421, 23
2422, 24
2423, 23
2424, 24
2425, 25
2426, 23
2427, 24
2428, 24
2429, 24
2430, 25
2431, 25
2432, 0
2433, 0
2434, 31
2435, 33
2436, 0
2437, 32
2438, 0
2439, 32
2440, 33
2441, 32
2442, 31
2443, 27
2444, 0
2445, 25
2446, 25
2447, 25
2448, 0
2449, 0
2450, 32
2451, 33
2452, 33
2453, 33
2454, 30
2455, 30
2456, 32
2457, 33
2458, 32
2459, 28
2460, 0
2461, 23
2462, 0
2463, 24
2464, 0
2465, 0
2466, 32
2467, 32
2468, 31
2469, 32
2470, 32
2471, 34
2472, 34
2473, 32
2474, 32
2475, 25
2476, 23
2477, 25
2478, 26
2479, 24
2480, 0
2481, 0
2482, 33
2483, 33
2484, 32
2485, 0
2486, 31
2487, 0
2488, 32
2489, 32
2490, 33
2491, 32
2492, 32
2493, 33
2494, 32
2495, 33
2496, 32
2497, 31
2498, 32
2499, 27
2500, 24
2501, 24
2502, 23
2503, 24
2504, 25
2505, 25
2506, 24
2507, 24
2508, 23
2509, 25
2510, 23
2511, 23
2512, 24
2513, 24
2514, 25
2515, 25
2516, 24
2517, 25
2518, 25
2519, 23
2520, 0
2521, 33
2522, 33
2523, 32
2524, 32
2525, 32
2526, 32
2527, 32
2528, 30
2529, 33
2530, 33
2531, 25
2532, 25
2533, 25
2534, 24
2535, 24
2536, 25
2537, 23
2538, 25
2539, 25
2540, 24
2541, 25
2542, 25
2543, 25
2544, 0
2545, 0
2546, 0
2547, 35
2548, 33
2549, 32
2550, 33
2551, 34
2552, 32
2553, 31
2554, 0
2555, 0
2556, 0
2557, 21
2558, 0
2559, 0
2560, 21
2561, 0
2562, 27
2563, 25
2564, 23
2565, 24
2566, 24
2567, 25
2568, 25
2569, 25
2570, 25
2571, 24
2572, 25
2573, 29
2574, 23
2575, 23
2576, 0
2577, 0
2578, 32
2579, 31
2580, 31
2581, 35
2582, 32
2583, 0
2584, 30
2585, 0
2586, 32
2587, 32
2588, 32
2589, 34
2590, 0
2591, 32
2592, 0
2593, 33
2594, 31
2595, 0
2596, 30
2597, 33
2598, 33
2599, 33
2600, 32
2601, 33
2602, 33
2603, 33
2604, 32
2605, 33
2606, 33
2607, 32
2608, 31
2609, 31
2610, 31
2611, 24
2612, 24
2613, 24
2614, 25
2615, 27
2616, 0
2617, 0
2618, 0
2619, 16
2620, 16
2621, 15
2622, 17
2623, 16
2624, 0
2625, 0
2626, 32
2627, 33
2628, 34
2629, 32
2630, 32
2631, 32
2632, 31
2633, 32
2634, 32
2635, 33
2636, 32
2637, 34
2638, 0
2639, 31
2640, 30
2641, 0
2642, 32
2643, 31
2644, 31
2645, 33
2646, 32
2647, 33
2648, 32
2649, 31
2650, 31
2651, 0
2652, 33
2653, 0
2654, 0
2655, 29
2656, 0
2657, 33
2658, 31
2659, 33
2660, 32
2661, 33
2662, 33
2663, 31
2664, 32
2665, 34
2666, 0
2667, 30
2668, 0
2669, 32
2670, 0
2671, 30
2672, 31
2673, 32
2674, 33
2675, 25
2676, 22
2677, 24
2678, 0
2679, 21
2680, 22
2681, 23
2682, 25
2683, 24
2684, 23
2685, 0
2686, 25
2687, 23
2688, 23
2689, 24
2690, 23
2691, 24
2692, 25
2693, 23
2694, 25
2695, 26
2696, 25
2697, 24
2698, 23
2699, 24
2700, 24
2701, 23
2702, 23
2703, 22
2704, 0
2705, 0
2706, 31
2707, 24
2708, 24
2709, 23
2710, 24
2711, 25
2712, 24
2713, 24
2714, 24
2715, 25
2716, 25
2717, 25
2718, 25
2719, 23
2720, 0
2721, 25
2722, 23
2723, 25
2724, 25
2725, 25
2726, 23
2727, 24
2728, 0
2729, 0
2730, 33
2731, 0
2732, 30
2733, 0
2734, 32
2735, 32
2736, 32
2737, 32
2738, 33
2739, 35
2740, 33
2741, 30
2742, 0
2743, 33
2744, 32
2745, 32
2746, 32
2747, 33
2748, 33
2749, 31
2750, 31
2751, 31
2752, 30
2753, 30
2754, 31
2755, 0
2756, 31
2757, 30
2758, 33
2759, 31
2760, 30
2761, 33
2762, 33
2763, 32
2764, 32
2765, 32
2766, 32
2767, 32
2768, 32
2769, 32
2770, 32
2771, 33
2772, 32
2773, 31
2774, 31
2775, 31
2776, 31
2777, 32
2778, 31
2779, 0
2780, 30
2781, 0
2782, 32
2783, 0
2784, 32
2785, 0
2786, 32
2787, 32
2788, 31
2789, 31
2790, 32
2791, 32
2792, 31
2793, 32
2794, 33
2795, 32
2796, 33
2797, 32
2798, 30
2799, 31
2800, 31
2801, 31
2802, 32
2803, 0
2804, 28
2805, 0
2806, 32
2807, 33
2808, 34
2809, 31
2810, 31
2811, 33
2812, 32
2813, 31
2814, 32
2815, 32
2816, 32
2817, 32
2818, 32
2819, 33
2820, 0
2821, 31
2822, 29
2823, 28
2824, 29
2825, 0
2826, 32
2827, 23
2828, 24
2829, 25
2830, 24
2831, 0
2832, 0
2833, 0
2834, 0
2835, 0
2836, 23
2837, 24
2838, 0
2839, 22
2840, 23
2841, 0
2842, 24
2843, 25
2844, 25
2845, 0
2846, 21
2847, 0
2848, 23
2849, 23
2850, 25
2851, 0
2852, 30
2853, 0
2854, 32
2855, 33
2856, 33
2857, 33
2858, 33
2859, 32
2860, 32
2861, 33
2862, 33
2863, 33
2864, 31
2865, 31
2866, 32
2867, 34
2868, 34
2869, 33
2870, 31
2871, 31
2872, 31
2873, 31
2874, 31
2875, 33
2876, 32
2877, 30
2878, 33
2879, 35
2880, 32
2881, 33
2882, 33
2883, 33
2884, 32
2885, 33
2886, 34
2887, 34
2888, 31
2889, 31
2890, 33
2891, 33
2892, 33
2893, 33
2894, 31
2895, 32
2896, 32
2897, 31
2898, 33
2899, 33
2900, 32
2901, 0
2902, 0
2903, 0
2904, 0
2905, 32
2906, 32
2907, 32
2908, 34
2909, 34
2910, 33
2911, 0
2912, 31
2913, 0
2914, 34
2915, 34
2916, 33
2917, 34
2918, 33
2919, 33
2920, 32
2921, 31
2922, 33
2923, 0
2924, 29
2925, 0
2926, 0
2927, 0
2928, 0
2929, 0
2930, 24
2931, 25
2932, 24
2933, 25
2934, 25
2935, 22
2936, 24
2937, 25
2938, 23
2939, 26
2940, 32
2941, 32
2942, 31
2943, 0
2944, 0
2945, 0
2946, 0
2947, 0
2948, 0
2949, 0
2950, 0
2951, 0
2952, 0
2953, 26
2954, 24
2955, 0
2956, 24
2957, 25
2958, 25
2959, 25
2960, 23
2961, 23
2962, 24
2963, 25
2964, 23
2965, 23
2966, 23
2967, 24
2968, 24
2969, 23
2970, 24
2971, 24
2972, 24
2973, 26
2974, 25
2975, 25
2976, 0
2977, 0
2978, 32
2979, 33
2980, 39
2981, 41
2982, 40
2983, 39
2984, 41
2985, 38
2986, 39
2987, 40
2988, 0
2989, 42
2990, 40
2991, 0
2992, 0
2993, 31
2994, 33
2995, 34
2996, 32
2997, 34
2998, 0
2999, 0
3000, 0
3001, 25
3002, 25
3003, 25
3004, 24
3005, 25
3006, 24
3007, 24
3008, 26
3009, 24
3010, 24
3011, 0
3012, 26
3013, 23
3014, 23
3015, 24
3016, 23
3017, 23
3018, 26
3019, 0
3020, 23
3021, 0
3022, 24
3023, 23
3024, 24
3025, 26
3026, 26
3027, 24
3028, 31
3029, 31
3030, 32
3031, 0
3032, 32
3033, 0
3034, 32
3035, 32
3036, 33
3037, 32
3038, 31
3039, 0
3040, 0
3041, 24
3042, 22
3043, 22
3044, 25
3045, 25
3046, 24
3047, 23
3048, 22
3049, 0
3050, 24
3051, 26
3052, 32
3053, 31
3054, 31
3055, 31
3056, 0
3057, 0
3058, 41
3059, 40
3060, 40
3061, 40
3062, 39
3063, 0
3064, 0
3065, 33
3066, 30
3067, 31
3068, 33
3069, 30
3070, 31
3071, 33
3072, 31
3073, 31
3074, 34
3075, 33
3076, 33
3077, 31
3078, 31
3079, 0
3080, 0
3081, 23
3082, 25
3083, 27
3084, 32
3085, 32
3086, 31
3087, 33
3088, 34
3089, 0
3090, 30
3091, 29
3092, 0
3093, 31
3094, 32
3095, 33
3096, 32
3097, 31
3098, 31
3099, 34
3100, 35
3101, 30
3102, 31
3103, 0
3104, 0
3105, 24
3106, 25
3107, 26
3108, 25
3109, 25
3110, 24
3111, 23
3112, 23
3113, 25
3114, 25
3115, 29
3116, 33
3117, 31
3118, 31
3119, 33
3120, 32
3121, 31
3122, 30
3123, 0
3124, 40
3125, 40
3126, 39
3127, 0
3128, 0
3129, 32
3130, 33
3131, 33
3132, 33
3133, 32
3134, 0
3135, 0
3136, 29
3137, 32
3138, 33
3139, 32
3140, 32
3141, 33
3142, 31
3143, 32
3144, 32
3145, 32
3146, 31
3147, 33
3148, 0
3149, 31
3150, 0
3151, 0
3152, 0
3153, 25
3154, 24
3155, 25
3156, 31
3157, 31
3158, 31
3159, 34
3160, 32
3161, 31
3162, 31
3163, 33
3164, 32
3165, 31
3166, 0
3167, 0
3168, 0
3169, 22
3170, 0
3171, 26
3172, 23
3173, 24
3174, 24
3175, 23
3176, 25
3177, 25
3178, 25
3179, 28
3180, 32
3181, 32
3182, 32
3183, 32
3184, 34
3185, 33
3186, 32
3187, 32
3188, 0
3189, 31
3190, 0
3191, 32
3192, 32
3193, 31
3194, 32
3195, 33
3196, 31
3197, 34
3198, 34
3199, 0
3200, 0
3201, 23
3202, 24
3203, 27
3204, 30
3205, 32
3206, 34
3207, 0
3208, 31
3209, 0
3210, 32
3211, 33
3212, 40
3213, 0
3214, 38
3215, 0
3216, 0
3217, 33
3218, 32
3219, 0
3220, 31
3221, 0
3222, 35
3223, 33
3224, 31
3225, 30
3226, 30
3227, 32
3228, 0
3229, 30
3230, 0
3231, 0
3232, 0
3233, 25
3234, 25
3235, 27
3236, 26
3237, 26
3238, 0
3239, 22
3240, 0
3241, 24
3242, 23
3243, 26
3244, 32
3245, 32
3246, 32
3247, 0
3248, 0
3249, 0
3250, 21
3251, 0
3252, 33
3253, 32
3254, 34
3255, 36
3256, 33
3257, 31
3258, 0
3259, 33
3260, 33
3261, 32
3262, 32
3263, 35
3264, 34
3265, 31
3266, 34
3267, 34
3268, 33
3269, 32
3270, 33
3271, 0
3272, 0
3273, 0
3274, 25
3275, 24
3276, 32
3277, 33
3278, 31
3279, 0
3280, 0
3281, 25
3282, 25
3283, 28
3284, 31
3285, 30
3286, 31
3287, 30
3288, 0
3289, 31
3290, 31
3291, 33
3292, 32
3293, 32
3294, 32
3295, 32
3296, 31
3297, 32
3298, 32
3299, 31
3300, 31
3301, 0
3302, 30
3303, 0
3304, 0
3305, 24
3306, 22
3307, 24
3308, 40
3309, 40
3310, 40
3311, 0
3312, 0
3313, 34
3314, 0
3315, 29
3316, 0
3317, 31
3318, 30
3319, 33
3320, 33
3321, 33
3322, 33
3323, 32
3324, 31
3325, 32
3326, 32
3327, 32
3328, 0
3329, 29
3330, 0
3331, 34
3332, 40
3333, 39
3334, 39
3335, 0
3336, 0
3337, 24
3338, 24
3339, 26
3340, 31
3341, 31
3342, 33
3343, 0
3344, 29
3345, 0
3346, 32
3347, 33
3348, 32
3349, 32
3350, 34
3351, 31
3352, 32
3353, 32
3354, 31
3355, 32
3356, 32
3357, 32
3358, 32
3359, 0
3360, 0
3361, 0
3362, 0
3363, 22
3364, 39
3365, 0
3366, 39
3367, 0
3368, 0
3369, 34
3370, 35
3371, 34
3372, 32
3373, 0
3374, 30
3375, 32
3376, 31
3377, 32
3378, 33
3379, 33
3380, 33
3381, 32
3382, 31
3383, 0
3384, 0
3385, 15
3386, 16
3387, 19
3388, 32
3389, 32
3390, 32
3391, 32
3392, 33
3393, 32
3394, 32
3395, 32
3396, 33
3397, 34
3398, 32
3399, 32
3400, 31
3401, 32
3402, 32
3403, 34
3404, 32
3405, 31
3406, 32
3407, 0
3408, 0
3409, 23
3410, 28
3411, 28
3412, 40
3413, 39
3414, 39
3415, 0
3416, 0
3417, 32
3418, 30
3419, 32
3420, 33
3421, 31
3422, 32
3423, 33
3424, 32
3425, 33
3426, 34
3427, 31
3428, 31
3429, 33
3430, 0
3431, 0
3432, 0
3433, 16
3434, 17
3435, 18
3436, 40
3437, 40
3438, 39
3439, 41
3440, 39
3441, 38
3442, 39
3443, 42
3444, 47
3445, 48
3446, 48
3447, 48
3448, 48
3449, 49
3450, 49
3451, 47
3452, 55
3453, 56
3454, 57
3455, 0
3456, 0
3457, 40
3458, 38
3459, 39
3460, 40
3461, 41
3462, 39
3463, 40
3464, 0
3465, 37
3466, 37
3467, 0
3468, 46
3469, 48
3470, 46
3471, 0
3472, 48
3473, 49
3474, 0
3475, 39
3476, 40
3477, 42
3478, 42
3479, 0
3480, 0
3481, 26
3482, 25
3483, 23
3484, 30
3485, 0
3486, 35
3487, 34
3488, 32
3489, 32
3490, 34
3491, 34
3492, 46
3493, 47
3494, 50
3495, 0
3496, 0
3497, 34
3498, 32
3499, 36
3500, 41
3501, 39
3502, 40
3503, 0
3504, 0
3505, 34
3506, 32
3507, 32
3508, 31
3509, 31
3510, 32
3511, 0
3512, 0
3513, 23
3514, 27
3515, 0
3516, 30
3517, 0
3518, 0
3519, 32
3520, 0
3521, 25
3522, 25
3523, 23
3524, 32
3525, 31
3526, 31
3527, 33
3528, 33
3529, 32
3530, 31
3531, 33
3532, 39
3533, 40
3534, 40
3535, 0
3536, 0
3537, 32
3538, 32
3539, 32
3540, 39
3541, 40
3542, 41
3543, 40
3544, 0
3545, 32
3546, 32
3547, 33
3548, 32
3549, 30
3550, 0
3551, 0
3552, 0
3553, 0
3554, 24
3555, 26
3556, 32
3557, 29
3558, 0
3559, 0
3560, 0
3561, 25
3562, 24
3563, 0
3564, 30
3565, 32
3566, 31
3567, 33
3568, 32
3569, 33
3570, 31
3571, 32
3572, 41
3573, 41
3574, 41
3575, 0
3576, 0
3577, 32
3578, 34
3579, 34
3580, 42
3581, 41
3582, 39
3583, 0
3584, 0
3585, 33
3586, 33
3587, 38
3588, 40
3589, 42
3590, 0
3591, 0
3592, 0
3593, 32
3594, 0
3595, 31
3596, 38
3597, 40
3598, 0
3599, 0
3600, 0
3601, 31
3602, 31
3603, 33
3604, 31
3605, 32
3606, 33
3607, 32
3608, 0
3609, 24
3610, 27
3611, 27
3612, 0
3613, 27
3614, 0
3615, 34
3616, 33
3617, 33
3618, 0
3619, 34
3620, 40
3621, 41
3622, 0
3623, 0
3624, 0
3625, 25
3626, 0
3627, 24
3628, 30
3629, 31
3630, 33
3631, 33
3632, 32
3633, 31
3634, 32
3635, 34
3636, 40
3637, 40
3638, 40
3639, 0
3640, 0
3641, 0
3642, 30
3643, 0
3644, 40
3645, 41
3646, 40
3647, 0
3648, 0
3649, 32
3650, 0
3651, 32
3652, 39
3653, 0
3654, 0
3655, 0
3656, 0
3657, 34
3658, 34
3659, 37
3660, 40
3661, 0
3662, 0
3663, 0
3664, 0
3665, 34
3666, 33
3667, 38
3668, 43
3669, 0
3670, 39
3671, 0
3672, 0
3673, 31
3674, 32
3675, 39
3676, 39
3677, 39
3678, 0
3679, 0
3680, 0
3681, 30
3682, 34
3683, 0
3684, 38
3685, 0
3686, 39
3687, 38
3688, 0
3689, 30
3690, 30
3691, 33
3692, 38
3693, 0
3694, 42
3695, 0
3696, 0
3697, 33
3698, 33
3699, 40
3700, 0
3701, 39
3702, 0
3703, 0
3704, 0
3705, 32
3706, 33
3707, 31
3708, 39
3709, 40
3710, 0
3711, 0
3712, 0
3713, 34
3714, 34
3715, 37
3716, 40
3717, 39
3718, 41
3719, 0
3720, 0
3721, 33
3722, 0
3723, 32
3724, 40
3725, 41
3726, 40
3727, 0
3728, 0
3729, 32
3730, 32
3731, 33
3732, 39
3733, 41
3734, 42
3735, 0
3736, 0
3737, 23
3738, 23
3739, 24
3740, 32
3741, 32
3742, 31
3743, 31
3744, 32
3745, 32
3746, 33
3747, 33
3748, 39
3749, 41
3750, 40
3751, 0
3752, 0
3753, 30
3754, 0
3755, 33
3756, 42
3757, 43
3758, 0
3759, 0
3760, 0
3761, 0
3762, 33
3763, 0
3764, 45
3765, 0
3766, 0
3767, 0
3768, 0
3769, 32
3770, 31
3771, 32
3772, 39
3773, 40
3774, 0
3775, 0
3776, 0
3777, 32
3778, 32
3779, 34
3780, 39
3781, 40
3782, 41
3783, 40
3784, 0
3785, 32
3786, 32
3787, 33
3788, 48
3789, 47
3790, 47
3791, 0
3792, 0
3793, 40
3794, 0
3795, 41
3796, 42
3797, 41
3798, 41
3799, 0
3800, 0
3801, 29
3802, 0
3803, 36
3804, 0
3805, 48
3806, 0
3807, 0
3808, 0
3809, 31
3810, 33
3811, 34
3812, 39
3813, 37
3814, 0
3815, 0
3816, 0
3817, 30
3818, 0
3819, 40
3820, 40
3821, 40
3822, 41
3823, 0
3824, 0
3825, 32
3826, 32
3827, 0
3828, 39
3829, 39
3830, 42
3831, 0
3832, 0
3833, 33
3834, 0
3835, 32
3836, 38
3837, 39
3838, 42
3839, 0
3840, 0
3841, 31
3842, 32
3843, 32
3844, 48
3845, 0
3846, 47
3847, 0
3848, 0
3849, 33
3850, 32
3851, 34
3852, 39
3853, 38
3854, 42
3855, 0
3856, 0
3857, 34
3858, 31
3859, 30
3860, 41
3861, 0
3862, 42
3863, 0
3864, 0
3865, 30
3866, 0
3867, 39
3868, 49
3869, 46
3870, 0
3871, 0
3872, 0
3873, 32
3874, 34
3875, 0
3876, 38
3877, 0
3878, 40
3879, 38
3880, 39
3881, 39
3882, 0
3883, 41
3884, 47
3885, 48
3886, 49
3887, 0
3888, 0
3889, 31
3890, 31
3891, 33
3892, 48
3893, 47
3894, 48
3895, 0
3896, 0
3897, 32
3898, 33
3899, 33
3900, 33
3901, 32
3902, 32
3903, 34
3904, 31
3905, 31
3906, 33
3907, 34
3908, 48
3909, 49
3910, 47
3911, 0
3912, 0
3913, 31
3914, 32
3915, 35
3916, 47
3917, 47
3918, 48
3919, 0
3920, 0
3921, 33
3922, 32
3923, 32
3924, 43
3925, 40
3926, 40
3927, 0
3928, 0
3929, 32
3930, 33
3931, 33
3932, 46
3933, 41
3934, 40
3935, 0
3936, 0
3937, 33
3938, 0
3939, 38
3940, 0
3941, 50
3942, 0
3943, 0
3944, 0
3945, 32
3946, 33
3947, 33
3948, 40
3949, 41
3950, 0
3951, 0
3952, 0
3953, 32
3954, 33
3955, 34
3956, 39
3957, 40
3958, 0
3959, 0
3960, 0
3961, 24
3962, 24
3963, 26
3964, 43
3965, 0
3966, 38
3967, 0
3968, 0
3969, 31
3970, 31
3971, 32
3972, 0
3973, 48
3974, 48
3975, 0
3976, 0
3977, 40
3978, 0
3979, 40
3980, 48
3981, 48
3982, 48
3983, 0
3984, 0
3985, 32
3986, 31
3987, 33
3988, 0
3989, 37
3990, 39
3991, 0
3992, 0
3993, 0
3994, 32
3995, 34
3996, 47
3997, 48
3998, 0
3999, 0
4000, 0
4001, 32
4002, 32
4003, 32
4004, 48
4005, 50
4006, 47
4007, 0
4008, 0
4009, 40
4010, 0
4011, 38
4012, 55
4013, 57
4014, 0
4015, 0
4016, 0
4017, 33
4018, 32
4019, 32
4020, 39
4021, 40
4022, 42
4023, 0
4024, 0
4025, 33
4026, 33
4027, 0
4028, 46
4029, 0
4030, 48
4031, 46
4032, 0
4033, 39
4034, 39
4035, 42
4036, 48
4037, 48
4038, 0
4039, 0
4040, 0
4041, 31
4042, 31
4043, 34
4044, 48
4045, 48
4046, 0
4047, 0
4048, 0
4049, 32
4050, 33
4051, 35
4052, 46
4053, 0
4054, 48
4055, 0
4056, 0
4057, 33
4058, 33
4059, 0
4060, 39
4061, 0
4062, 40
4063, 0
4064, 0
4065, 32
4066, 36
4067, 37
4068, 51
4069, 49
4070, 48
4071, 0
4072, 0
4073, 32
4074, 34
4075, 36
4076, 55
4077, 57
4078, 56
4079, 0
4080, 0
4081, 48
4082, 0
4083, 46
4084, 54
4085, 56
4086, 56
4087, 0
4088, 0
4089, 39
4090, 38
4091, 0
4092, 51
4093, 46
4094, 48
4095, 0
4096, 0
4097, 30
4098, 0
4099, 0
4100, 49
4101, 0
4102, 48
4103, 0
4104, 0
4105, 29
4106, 0
4107, 34
4108, 49
4109, 0
4110, 47
4111, 0
4112, 0
4113, 32
4114, 32
4115, 34
4116, 49
4117, 49
4118, 48
4119, 0
4120, 0
4121, 33
4122, 32
4123, 33
4124, 49
4125, 0
4126, 0
4127, 0
4128, 0
4129, 34
4130, 33
4131, 35
4132, 48
4133, 48
4134, 0
4135, 0
4136, 0
4137, 40
4138, 38
4139, 43
4140, 58
4141, 0
4142, 0
4143, 0
4144, 0
4145, 37
4146, 0
4147, 45
4148, 0
4149, 54
4150, 0
4151, 0
4152, 0
4153, 38
4154, 0
4155, 43
4156, 48
4157, 48
4158, 50
4159, 0
4160, 0
4161, 0
4162, 0
4163, 39
4164, 58
4165, 56
4166, 56
4167, 0
4168, 0
4169, 41
4170, 0
4171, 41
4172, 55
4173, 55
4174, 55
4175, 0
4176, 0
4177, 39
4178, 41
4179, 41
4180, 57
4181, 56
4182, 0
4183, 0
4184, 0
4185, 35
4186, 0
4187, 41
4188, 49
4189, 50
4190, 0
4191, 0
4192, 0
4193, 0
4194, 28
4195, 30
4196, 50
4197, 48
4198, 0
4199, 0
4200, 0
4201, 33
4202, 33
4203, 34
4204, 47
4205, 47
4206, 49
4207, 0
4208, 0
4209, 32
4210, 34
4211, 35
4212, 46
4213, 48
4214, 50
4215, 0
4216, 0
4217, 30
4218, 32
4219, 34
4220, 46
4221, 47
4222, 0
4223, 0
4224, 0
4225, 30
4226, 30
4227, 32
4228, 55
4229, 57
4230, 0
4231, 0
4232, 0
4233, 41
4234, 40
4235, 42
4236, 56
4237, 56
4238, 57
4239, 0
4240, 0
4241, 48
4242, 0
4243, 54
4244, 64
4245, 65
4246, 65
4247, 0
4248, 0
4249, 48
4250, 0
4251, 50
4252, 63
4253, 64
4254, 64
4255, 0
4256, 0
4257, 47
4258, 47
4259, 49
4260, 64
4261, 64
4262, 0
4263, 0
4264, 0
4265, 46
4266, 0
4267, 46
4268, 63
4269, 66
4270, 0
4271, 0
4272, 0
4273, 31
4274, 32
4275, 32
4276, 48
4277, 47
4278, 49
4279, 0
4280, 0
4281, 31
4282, 34
4283, 34
4284, 0
4285, 46
4286, 48
4287, 0
4288, 0
4289, 32
4290, 33
4291, 36
4292, 47
4293, 47
4294, 49
4295, 0
4296, 0
4297, 33
4298, 0
4299, 29
4300, 0
4301, 50
4302, 48
4303, 0
4304, 0
4305, 31
4306, 30
4307, 34
4308, 49
4309, 48
4310, 49
4311, 0
4312, 0
4313, 37
4314, 0
4315, 40
4316, 64
4317, 64
4318, 0
4319, 0
4320, 0
4321, 40
4322, 40
4323, 40
4324, 63
4325, 64
4326, 64
4327, 0
4328, 0
4329, 46
4330, 0
4331, 49
4332, 56
4333, 56
4334, 58
4335, 0
4336, 0
4337, 41
4338, 40
4339, 40
4340, 63
4341, 64
4342, 0
4343, 0
4344, 0
4345, 49
4346, 49
4347, 49
4348, 55
4349, 56
4350, 0
4351, 0
4352, 0
4353, 41
4354, 40
4355, 43
4356, 56
4357, 56
4358, 58
4359, 0
4360, 0
4361, 40
4362, 41
4363, 41
4364, 49
4365, 48
4366, 0
4367, 0
4368, 0
4369, 33
4370, 31
4371, 31
4372, 47
4373, 49
4374, 50
4375, 0
4376, 0
4377, 43
4378, 41
4379, 40
4380, 49
4381, 47
4382, 48
4383, 49
4384, 0
4385, 41
4386, 40
4387, 39
4388, 54
4389, 58
4390, 59
4391, 0
4392, 0
4393, 41
4394, 0
4395, 39
4396, 54
4397, 56
4398, 56
4399, 0
4400, 0
4401, 48
4402, 47
4403, 48
4404, 49
4405, 0
4406, 47
4407, 46
4408, 0
4409, 45
4410, 0
4411, 48
4412, 63
4413, 64
4414, 0
4415, 0
4416, 0
4417, 42
4418, 41
4419, 42
4420, 49
4421, 47
4422, 48
4423, 0
4424, 0
4425, 40
4426, 41
4427, 42
4428, 48
4429, 48
4430, 0
4431, 0
4432, 0
4433, 34
4434, 33
4435, 33
4436, 49
4437, 49
4438, 48
4439, 48
4440, 50
4441, 48
4442, 48
4443, 49
4444, 72
4445, 72
4446, 0
4447, 0
4448, 0
4449, 46
4450, 46
4451, 47
4452, 0
4453, 57
4454, 57
4455, 0
4456, 0
4457, 40
4458, 41
4459, 43
4460, 54
4461, 57
4462, 60
4463, 0
4464, 0
4465, 0
4466, 49
4467, 55
4468, 64
4469, 63
4470, 0
4471, 0
4472, 0
4473, 42
4474, 40
4475, 39
4476, 0
4477, 50
4478, 0
4479, 0
4480, 0
4481, 41
4482, 42
4483, 43
4484, 49
4485, 48
4486, 47
4487, 0
4488, 0
4489, 38
4490, 0
4491, 43
4492, 56
4493, 56
4494, 0
4495, 0
4496, 0
4497, 46
4498, 48
4499, 50
4500, 48
4501, 48
4502, 0
4503, 0
4504, 0
4505, 32
4506, 35
4507, 34
4508, 47
4509, 48
4510, 49
4511, 48
4512, 48
4513, 49
4514, 47
4515, 52
4516, 0
4517, 0
4518, 0
4519, 0
4520, 0
4521, 48
4522, 48
4523, 47
4524, 48
4525, 0
4526, 46
4527, 0
4528, 0
4529, 41
4530, 0
4531, 38
4532, 56
4533, 57
4534, 57
4535, 0
4536, 0
4537, 47
4538, 47
4539, 51
4540, 57
4541, 56
4542, 0
4543, 0
4544, 0
4545, 0
4546, 0
4547, 0
4548, 0
4549, 57
4550, 55
4551, 55
4552, 0
4553, 49
4554, 48
4555, 50
4556, 65
4557, 65
4558, 0
4559, 0
4560, 0
4561, 48
4562, 49
4563, 48
4564, 47
4565, 48
4566, 49
4567, 0
4568, 0
4569, 33
4570, 32
4571, 33
4572, 46
4573, 47
4574, 0
4575, 45
4576, 0
4577, 0
4578, 47
4579, 0
4580, 48
4581, 50
4582, 0
4583, 0
4584, 0
4585, 42
4586, 40
4587, 40
4588, 48
4589, 47
4590, 48
4591, 0
4592, 0
4593, 41
4594, 39
4595, 41
4596, 48
4597, 48
4598, 50
4599, 0
4600, 0
4601, 38
4602, 0
4603, 0
4604, 0
4605, 0
4606, 0
4607, 0
4608, 0
4609, 41
4610, 40
4611, 40
4612, 0
4613, 46
4614, 0
4615, 0
4616, 0
4617, 40
4618, 40
4619, 42
4620, 50
4621, 49
4622, 0
4623, 0
4624, 0
4625, 40
4626, 40
4627, 40
4628, 47
4629, 49
4630, 48
4631, 45
4632, 46
4633, 47
4634, 0
4635, 47
4636, 63
4637, 64
4638, 64
4639, 0
4640, 0
4641, 48
4642, 49
4643, 49
4644, 50
4645, 48
4646, 48
4647, 0
4648, 45
4649, 46
4650, 47
4651, 49
4652, 46
4653, 0
4654, 49
4655, 0
4656, 0
4657, 32
4658, 36
4659, 35
4660, 47
4661, 48
4662, 49
4663, 0
4664, 0
4665, 0
4666, 0
4667, 0
4668, 0
4669, 0
4670, 0
4671, 0
4672, 0
4673, 0
4674, 0
4675, 0
4676, 0
4677, 0
4678, 0
4679, 0
4680, 0
4681, 0
4682, 0
4683, 0
4684, 0
4685, 0
4686, 0
4687, 0
4688, 0
4689, 0
4690, 0
4691, 0
4692, 0
4693, 0
4694, 0
4695, 0
4696, 0
4697, 0
4698, 41
4699, 39
4700, 39
4701, 39
4702, 39
4703, 0
4704, 0
4705, 0
4706, 41
4707, 40
4708, 48
4709, 48
4710, 48
4711, 48
4712, 48
4713, 48
4714, 47
4715, 41
4716, 40
4717, 0
4718, 35
4719, 0
4720, 0
4721, 0
4722, 46
4723, 46
4724, 46
4725, 46
4726, 0
4727, 0
4728, 0
4729, 42
4730, 42
4731, 40
4732, 47
4733, 49
4734, 49
4735, 51
4736, 51
4737, 48
4738, 46
4739, 50
4740, 49
4741, 47
4742, 48
4743, 0
4744, 0
4745, 41
4746, 41
4747, 44
4748, 48
4749, 46
4750, 48
4751, 47
4752, 47
4753, 0
4754, 48
4755, 48
4756, 49
4757, 49
4758, 50
4759, 0
4760, 0
4761, 40
4762, 40
4763, 39
4764, 47
4765, 48
4766, 49
4767, 0
4768, 0
4769, 41
4770, 40
4771, 41
4772, 40
4773, 41
4774, 41
4775, 0
4776, 37
4777, 0
4778, 40
4779, 40
4780, 47
4781, 0
4782, 46
4783, 0
4784, 0
4785, 41
4786, 0
4787, 0
4788, 46
4789, 45
4790, 0
4791, 48
4792, 49
4793, 46
4794, 47
4795, 49
4796, 48
4797, 48
4798, 48
4799, 47
4800, 0
4801, 39
4802, 40
4803, 44
4804, 41
4805, 39
4806, 39
4807, 39
4808, 38
4809, 39
4810, 0
4811, 40
4812, 48
4813, 48
4814, 49
4815, 0
4816, 0
4817, 42
4818, 0
4819, 41
4820, 0
4821, 49
4822, 46
4823, 47
4824, 47
4825, 46
4826, 47
4827, 48
4828, 48
4829, 49
4830, 49
4831, 49
4832, 47
4833, 48
4834, 48
4835, 48
4836, 48
4837, 0
4838, 47
4839, 0
4840, 0
4841, 41
4842, 38
4843, 39
4844, 0
4845, 50
4846, 50
4847, 49
4848, 48
4849, 49
4850, 47
4851, 48
4852, 48
4853, 47
4854, 48
4855, 48
4856, 47
4857, 47
4858, 47
4859, 48
4860, 47
4861, 45
4862, 46
4863, 0
4864, 0
4865, 40
4866, 39
4867, 40
4868, 49
4869, 49
4870, 48
4871, 47
4872, 48
4873, 48
4874, 47
4875, 49
4876, 0
4877, 45
4878, 0
4879, 51
4880, 48
4881, 49
4882, 49
4883, 50
4884, 48
4885, 47
4886, 48
4887, 0
4888, 0
4889, 40
4890, 39
4891, 40
4892, 47
4893, 0
4894, 46
4895, 0
4896, 0
4897, 39
4898, 39
4899, 41
4900, 39
4901, 40
4902, 41
4903, 40
4904, 41
4905, 41
4906, 40
4907, 40
4908, 40
4909, 39
4910, 39
4911, 39
4912, 40
4913, 42
4914, 40
4915, 40
4916, 48
4917, 47
4918, 46
4919, 49
4920, 48
4921, 48
4922, 46
4923, 50
4924, 50
4925, 47
4926, 48
4927, 49
4928, 50
4929, 48
4930, 48
4931, 49
4932, 47
4933, 47
4934, 47
4935, 0
4936, 45
4937, 0
4938, 0
4939, 0
4940, 48
4941, 49
4942, 49
4943, 0
4944, 0
4945, 40
4946, 39
4947, 40
4948, 0
4949, 40
4950, 0
4951, 40
4952, 41
4953, 39
4954, 41
4955, 42
4956, 40
4957, 40
4958, 40
4959, 39
4960, 40
4961, 41
4962, 39
4963, 38
4964, 40
4965, 40
4966, 40
4967, 40
4968, 41
4969, 40
4970, 39
4971, 42
4972, 41
4973, 39
4974, 40
4975, 40
4976, 40
4977, 42
4978, 40
4979, 39
4980, 46
4981, 0
4982, 48
4983, 0
4984, 0
4985, 39
4986, 39
4987, 42
4988, 42
4989, 40
4990, 39
4991, 40
4992, 41
4993, 40
4994, 40
4995, 41
4996, 40
4997, 40
4998, 41
4999, 40
5000, 41
5001, 41
5002, 40
5003, 41
5004, 42
5005, 39
5006, 42
5007, 41
5008, 40
5009, 41
5010, 42
5011, 42
5012, 42
5013, 39
5014, 41
5015, 40
5016, 40
5017, 41
5018, 40
5019, 44
5020, 39
5021, 0
5022, 42
5023, 41
5024, 40
5025, 41
5026, 40
5027, 40
5028, 42
5029, 0
5030, 0
5031, 0
5032, 0
5033, 0
5034, 0
5035, 0
5036, 0
5037, 0
5038, 0
5039, 0
5040, 0
5041, 0
5042, 0
5043, 0
5044, 0
5045, 0
5046, 0
5047, 0
5048, 39
5049, 41
5050, 40
5051, 40
5052, 48
5053, 47
5054, 49
5055, 48
5056, 47
5057, 48
5058, 48
5059, 0
5060, 46
5061, 0
5062, 48
5063, 47
5064, 49
5065, 0
5066, 46
5067, 47
5068, 0
5069, 48
5070, 47
5071, 48
5072, 50
5073, 47
5074, 47
5075, 48
5076, 49
5077, 48
5078, 0
5079, 0
5080, 0
5081, 40
5082, 39
5083, 40
5084, 39
5085, 39
5086, 39
5087, 40
5088, 41
5089, 41
5090, 40
5091, 39
5092, 40
5093, 40
5094, 39
5095, 38
5096, 39
5097, 41
5098, 41
5099, 41
5100, 41
5101, 40
5102, 40
5103, 40
5104, 40
5105, 40
5106, 40
5107, 41
5108, 39
5109, 40
5110, 40
5111, 39
5112, 40
5113, 40
5114, 39
5115, 39
5116, 39
5117, 40
5118, 40
5119, 39
5120, 39
5121, 41
5122, 41
5123, 41
5124, 41
5125, 40
5126, 40
5127, 40
5128, 40
5129, 40
5130, 39
5131, 33
5132, 32
5133, 31
5134, 32
5135, 34
5136, 34
5137, 33
5138, 31
5139, 34
5140, 33
5141, 31
5142, 32
5143, 31
5144, 32
5145, 33
5146, 32
5147, 32
5148, 33
5149, 32
5150, 32
5151, 33
5152, 33
5153, 33
5154, 34
5155, 33
5156, 31
5157, 31
5158, 33
5159, 34
5160, 31
5161, 31
5162, 32
5163, 37
5164, 33
5165, 31
5166, 33
5167, 32
5168, 31
5169, 31
5170, 31
5171, 34
5172, 48
5173, 47
5174, 47
5175, 0
5176, 0
5177, 39
5178, 38
5179, 39
5180, 40
5181, 39
5182, 39
5183, 0
5184, 0
5185, 31
5186, 32
5187, 33
5188, 32
5189, 34
5190, 32
5191, 32
5192, 31
5193, 32
5194, 33
5195, 22
5196, 24
5197, 26
5198, 25
5199, 24
5200, 0
5201, 0
5202, 0
5203, 41
5204, 48
5205, 47
5206, 47
5207, 47
5208, 47
5209, 48
5210, 49
5211, 49
5212, 49
5213, 48
5214, 48
5215, 48
5216, 46
5217, 46
5218, 47
5219, 42
5220, 40
5221, 39
5222, 41
5223, 41
5224, 0
5225, 0
5226, 0
5227, 0
5228, 0
5229, 0
5230, 0
5231, 0
5232, 0
5233, 0
5234, 0
5235, 0
5236, 0
5237, 0
5238, 0
5239, 0
5240, 0
5241, 0
5242, 0
5243, 39
5244, 40
5245, 42
5246, 40
5247, 42
5248, 0
5249, 0
5250, 47
5251, 48
5252, 50
5253, 49
5254, 48
5255, 0
5256, 0
5257, 40
5258, 40
5259, 41
5260, 48
5261, 48
5262, 47
5263, 49
5264, 49
5265, 0
5266, 47
5267, 0
5268, 57
5269, 55
5270, 0
5271, 0
5272, 0
5273, 46
5274, 46
5275, 0
5276, 72
5277, 0
5278, 0
5279, 0
5280, 0
5281, 0
5282, 0
5283, 265
5284, 0
5285, 0
5286, 0
5287, 0
5288, 0
5289, 0
5290, 0
5291, 0
5292, 0
5293, 0
5294, 0
5295, 0
5296, 0
5297, 0
5298, 0
5299, 0
5300, 0
5301, 0
5302, 0
5303, 0
5304, 0
5305, 0
5306, 0
5307, 0
5308, 0
5309, 0
5310, 0
5311, 0
5312, 0
5313, 0
5314, 0
5315, 0
5316, 0
5317, 0
5318, 0
5319, 0
5320, 0
5321, 0
5322, 0
5323, 0
5324, 0
5325, 0
5326, 0
5327, 0
5328, 0
5329, 0
5330, 0
5331, 0
5332, 0
5333, 0
5334, 0
5335, 0
5336, 0
5337, 0
5338, 0
5339, 0
5340, 0
5341, 0
5342, 0
5343, 0
5344, 0
5345, 0
5346, 0
5347, 0
5348, 0
5349, 0
5350, 0
5351, 0
5352, 0
5353, 0
5354, 0
5355, 0
5356, 0
5357, 0
5358, 0
5359, 0
5360, 0
5361, 0
5362, 0
5363, 0
5364, 0
5365, 0
5366, 0
5367, 0
5368, 0
5369, 0
5370, 0
5371, 0
5372, 0
5373, 0
5374, 0
5375, 0
5376, 0
5377, 0
5378, 0
5379, 0
5380, 0
5381, 0
5382, 0
5383, 0
5384, 0
5385, 0
5386, 0
5387, 0
5388, 0
5389, 0
5390, 0
5391, 0
5392, 0
5393, 0
5394, 0
5395, 0
5396, 0
5397, 0
5398, 0
5399, 0
5400, 0
5401, 0
5402, 0
5403, 0
5404, 0
5405, 0
5406, 0
5407, 0
5408, 0
5409, 0
5410, 0
5411, 0
5412, 0
5413, 0
5414, 0
5415, 0
5416, 0
5417, 0
5418, 0
5419, 0
5420, 0
5421, 0
5422, 0
5423, 0
5424, 0
5425, 0
5426, 0
5427, 0
5428, 0
5429, 0
5430, 0
5431, 0
5432, 0
5433, 0
5434, 0
5435, 0
5436, 0
5437, 0
5438, 0
5439, 0
5440, 0
5441, 0
5442, 0
5443, 0
5444, 0
5445, 0
5446, 0
5447, 0
5448, 0
5449, 0
5450, 0
5451, 0
5452, 0
5453, 0
5454, 0
5455, 0
5456, 0
5457, 0
5458, 0
5459, 0
5460, 0
5461, 0
5462, 0
5463, 0
5464, 0
5465, 0
5466, 0
5467, 0
5468, 0
5469, 0
5470, 0
5471, 0
5472, 0
5473, 0
5474, 0
5475, 0
5476, 0
5477, 0
5478, 0
5479, 0
5480, 0
5481, 0
5482, 0
5483, 0
5484, 0
5485, 0
5486, 0
5487, 0
5488, 0
5489, 0
5490, 0
5491, 0
5492, 0
5493, 0
5494, 0
5495, 0
5496, 0
5497, 0
5498, 0
