0, 0
1, 0
2, 0
3, 0
4, 0
5, 0
6, 0
7, 0
8, 0
9, 0
10, 0
11, 0
12, 0
13, 0
14, 0
15, 0
16, 0
17, 0
18, 0
19, 0
20, 0
21, 0
22, 0
23, 0
24, 0
25, 0
26, 0
27, 0
28, 0
29, 0
30, 0
31, 0
32, 0
33, 0
34, 0
35, 0
36, 0
37, 0
38, 0
39, 0
40, 0
41, 0
42, 0
43, 0
44, 0
45, 0
46, 0
47, 0
48, 0
49, 0
50, 0
51, 0
52, 0
53, 0
54, 0
55, 0
56, 0
57, 0
58, 0
59, 0
60, 0
61, 0
62, 0
63, 0
64, 0
65, 0
66, 0
67, 0
68, 0
69, 0
70, 0
71, 0
72, 0
73, 0
74, 0
75, 0
76, 0
77, 0
78, 0
79, 0
80, 0
81, 0
82, 0
83, 0
84, 0
85, 0
86, 0
87, 0
88, 0
89, 0
90, 0
91, 0
92, 0
93, 0
94, 0
95, 0
96, 0
97, 0
98, 0
99, 0
100, 0
101, 0
102, 0
103, 0
104, 0
105, 0
106, 0
107, 0
108, 0
109, 0
110, 0
111, 0
112, 0
113, 0
114, 0
115, 0
116, 0
117, 0
118, 0
119, 0
120, 0
121, 0
122, 0
123, 0
124, 0
125, 0
126, 0
127, 0
128, 0
129, 0
130, 0
131, 0
132, 0
133, 0
134, 0
135, 0
136, 0
137, 0
138, 0
139, 0
140, 0
141, 0
142, 0
143, 0
144, 0
145, 0
146, 0
147, 0
148, 0
149, 0
150, 0
151, 0
152, 0
153, 0
154, 0
155, 0
156, 0
157, 0
158, 0
159, 0
160, 0
161, 0
162, 0
163, 0
164, 0
165, 0
166, 0
167, 0
168, 0
169, 0
170, 0
171, 0
172, 0
173, 0
174, 0
175, 0
176, 0
177, 0
178, 0
179, 0
180, 0
181, 0
182, 0
183, 0
184, 0
185, 0
186, 0
187, 0
188, 0
189, 0
190, 0
191, 0
192, 0
193, 0
194, 0
195, 0
196, 0
197, 0
198, 0
199, 0
200, 0
201, 0
202, 0
203, 0
204, 0
205, 0
206, 0
207, 0
208, 0
209, 0
210, 0
211, 0
212, 0
213, 0
214, 0
215, 0
216, 0
217, 0
218, 0
219, 0
220, 0
221, 0
222, 0
223, 0
224, 0
225, 0
226, 0
227, 0
228, 0
229, 0
230, 0
231, 0
232, 0
233, 0
234, 0
235, 0
236, 0
237, 0
238, 0
239, 0
240, 0
241, 0
242, 0
243, 0
244, 0
245, 0
246, 0
247, 0
248, 0
249, 0
250, 0
251, 0
252, 0
253, 0
254, 0
255, 0
256, 0
257, 0
258, 0
259, 0
260, 0
261, 0
262, 0
263, 0
264, 0
265, 0
266, 0
267, 0
268, 0
269, 0
270, 0
271, 0
272, 0
273, 0
274, 0
275, 0
276, 0
277, 0
278, 0
279, 0
280, 0
281, 0
282, 0
283, 0
284, 0
285, 0
286, 0
287, 0
288, 0
289, 0
290, 0
291, 0
292, 0
293, 0
294, 0
295, 0
296, 0
297, 0
298, 0
299, 0
300, 0
301, 0
302, 0
303, 0
304, 0
305, 0
306, 0
307, 0
308, 0
309, 0
310, 0
311, 0
312, 0
313, 0
314, 0
315, 0
316, 0
317, 0
318, 0
319, 0
320, 0
321, 0
322, 0
323, 0
324, 0
325, 0
326, 0
327, 0
328, 0
329, 0
330, 0
331, 0
332, 0
333, 0
334, 0
335, 0
336, 0
337, 0
338, 0
339, 0
340, 0
341, 0
342, 0
343, 0
344, 0
345, 0
346, 0
347, 0
348, 0
349, 0
350, 0
351, 0
352, 0
353, 0
354, 0
355, 0
356, 0
357, 0
358, 0
359, 0
360, 0
361, 0
362, 0
363, 0
364, 0
365, 0
366, 0
367, 0
368, 0
369, 0
370, 0
371, 0
372, 0
373, 0
374, 0
375, 0
376, 0
377, 0
378, 0
379, 0
380, 0
381, 0
382, 0
383, 0
384, 0
385, 0
386, 0
387, 0
388, 0
389, 0
390, 0
391, 0
392, 0
393, 0
394, 0
395, 0
396, 0
397, 0
398, 0
399, 0
400, 0
401, 0
402, 0
403, 0
404, 0
405, 0
406, 0
407, 0
408, 0
409, 0
410, 0
411, 0
412, 0
413, 0
414, 0
415, 0
416, 0
417, 0
418, 0
419, 0
420, 0
421, 0
422, 0
423, 0
424, 0
425, 0
426, 0
427, 0
428, 0
429, 0
430, 0
431, 0
432, 0
433, 0
434, 0
435, 0
436, 0
437, 0
438, 0
439, 0
440, 0
441, 0
442, 0
443, 0
444, 0
445, 0
446, 0
447, 0
448, 0
449, 0
450, 0
451, 0
452, 0
453, 0
454, 0
455, 0
456, 0
457, 0
458, 0
459, 0
460, 0
461, 0
462, 0
463, 0
464, 0
465, 0
466, 0
467, 0
468, 0
469, 0
470, 0
471, 0
472, 0
473, 0
474, 0
475, 0
476, 0
477, 0
478, 0
479, 0
480, 0
481, 0
482, 0
483, 0
484, 0
485, 0
486, 0
487, 0
488, 0
489, 0
490, 0
491, 0
492, 0
493, 0
494, 0
495, 0
496, 0
497, 0
498, 0
499, 0
500, 0
501, 0
502, 0
503, 0
504, 0
505, 0
506, 0
507, 0
508, 0
509, 0
510, 0
511, 0
512, 0
513, 0
514, 0
515, 0
516, 0
517, 0
518, 0
519, 0
520, 0
521, 0
522, 0
523, 0
524, 0
525, 0
526, 0
527, 0
528, 0
529, 0
530, 0
531, 0
532, 0
533, 0
534, 0
535, 0
536, 0
537, 0
538, 0
539, 0
540, 0
541, 0
542, 0
543, 0
544, 0
545, 0
546, 0
547, 0
548, 0
549, 0
550, 0
551, 0
552, 0
553, 0
554, 0
555, 0
556, 0
557, 0
558, 0
559, 0
560, 0
561, 0
562, 0
563, 0
564, 0
565, 0
566, 0
567, 0
568, 0
569, 0
570, 0
571, 0
572, 0
573, 0
574, 0
575, 0
576, 0
577, 0
578, 0
579, 0
580, 0
581, 0
582, 0
583, 0
584, 0
585, 0
586, 0
587, 0
588, 0
589, 0
590, 0
591, 0
592, 0
593, 0
594, 0
595, 0
596, 0
597, 0
598, 0
599, 0
600, 0
601, 0
602, 0
603, 0
604, 0
605, 0
606, 0
607, 0
608, 0
609, 0
610, 0
611, 0
612, 0
613, 0
614, 0
615, 0
616, 0
617, 0
618, 0
619, 0
620, 0
621, 0
622, 0
623, 0
624, 0
625, 0
626, 0
627, 0
628, 0
629, 0
630, 0
631, 0
632, 0
633, 0
634, 0
635, 0
636, 0
637, 0
638, 0
639, 0
640, 0
641, 0
642, 0
643, 0
644, 0
645, 0
646, 0
647, 0
648, 0
649, 0
650, 0
651, 0
652, 0
653, 0
654, 0
655, 0
656, 0
657, 0
658, 0
659, 0
660, 0
661, 0
662, 0
663, 0
664, 0
665, 0
666, 0
667, 0
668, 0
669, 0
670, 0
671, 0
672, 0
673, 0
674, 0
675, 0
676, 0
677, 0
678, 0
679, 0
680, 0
681, 0
682, 0
683, 0
684, 0
685, 0
686, 0
687, 0
688, 0
689, 0
690, 0
691, 0
692, 0
693, 0
694, 0
695, 0
696, 0
697, 0
698, 0
699, 0
700, 0
701, 0
702, 0
703, 0
704, 0
705, 0
706, 0
707, 0
708, 0
709, 0
710, 0
711, 0
712, 0
713, 0
714, 0
715, 0
716, 0
717, 0
718, 0
719, 0
720, 0
721, 0
722, 0
723, 0
724, 0
725, 0
726, 0
727, 0
728, 0
729, 0
730, 0
731, 0
732, 0
733, 0
734, 0
735, 0
736, 0
737, 0
738, 0
739, 0
740, 0
741, 0
742, 0
743, 0
744, 0
745, 0
746, 0
747, 0
748, 0
749, 0
750, 0
751, 0
752, 0
753, 0
754, 0
755, 0
756, 0
757, 0
758, 0
759, 0
760, 0
761, 0
762, 0
763, 0
764, 0
765, 0
766, 0
767, 0
768, 0
769, 0
770, 0
771, 0
772, 0
773, 0
774, 0
775, 0
776, 0
777, 0
778, 0
779, 0
780, 0
781, 0
782, 0
783, 0
784, 0
785, 0
786, 0
787, 0
788, 0
789, 0
790, 0
791, 0
792, 0
793, 0
794, 0
795, 0
796, 0
797, 0
798, 0
799, 0
800, 0
801, 0
802, 0
803, 0
804, 0
805, 0
806, 0
807, 0
808, 0
809, 0
810, 0
811, 0
812, 0
813, 0
814, 0
815, 0
816, 0
817, 0
818, 0
819, 0
820, 0
821, 0
822, 0
823, 0
824, 0
825, 0
826, 0
827, 0
828, 0
829, 0
830, 0
831, 0
832, 0
833, 0
834, 0
835, 0
836, 0
837, 0
838, 0
839, 0
840, 0
841, 0
842, 0
843, 0
844, 0
845, 0
846, 0
847, 0
848, 0
849, 0
850, 0
851, 0
852, 0
853, 0
854, 0
855, 0
856, 0
857, 0
858, 0
859, 0
860, 0
861, 0
862, 0
863, 0
864, 0
865, 0
866, 0
867, 0
868, 0
869, 0
870, 0
871, 0
872, 0
873, 0
874, 0
875, 0
876, 0
877, 0
878, 0
879, 0
880, 0
881, 0
882, 0
883, 0
884, 0
885, 0
886, 0
887, 0
888, 0
889, 0
890, 0
891, 0
892, 0
893, 0
894, 0
895, 0
896, 0
897, 0
898, 0
899, 0
900, 0
901, 0
902, 0
903, 0
904, 0
905, 0
906, 0
907, 0
908, 0
909, 0
910, 0
911, 0
912, 0
913, 0
914, 0
915, 0
916, 0
917, 0
918, 0
919, 0
920, 0
921, 0
922, 0
923, 0
924, 0
925, 0
926, 0
927, 0
928, 0
929, 0
930, 0
931, 0
932, 0
933, 0
934, 0
935, 0
936, 0
937, 0
938, 0
939, 0
940, 0
941, 0
942, 0
943, 0
944, 0
945, 0
946, 0
947, 0
948, 0
949, 0
950, 0
951, 0
952, 0
953, 0
954, 0
955, 0
956, 0
957, 0
958, 0
959, 0
960, 0
961, 0
962, 0
963, 0
964, 0
965, 0
966, 0
967, 0
968, 0
969, 0
970, 0
971, 0
972, 0
973, 0
974, 0
975, 0
976, 0
977, 0
978, 0
979, 0
980, 0
981, 0
982, 0
983, 0
984, 0
985, 0
986, 0
987, 0
988, 0
989, 0
990, 0
991, 0
992, 0
993, 0
994, 0
995, 0
996, 0
997, 0
998, 0
999, 0
1000, 0
1001, 0
1002, 0
1003, 0
1004, 0
1005, 0
1006, 0
1007, 0
1008, 0
1009, 0
1010, 0
1011, 0
1012, 0
1013, 0
1014, 0
1015, 0
1016, 0
1017, 0
1018, 0
1019, 0
1020, 0
1021, 0
1022, 0
1023, 0
1024, 0
1025, 0
1026, 0
1027, 0
1028, 0
1029, 0
1030, 0
1031, 0
1032, 0
1033, 0
1034, 0
1035, 0
1036, 0
1037, 0
1038, 0
1039, 0
1040, 0
1041, 0
1042, 0
1043, 0
1044, 0
1045, 0
1046, 0
1047, 0
1048, 0
1049, 0
1050, 0
1051, 0
1052, 0
1053, 0
1054, 0
1055, 0
1056, 0
1057, 0
1058, 0
1059, 0
1060, 0
1061, 0
1062, 0
1063, 0
1064, 0
1065, 0
1066, 0
1067, 0
1068, 0
1069, 0
1070, 0
1071, 0
1072, 0
1073, 272
1074, 0
1075, 274
1076, 273
1077, 0
1078, 0
1079, 0
1080, 0
1081, 440
1082, 0
1083, 0
1084, 0
1085, 0
1086, 0
1087, 0
1088, 0
1089, -1598
1090, -1596
1091, -1598
1092, -1600
1093, 0
1094, 0
1095, 0
1096, 0
1097, -1508
1098, -1507
1099, 0
1100, -1511
1101, 0
1102, 0
1103, 0
1104, 0
1105, -1438
1106, -1437
1107, -1439
1108, -1439
1109, 0
1110, 0
1111, 0
1112, 0
1113, -1383
1114, -1382
1115, -1382
1116, -1383
1117, 0
1118, 0
1119, 0
1120, 0
1121, -1336
1122, -1336
1123, -1332
1124, -1330
1125, -1333
1126, 0
1127, 0
1128, 0
1129, -1279
1130, -1279
1131, -1279
1132, -1280
1133, -1280
1134, -1287
1135, 0
1136, 0
1137, -1231
1138, 0
1139, -1229
1140, -1231
1141, -1230
1142, 0
1143, 0
1144, 0
1145, -1199
1146, -1198
1147, -1199
1148, -1199
1149, 0
1150, 0
1151, 0
1152, 0
1153, -1158
1154, 0
1155, -1156
1156, 0
1157, -1157
1158, 0
1159, 0
1160, 0
1161, -1110
1162, -1109
1163, -1111
1164, -1110
1165, 0
1166, -1117
1167, 0
1168, 0
1169, -1079
1170, -1077
1171, -1079
1172, -1079
1173, -1080
1174, -1090
1175, 0
1176, 0
1177, -1078
1178, 0
1179, -1076
1180, -1079
1181, -1080
1182, 0
1183, 0
1184, 0
1185, -1046
1186, 0
1187, -1044
1188, -1046
1189, -1049
1190, 0
1191, 0
1192, 0
1193, -1015
1194, -1015
1195, -1015
1196, -1014
1197, 0
1198, 0
1199, 0
1200, 0
1201, -990
1202, 0
1203, -989
1204, 0
1205, -992
1206, 0
1207, 0
1208, 0
1209, 0
1210, 0
1211, -965
1212, -967
1213, -969
1214, -978
1215, 0
1216, 0
1217, -951
1218, -948
1219, -948
1220, -948
1221, -950
1222, 0
1223, 0
1224, 0
1225, -909
1226, -910
1227, -911
1228, -910
1229, -912
1230, 0
1231, 0
1232, 0
1233, 0
1234, -894
1235, -895
1236, 0
1237, 0
1238, 0
1239, 0
1240, 0
1241, -878
1242, -878
1243, -880
1244, -880
1245, -882
1246, 0
1247, 0
1248, 0
1249, -862
1250, -862
1251, -862
1252, -861
1253, -862
1254, 0
1255, 0
1256, 0
1257, -831
1258, -831
1259, -828
1260, -828
1261, -830
1262, 0
1263, 0
1264, 0
1265, -824
1266, 0
1267, -819
1268, -820
1269, -823
1270, 0
1271, 0
1272, 0
1273, -808
1274, 0
1275, -805
1276, 0
1277, -809
1278, -810
1279, 0
1280, 0
1281, -790
1282, -790
1283, -790
1284, -792
1285, 0
1286, 0
1287, 0
1288, 0
1289, -775
1290, 0
1291, -771
1292, -771
1293, -774
1294, -780
1295, 0
1296, 0
1297, -766
1298, -768
1299, -766
1300, -766
1301, -767
1302, 0
1303, 0
1304, 0
1305, -750
1306, -750
1307, 0
1308, -752
1309, 0
1310, 0
1311, 0
1312, 0
1313, -743
1314, -743
1315, -744
1316, -742
1317, -742
1318, -743
1319, 0
1320, 0
1321, -725
1322, -725
1323, -725
1324, 0
1325, -728
1326, 0
1327, 0
1328, 0
1329, -720
1330, 0
1331, -714
1332, -714
1333, -712
1334, -712
1335, 0
1336, 0
1337, -684
1338, -687
1339, -688
1340, -686
1341, -688
1342, -690
1343, 0
1344, 0
1345, -678
1346, -678
1347, -679
1348, -679
1349, -672
1350, 0
1351, 0
1352, 0
1353, -653
1354, -653
1355, -655
1356, -653
1357, -656
1358, 0
1359, 0
1360, 0
1361, -638
1362, -637
1363, -638
1364, -637
1365, 0
1366, 0
1367, 0
1368, 0
1369, -638
1370, -637
1371, -638
1372, 0
1373, -640
1374, 0
1375, 0
1376, 0
1377, -637
1378, -637
1379, 0
1380, -635
1381, 0
1382, 0
1383, 0
1384, 0
1385, 0
1386, 0
1387, -667
1388, 0
1389, -674
1390, 0
1391, 0
1392, 0
1393, -656
1394, -656
1395, -653
1396, -651
1397, -653
1398, 0
1399, -661
1400, 0
1401, 0
1402, -664
1403, -663
1404, -663
1405, -666
1406, 0
1407, 0
1408, 0
1409, -671
1410, 0
1411, -666
1412, -669
1413, -674
1414, 0
1415, 0
1416, 0
1417, -655
1418, -653
1419, -656
1420, -656
1421, 0
1422, 0
1423, 0
1424, 0
1425, -656
1426, -655
1427, -655
1428, -655
1429, -656
1430, -665
1431, 0
1432, 0
1433, -656
1434, 0
1435, -653
1436, -655
1437, -658
1438, -662
1439, 0
1440, 0
1441, -637
1442, -638
1443, -638
1444, -639
1445, -641
1446, -645
1447, 0
1448, 0
1449, -640
1450, -640
1451, -638
1452, -637
1453, 0
1454, 0
1455, 0
1456, 0
1457, -632
1458, -632
1459, -631
1460, 0
1461, -630
1462, 0
1463, 0
1464, 0
1465, -615
1466, -616
1467, -615
1468, -614
1469, -614
1470, -615
1471, 0
1472, 0
1473, -616
1474, -614
1475, -615
1476, -614
1477, -616
1478, 0
1479, 0
1480, 0
1481, -624
1482, -623
1483, -623
1484, -624
1485, -626
1486, -629
1487, 0
1488, 0
1489, -613
1490, 0
1491, -616
1492, -614
1493, -616
1494, 0
1495, 0
1496, 0
1497, -607
1498, 0
1499, -604
1500, -605
1501, -606
1502, -613
1503, 0
1504, 0
1505, -600
1506, 0
1507, -606
1508, -607
1509, -608
1510, -610
1511, 0
1512, 0
1513, -591
1514, -599
1515, -600
1516, -599
1517, -601
1518, -611
1519, 0
1520, 0
1521, -600
1522, -600
1523, -599
1524, -600
1525, -601
1526, -610
1527, 0
1528, 0
1529, -597
1530, -595
1531, -598
1532, -599
1533, -602
1534, -609
1535, 0
1536, 0
1537, -599
1538, -600
1539, -597
1540, -597
1541, -598
1542, -600
1543, 0
1544, 0
1545, 0
1546, -590
1547, 0
1548, 0
1549, -592
1550, -597
1551, 0
1552, 0
1553, -590
1554, -589
1555, -590
1556, -591
1557, -593
1558, 0
1559, 0
1560, 0
1561, -581
1562, -582
1563, -584
1564, -583
1565, -584
1566, -587
1567, 0
1568, 0
1569, -572
1570, 0
1571, -575
1572, -576
1573, -575
1574, -574
1575, 0
1576, 0
1577, -564
1578, 0
1579, -567
1580, -566
1581, -569
1582, 0
1583, 0
1584, 0
1585, -559
1586, -559
1587, -559
1588, -552
1589, -550
1590, -551
1591, 0
1592, 0
1593, 0
1594, 0
1595, -556
1596, -557
1597, 0
1598, -564
1599, 0
1600, 0
1601, -558
1602, 0
1603, -555
1604, -557
1605, -559
1606, 0
1607, 0
1608, 0
1609, -541
1610, 0
1611, -541
1612, -543
1613, -546
1614, -549
1615, 0
1616, 0
1617, -552
1618, 0
1619, -546
1620, -548
1621, -552
1622, -560
1623, 0
1624, 0
1625, -552
1626, -551
1627, -550
1628, -550
1629, -552
1630, 0
1631, 0
1632, 0
1633, -549
1634, -551
1635, -551
1636, -552
1637, -553
1638, -552
1639, 0
1640, 0
1641, -559
1642, 0
1643, -557
1644, -552
1645, -554
1646, -555
1647, 0
1648, 0
1649, -534
1650, -534
1651, -533
1652, -534
1653, -536
1654, -544
1655, 0
1656, 0
1657, -542
1658, 0
1659, -538
1660, 0
1661, 0
1662, -545
1663, 0
1664, 0
1665, -546
1666, 0
1667, -550
1668, -551
1669, -552
1670, 0
1671, 0
1672, 0
1673, -549
1674, -549
1675, -549
1676, 0
1677, -548
1678, 0
1679, 0
1680, 0
1681, -543
1682, -542
1683, -544
1684, -543
1685, -544
1686, 0
1687, 0
1688, 0
1689, -535
1690, -535
1691, -534
1692, -534
1693, -536
1694, -540
1695, 0
1696, 0
1697, 0
1698, 0
1699, -533
1700, -533
1701, -535
1702, -537
1703, 0
1704, 0
1705, -544
1706, -542
1707, -542
1708, -544
1709, -544
1710, -543
1711, 0
1712, 0
1713, -535
1714, -535
1715, -533
1716, 0
1717, -538
1718, 0
1719, 0
1720, 0
1721, -551
1722, -552
1723, -550
1724, -549
1725, -551
1726, 0
1727, 0
1728, 0
1729, -534
1730, -534
1731, -534
1732, -534
1733, -533
1734, 0
1735, 0
1736, 0
1737, -518
1738, -520
1739, -517
1740, -520
1741, -522
1742, -524
1743, 0
1744, 0
1745, -525
1746, -526
1747, -528
1748, -527
1749, -529
1750, -538
1751, 0
1752, 0
1753, -535
1754, 0
1755, -532
1756, 0
1757, -535
1758, -538
1759, 0
1760, 0
1761, 0
1762, 0
1763, -532
1764, -534
1765, -535
1766, 0
1767, 0
1768, 0
1769, -527
1770, -526
1771, -526
1772, -528
1773, -529
1774, 0
1775, 0
1776, 0
1777, -533
1778, -535
1779, -535
1780, -533
1781, -534
1782, -535
1783, 0
1784, 0
1785, -528
1786, -527
1787, -527
1788, -528
1789, -528
1790, 0
1791, 0
1792, 0
1793, -534
1794, -534
1795, -534
1796, -535
1797, -534
1798, 0
1799, 0
1800, 0
1801, -534
1802, -534
1803, -535
1804, -534
1805, -535
1806, -535
1807, -534
1808, -535
1809, -536
1810, 0
1811, -533
1812, -535
1813, 0
1814, 0
1815, 0
1816, 0
1817, -520
1818, -520
1819, -518
1820, -520
1821, -521
1822, -522
1823, 0
1824, 0
1825, -495
1826, -494
1827, -495
1828, -493
1829, -493
1830, 0
1831, 0
1832, 0
1833, -477
1834, 0
1835, -477
1836, 0
1837, -479
1838, -470
1839, -472
1840, -480
1841, -478
1842, -477
1843, -477
1844, -479
1845, -503
1846, 0
1847, 0
1848, 0
1849, -487
1850, -485
1851, -486
1852, -488
1853, -489
1854, -493
1855, 0
1856, 0
1857, -479
1858, -478
1859, -480
1860, -479
1861, -487
1862, -488
1863, -495
1864, -495
1865, -493
1866, -494
1867, -494
1868, -496
1869, -503
1870, -503
1871, 0
1872, 0
1873, -487
1874, 0
1875, -484
1876, 0
1877, -496
1878, 0
1879, 0
1880, 0
1881, -511
1882, -509
1883, -509
1884, -505
1885, -511
1886, 0
1887, -509
1888, -510
1889, 0
1890, 0
1891, -508
1892, 0
1893, -512
1894, -511
1895, 0
1896, 0
1897, -494
1898, -495
1899, 0
1900, -493
1901, -494
1902, -499
1903, 0
1904, 0
1905, 0
1906, 0
1907, -494
1908, -495
1909, -503
1910, -504
1911, 0
1912, 0
1913, -502
1914, -504
1915, -502
1916, -503
1917, -502
1918, -504
1919, 0
1920, 0
1921, -488
1922, -486
1923, -485
1924, 0
1925, 0
1926, -496
1927, -502
1928, -501
1929, -503
1930, 0
1931, -501
1932, -503
1933, 0
1934, 0
1935, 0
1936, 0
1937, -502
1938, -504
1939, -502
1940, -504
1941, -510
1942, -511
1943, 0
1944, 0
1945, -492
1946, -493
1947, -487
1948, -486
1949, -487
1950, -487
1951, -488
1952, -487
1953, -486
1954, -488
1955, -488
1956, -485
1957, -487
1958, -489
1959, 0
1960, 0
1961, -477
1962, -476
1963, 0
1964, -480
1965, -484
1966, -486
1967, 0
1968, 0
1969, -480
1970, -480
1971, -480
1972, -479
1973, -480
1974, -482
1975, 0
1976, 0
1977, -479
1978, -479
1979, -479
1980, -480
1981, -479
1982, -479
1983, 0
1984, 0
1985, -470
1986, -471
1987, -469
1988, -470
1989, 0
1990, -481
1991, 0
1992, 0
1993, -480
1994, -480
1995, -480
1996, -477
1997, -476
1998, 0
1999, 0
2000, 0
2001, -470
2002, -471
2003, -472
2004, -472
2005, -481
2006, -481
2007, -487
2008, -487
2009, -486
2010, -487
2011, 0
2012, -484
2013, 0
2014, -495
2015, 0
2016, 0
2017, -477
2018, -476
2019, -480
2020, -479
2021, -478
2022, -482
2023, -488
2024, -488
2025, -488
2026, -488
2027, -486
2028, -488
2029, -488
2030, -487
2031, 0
2032, 0
2033, -472
2034, -471
2035, -468
2036, -468
2037, -468
2038, 0
2039, -471
2040, -470
2041, -472
2042, -470
2043, -469
2044, -472
2045, 0
2046, 0
2047, 0
2048, 0
2049, -463
2050, -461
2051, -461
2052, -463
2053, -461
2054, -463
2055, -463
2056, -462
2057, -462
2058, -464
2059, -462
2060, -462
2061, -473
2062, -473
2063, 0
2064, 0
2065, -469
2066, 0
2067, -469
2068, -470
2069, -469
2070, -470
2071, 0
2072, 0
2073, 0
2074, -461
2075, -462
2076, -462
2077, -465
2078, -465
2079, 0
2080, 0
2081, -464
2082, 0
2083, -460
2084, -463
2085, -472
2086, -472
2087, 0
2088, 0
2089, -461
2090, 0
2091, -464
2092, -464
2093, -462
2094, -461
2095, 0
2096, 0
2097, 0
2098, -456
2099, 0
2100, -452
2101, 0
2102, 0
2103, -469
2104, 0
2105, -462
2106, -463
2107, -463
2108, -463
2109, -461
2110, -463
2111, 0
2112, -461
2113, 0
2114, -462
2115, -463
2116, -463
2117, -463
2118, 0
2119, 0
2120, 0
2121, -453
2122, -455
2123, -454
2124, -454
2125, -464
2126, -464
2127, -462
2128, -462
2129, -463
2130, 0
2131, -460
2132, -460
2133, -461
2134, 0
2135, 0
2136, 0
2137, -448
2138, -447
2139, -447
2140, -447
2141, -453
2142, -455
2143, -462
2144, -462
2145, -461
2146, -462
2147, -464
2148, -462
2149, -461
2150, -463
2151, 0
2152, 0
2153, -453
2154, 0
2155, -453
2156, -454
2157, -454
2158, 0
2159, 0
2160, 0
2161, 0
2162, -448
2163, -448
2164, -445
2165, -447
2166, 0
2167, 0
2168, 0
2169, -439
2170, -438
2171, -440
2172, -440
2173, 0
2174, -443
2175, 0
2176, 0
2177, -439
2178, -439
2179, -440
2180, -438
2181, -444
2182, -446
2183, 0
2184, 0
2185, -438
2186, 0
2187, -436
2188, 0
2189, -439
2190, -436
2191, -436
2192, 0
2193, -432
2194, -431
2195, -430
2196, -430
2197, -431
2198, -435
2199, -438
2200, -446
2201, -448
2202, -448
2203, -446
2204, -446
2205, -455
2206, -456
2207, 0
2208, 0
2209, -447
2210, -445
2211, -447
2212, -448
2213, -447
2214, -452
2215, 0
2216, 0
2217, -456
2218, -455
2219, -450
2220, -448
2221, 0
2222, -445
2223, -445
2224, -447
2225, -447
2226, -447
2227, -447
2228, -446
2229, -452
2230, -454
2231, 0
2232, 0
2233, 0
2234, 0
2235, -462
2236, -462
2237, 0
2238, 0
2239, 0
2240, -460
2241, 0
2242, -461
2243, 0
2244, -454
2245, -453
2246, -453
2247, -455
2248, -456
2249, -455
2250, 0
2251, -452
2252, 0
2253, -456
2254, 0
2255, -459
2256, 0
2257, -456
2258, -456
2259, -455
2260, -455
2261, -459
2262, -462
2263, 0
2264, 0
2265, -455
2266, -456
2267, -449
2268, -447
2269, -446
2270, -447
2271, -447
2272, -447
2273, 0
2274, 0
2275, -443
2276, 0
2277, -453
2278, -454
2279, 0
2280, 0
2281, -446
2282, -448
2283, -447
2284, -448
2285, -448
2286, -448
2287, 0
2288, 0
2289, 0
2290, -435
2291, 0
2292, -436
2293, -441
2294, -442
2295, 0
2296, 0
2297, -447
2298, -448
2299, -447
2300, -447
2301, -446
2302, -448
2303, -448
2304, -448
2305, -448
2306, -447
2307, -447
2308, -447
2309, -456
2310, -457
2311, -463
2312, -463
2313, -464
2314, -462
2315, -462
2316, -464
2317, 0
2318, 0
2319, 0
2320, 0
2321, -455
2322, -455
2323, -454
2324, -454
2325, 0
2326, -453
2327, 0
2328, 0
2329, 0
2330, -446
2331, -445
2332, -446
2333, -448
2334, -447
2335, 0
2336, 0
2337, -440
2338, -439
2339, -438
2340, -438
2341, -446
2342, -447
2343, -446
2344, -445
2345, -446
2346, -447
2347, -447
2348, -446
2349, 0
2350, -449
2351, -453
2352, 0
2353, -446
2354, -447
2355, -447
2356, 0
2357, -444
2358, -446
2359, -447
2360, -444
2361, 0
2362, -445
2363, 0
2364, -447
2365, -455
2366, -454
2367, -456
2368, 0
2369, -445
2370, -444
2371, -447
2372, -446
2373, -446
2374, -453
2375, -456
2376, -455
2377, 0
2378, -454
2379, -454
2380, 0
2381, -456
2382, 0
2383, -454
2384, -454
2385, 0
2386, 0
2387, -453
2388, -454
2389, -455
2390, -453
2391, -455
2392, -456
2393, -455
2394, 0
2395, -454
2396, -455
2397, -454
2398, -455
2399, 0
2400, 0
2401, -436
2402, -436
2403, -438
2404, -439
2405, -447
2406, -448
2407, 0
2408, -445
2409, 0
2410, -446
2411, -448
2412, -448
2413, -445
2414, -447
2415, -447
2416, -448
2417, -448
2418, -446
2419, 0
2420, -445
2421, 0
2422, -447
2423, 0
2424, 0
2425, -439
2426, -440
2427, -439
2428, -439
2429, -440
2430, 0
2431, 0
2432, 0
2433, -438
2434, -439
2435, -438
2436, -439
2437, -445
2438, 0
2439, 0
2440, 0
2441, -439
2442, -440
2443, -438
2444, -440
2445, -444
2446, -446
2447, -447
2448, -446
2449, -447
2450, -445
2451, -446
2452, -447
2453, -445
2454, -439
2455, -448
2456, -447
2457, -446
2458, -446
2459, -447
2460, -446
2461, -446
2462, -447
2463, 0
2464, 0
2465, -440
2466, -440
2467, -438
2468, -439
2469, -446
2470, -445
2471, 0
2472, 0
2473, 0
2474, -440
2475, -438
2476, -440
2477, -440
2478, -440
2479, -438
2480, -438
2481, -438
2482, -440
2483, -439
2484, -437
2485, -438
2486, -437
2487, -439
2488, -440
2489, -438
2490, 0
2491, -437
2492, -433
2493, 0
2494, -445
2495, -444
2496, -445
2497, -445
2498, 0
2499, -445
2500, 0
2501, -448
2502, 0
2503, 0
2504, 0
2505, 0
2506, -438
2507, 0
2508, -438
2509, -439
2510, -440
2511, -438
2512, -438
2513, -439
2514, -437
2515, -436
2516, -437
2517, 0
2518, -438
2519, 0
2520, 0
2521, -431
2522, -431
2523, -431
2524, -431
2525, -437
2526, -438
2527, -437
2528, -438
2529, -438
2530, -437
2531, -438
2532, -437
2533, 0
2534, -440
2535, -440
2536, -439
2537, -440
2538, -440
2539, -439
2540, -439
2541, -440
2542, -439
2543, -437
2544, 0
2545, -439
2546, -438
2547, -438
2548, -436
2549, -438
2550, 0
2551, -437
2552, 0
2553, -432
2554, -431
2555, -431
2556, -432
2557, -432
2558, -434
2559, -435
2560, -437
2561, -440
2562, -437
2563, -438
2564, 0
2565, -438
2566, -439
2567, 0
2568, 0
2569, -430
2570, -429
2571, -430
2572, -430
2573, -431
2574, -431
2575, -430
2576, -430
2577, -430
2578, -432
2579, -432
2580, -431
2581, -438
2582, -439
2583, -438
2584, -439
2585, -439
2586, -439
2587, -438
2588, -439
2589, -438
2590, -440
2591, 0
2592, -436
2593, 0
2594, -440
2595, 0
2596, -438
2597, 0
2598, 0
2599, -437
2600, 0
2601, -439
2602, -439
2603, -440
2604, -438
2605, -440
2606, -440
2607, 0
2608, -435
2609, 0
2610, -439
2611, -438
2612, -439
2613, 0
2614, -446
2615, 0
2616, 0
2617, -439
2618, -439
2619, -439
2620, -439
2621, -438
2622, 0
2623, -428
2624, 0
2625, 0
2626, 0
2627, 0
2628, -439
2629, -447
2630, -448
2631, 0
2632, 0
2633, -440
2634, -440
2635, -438
2636, -440
2637, -440
2638, 0
2639, -437
2640, -438
2641, -440
2642, -440
2643, -437
2644, -435
2645, 0
2646, -447
2647, -456
2648, -456
2649, -454
2650, -455
2651, 0
2652, -452
2653, -454
2654, -456
2655, -455
2656, -454
2657, 0
2658, -453
2659, -451
2660, -453
2661, -454
2662, -454
2663, -453
2664, -454
2665, -453
2666, 0
2667, -454
2668, -453
2669, -453
2670, -453
2671, -456
2672, -456
2673, -453
2674, -455
2675, -454
2676, 0
2677, -456
2678, -455
2679, 0
2680, 0
2681, -445
2682, -446
2683, 0
2684, -443
2685, -444
2686, -446
2687, -447
2688, -447
2689, -448
2690, -446
2691, -446
2692, -446
2693, -445
2694, -447
2695, 0
2696, -446
2697, 0
2698, -447
2699, -446
2700, -446
2701, 0
2702, -448
2703, -448
2704, 0
2705, -439
2706, 0
2707, -438
2708, -439
2709, -440
2710, -440
2711, 0
2712, 0
2713, -431
2714, -432
2715, -430
2716, -431
2717, -431
2718, -431
2719, 0
2720, -428
2721, -430
2722, -432
2723, -432
2724, -432
2725, -432
2726, -431
2727, 0
2728, 0
2729, -423
2730, -422
2731, -422
2732, -423
2733, -432
2734, -431
2735, -432
2736, -432
2737, -430
2738, -429
2739, -432
2740, -431
2741, -430
2742, -431
2743, -430
2744, 0
2745, 0
2746, -439
2747, -438
2748, -440
2749, -439
2750, 0
2751, -434
2752, -436
2753, -437
2754, 0
2755, -439
2756, -439
2757, -439
2758, -437
2759, -438
2760, -439
2761, -439
2762, -439
2763, -438
2764, -438
2765, -436
2766, -439
2767, 0
2768, 0
2769, -432
2770, -431
2771, -432
2772, -432
2773, -428
2774, -432
2775, -431
2776, -431
2777, -431
2778, -431
2779, -431
2780, -430
2781, -431
2782, -430
2783, -431
2784, -431
2785, -431
2786, -432
2787, -431
2788, -431
2789, -430
2790, -431
2791, -431
2792, -432
2793, -432
2794, -432
2795, -431
2796, -432
2797, -431
2798, -430
2799, -432
2800, -431
2801, -431
2802, -430
2803, -431
2804, -432
2805, -431
2806, -429
2807, -428
2808, -430
2809, -432
2810, -432
2811, -430
2812, -431
2813, -433
2814, -433
2815, -438
2816, -439
2817, -440
2818, -438
2819, -432
2820, -432
2821, -432
2822, -431
2823, -431
2824, -431
2825, -431
2826, -431
2827, -431
2828, -432
2829, -432
2830, -430
2831, -429
2832, -431
2833, -430
2834, -431
2835, -431
2836, -431
2837, -432
2838, -432
2839, -432
2840, -432
2841, -431
2842, -431
2843, -432
2844, -432
2845, -431
2846, -432
2847, -431
2848, -432
2849, -432
2850, -431
2851, -431
2852, -431
2853, -431
2854, -431
2855, -432
2856, -432
2857, -432
2858, -432
2859, -432
2860, -432
2861, -431
2862, -431
2863, -432
2864, 0
2865, 0
2866, -439
2867, -440
2868, -438
2869, -437
2870, 0
2871, 0
2872, -438
2873, -438
2874, 0
2875, -440
2876, -438
2877, -439
2878, -440
2879, -439
2880, -439
2881, -439
2882, -439
2883, -438
2884, -440
2885, -440
2886, -440
2887, -439
2888, -440
2889, -440
2890, -440
2891, -440
2892, -440
2893, -440
2894, -439
2895, -437
2896, -439
2897, -440
2898, -440
2899, -439
2900, -440
2901, -440
2902, -438
2903, -438
2904, 0
2905, 0
2906, 0
2907, 0
2908, -448
2909, -446
2910, -447
2911, -446
2912, -446
2913, -447
2914, -445
2915, -447
2916, -448
2917, -445
2918, -448
2919, -447
2920, -444
2921, -446
2922, -446
2923, 0
2924, -448
2925, -446
2926, -437
2927, -438
2928, -436
2929, -437
2930, -439
2931, -438
2932, -438
2933, -446
2934, -447
2935, -447
2936, -445
2937, -446
2938, -447
2939, -444
2940, -444
2941, -444
2942, -439
2943, -438
2944, -438
2945, 0
2946, -438
2947, -440
2948, 0
2949, -435
2950, 0
2951, -432
2952, -431
2953, -431
2954, -430
2955, -429
2956, -429
2957, 0
2958, -431
2959, -430
2960, -431
2961, -431
2962, 0
2963, -428
2964, 0
2965, 0
2966, 0
2967, -430
2968, -429
2969, -431
2970, -431
2971, -431
2972, -432
2973, -440
2974, -439
2975, -437
2976, -440
2977, -440
2978, -437
2979, -440
2980, -440
2981, -439
2982, -432
2983, -431
2984, 0
2985, 0
2986, -439
2987, -439
2988, -434
2989, -431
2990, -430
2991, -431
2992, 0
2993, 0
2994, -436
2995, 0
2996, -439
2997, -438
2998, -438
2999, -435
3000, -436
3001, -437
3002, -438
3003, 0
3004, -435
3005, 0
3006, 0
3007, -436
3008, 0
3009, 0
3010, 0
3011, 0
3012, -437
3013, 0
3014, -439
3015, -439
3016, -437
3017, -439
3018, -440
3019, -437
3020, -439
3021, -440
3022, -431
3023, -431
3024, -431
3025, -432
3026, -430
3027, -431
3028, -431
3029, -432
3030, -432
3031, -430
3032, -429
3033, -431
3034, -432
3035, -430
3036, -429
3037, -429
3038, -431
3039, -432
3040, -430
3041, -431
3042, -429
3043, -430
3044, -429
3045, -428
3046, -429
3047, -432
3048, -430
3049, -432
3050, -431
3051, -431
3052, -426
3053, -424
3054, -423
3055, -423
3056, 0
3057, 0
3058, 0
3059, -438
3060, -440
3061, -439
3062, -438
3063, -440
3064, -440
3065, -439
3066, -440
3067, -438
3068, -440
3069, -440
3070, -439
3071, -438
3072, -438
3073, -439
3074, -439
3075, -439
3076, -439
3077, -440
3078, -440
3079, -440
3080, 0
3081, -437
3082, 0
3083, -439
3084, -440
3085, -439
3086, -430
3087, -431
3088, -430
3089, -429
3090, -431
3091, -431
3092, -430
3093, -431
3094, -430
3095, -431
3096, -431
3097, -432
3098, -432
3099, -432
3100, -426
3101, -422
3102, -423
3103, -424
3104, -423
3105, -422
3106, -423
3107, -423
3108, -423
3109, -423
3110, -423
3111, -423
3112, 0
3113, 0
3114, 0
3115, 0
3116, -439
3117, -437
3118, -438
3119, -438
3120, -438
3121, -438
3122, -439
3123, -440
3124, -437
3125, -438
3126, -438
3127, -438
3128, 0
3129, -436
3130, 0
3131, -439
3132, -438
3133, -439
3134, -432
3135, -430
3136, -430
3137, -432
3138, 0
3139, -428
3140, 0
3141, 0
3142, -429
3143, -429
3144, -429
3145, -430
3146, -429
3147, -430
3148, -429
3149, -424
3150, -424
3151, -424
3152, 0
3153, 0
3154, -440
3155, -440
3156, -439
3157, -436
3158, -438
3159, -440
3160, -438
3161, -439
3162, -440
3163, -438
3164, -439
3165, -438
3166, -439
3167, -440
3168, -439
3169, -437
3170, -439
3171, -440
3172, -439
3173, -438
3174, -436
3175, 0
3176, -438
3177, -436
3178, -438
3179, -437
3180, -436
3181, 0
3182, -430
3183, -429
3184, -431
3185, -431
3186, -431
3187, -432
3188, -425
3189, -424
3190, -423
3191, -424
3192, 0
3193, 0
3194, 0
3195, 0
3196, -431
3197, -431
3198, -431
3199, -430
3200, 0
3201, 0
3202, -440
3203, -439
3204, -440
3205, -439
3206, -439
3207, -439
3208, -439
3209, -439
3210, -437
3211, -438
3212, -439
3213, -439
3214, -438
3215, -439
3216, -440
3217, -438
3218, -439
3219, -440
3220, -439
3221, -438
3222, -432
3223, -431
3224, 0
3225, -440
3226, -440
3227, -438
3228, -437
3229, -433
3230, -432
3231, 0
3232, 0
3233, 0
3234, 0
3235, -439
3236, -440
3237, 0
3238, -438
3239, -439
3240, -439
3241, -439
3242, -439
3243, -438
3244, -440
3245, -439
3246, -438
3247, -436
3248, 0
3249, 0
3250, -446
3251, -447
3252, -446
3253, -445
3254, -438
3255, -437
3256, 0
3257, 0
3258, -446
3259, -447
3260, -441
3261, -440
3262, -440
3263, -438
3264, -436
3265, -440
3266, -440
3267, -439
3268, -439
3269, 0
3270, -435
3271, 0
3272, -436
3273, -439
3274, -439
3275, -440
3276, -438
3277, -436
3278, -439
3279, -440
3280, 0
3281, 0
3282, -447
3283, -447
3284, -447
3285, -444
3286, -439
3287, -440
3288, 0
3289, 0
3290, -443
3291, -441
3292, -440
3293, -438
3294, 0
3295, 0
3296, -437
3297, -436
3298, -438
3299, 0
3300, -437
3301, -437
3302, 0
3303, -439
3304, 0
3305, 0
3306, 0
3307, -447
3308, -448
3309, 0
3310, -445
3311, 0
3312, 0
3313, 0
3314, -455
3315, -453
3316, -452
3317, -444
3318, 0
3319, 0
3320, -435
3321, -436
3322, 0
3323, -439
3324, -439
3325, -440
3326, -440
3327, -439
3328, -439
3329, -439
3330, 0
3331, -436
3332, -435
3333, 0
3334, 0
3335, -438
3336, 0
3337, 0
3338, -446
3339, -446
3340, -447
3341, -446
3342, -439
3343, -439
3344, 0
3345, 0
3346, -446
3347, -444
3348, -438
3349, -438
3350, -438
3351, -437
3352, 0
3353, 0
3354, -446
3355, -447
3356, -446
3357, -446
3358, 0
3359, 0
3360, -443
3361, -446
3362, -445
3363, -446
3364, -445
3365, -445
3366, -439
3367, -440
3368, 0
3369, 0
3370, -448
3371, -445
3372, -445
3373, -441
3374, -437
3375, 0
3376, 0
3377, 0
3378, 0
3379, -446
3380, -448
3381, -448
3382, -447
3383, -447
3384, -446
3385, -446
3386, -447
3387, -447
3388, -442
3389, -440
3390, -432
3391, -430
3392, 0
3393, 0
3394, -439
3395, -436
3396, 0
3397, -438
3398, -438
3399, 0
3400, 0
3401, 0
3402, -448
3403, -448
3404, -445
3405, -442
3406, 0
3407, -448
3408, -448
3409, -446
3410, -447
3411, -446
3412, -445
3413, -446
3414, -439
3415, -439
3416, 0
3417, -448
3418, -446
3419, -446
3420, -444
3421, -439
3422, -438
3423, -438
3424, 0
3425, 0
3426, -447
3427, -447
3428, -434
3429, -431
3430, -431
3431, -431
3432, 0
3433, 0
3434, 0
3435, -440
3436, -440
3437, -438
3438, -429
3439, -430
3440, -431
3441, -432
3442, -430
3443, -427
3444, 0
3445, -432
3446, -430
3447, -431
3448, 0
3449, 0
3450, -446
3451, -439
3452, -437
3453, -437
3454, -438
3455, -437
3456, -439
3457, -439
3458, 0
3459, -437
3460, 0
3461, -432
3462, 0
3463, 0
3464, 0
3465, 0
3466, -437
3467, -439
3468, -434
3469, -431
3470, -430
3471, -428
3472, 0
3473, -438
3474, -438
3475, 0
3476, -438
3477, 0
3478, -440
3479, -439
3480, 0
3481, 0
3482, -447
3483, -447
3484, -446
3485, -445
3486, 0
3487, -438
3488, 0
3489, 0
3490, -446
3491, -447
3492, -443
3493, -440
3494, -439
3495, -440
3496, -439
3497, -440
3498, -439
3499, -439
3500, -439
3501, -439
3502, -439
3503, -439
3504, 0
3505, 0
3506, -448
3507, -447
3508, -448
3509, -446
3510, -439
3511, -439
3512, 0
3513, 0
3514, -448
3515, 0
3516, -439
3517, 0
3518, -438
3519, -439
3520, 0
3521, 0
3522, -447
3523, -447
3524, -447
3525, -445
3526, -438
3527, -439
3528, 0
3529, 0
3530, 0
3531, 0
3532, -444
3533, -439
3534, -439
3535, -440
3536, 0
3537, 0
3538, -444
3539, -447
3540, -448
3541, -448
3542, -440
3543, -439
3544, -438
3545, -437
3546, -437
3547, -439
3548, -437
3549, -437
3550, -438
3551, -439
3552, 0
3553, 0
3554, -447
3555, -448
3556, -445
3557, -439
3558, -439
3559, -439
3560, 0
3561, 0
3562, -448
3563, -446
3564, -448
3565, -448
3566, -438
3567, 0
3568, 0
3569, 0
3570, -437
3571, 0
3572, -435
3573, -432
3574, -431
3575, -430
3576, 0
3577, -439
3578, -439
3579, -439
3580, -438
3581, -436
3582, -429
3583, -429
3584, 0
3585, -440
3586, -439
3587, -439
3588, -438
3589, -432
3590, -429
3591, -431
3592, 0
3593, 0
3594, -447
3595, -447
3596, -445
3597, -445
3598, 0
3599, 0
3600, -436
3601, 0
3602, -438
3603, -437
3604, -439
3605, -439
3606, -439
3607, -439
3608, 0
3609, 0
3610, -456
3611, -454
3612, -450
3613, -449
3614, -448
3615, -447
3616, 0
3617, 0
3618, 0
3619, -456
3620, -454
3621, -454
3622, 0
3623, 0
3624, 0
3625, 0
3626, -456
3627, -453
3628, -452
3629, -447
3630, -448
3631, -447
3632, 0
3633, -454
3634, -454
3635, -456
3636, 0
3637, -452
3638, 0
3639, -446
3640, 0
3641, 0
3642, -451
3643, -456
3644, -450
3645, -448
3646, 0
3647, -446
3648, 0
3649, -454
3650, -455
3651, -456
3652, -456
3653, -453
3654, -445
3655, -445
3656, 0
3657, 0
3658, -464
3659, -464
3660, -456
3661, -453
3662, 0
3663, -456
3664, -455
3665, -454
3666, -455
3667, -454
3668, -454
3669, 0
3670, -446
3671, -446
3672, 0
3673, 0
3674, -464
3675, -463
3676, -458
3677, -456
3678, -455
3679, -454
3680, 0
3681, 0
3682, -461
3683, -463
3684, 0
3685, -457
3686, 0
3687, -454
3688, 0
3689, 0
3690, -464
3691, -463
3692, 0
3693, -453
3694, 0
3695, -455
3696, 0
3697, 0
3698, 0
3699, -462
3700, -461
3701, -460
3702, 0
3703, 0
3704, 0
3705, 0
3706, 0
3707, -461
3708, -459
3709, -457
3710, -456
3711, -455
3712, 0
3713, 0
3714, 0
3715, -460
3716, -461
3717, -454
3718, -448
3719, -447
3720, 0
3721, 0
3722, 0
3723, 0
3724, -463
3725, -460
3726, -462
3727, -463
3728, 0
3729, 0
3730, -470
3731, -467
3732, -464
3733, -460
3734, -453
3735, 0
3736, 0
3737, 0
3738, -471
3739, -470
3740, -470
3741, -469
3742, 0
3743, -464
3744, -463
3745, -463
3746, -463
3747, -464
3748, -456
3749, -455
3750, -456
3751, -455
3752, 0
3753, 0
3754, 0
3755, -469
3756, -470
3757, 0
3758, -462
3759, 0
3760, 0
3761, 0
3762, 0
3763, -470
3764, -463
3765, -462
3766, -463
3767, -463
3768, 0
3769, 0
3770, 0
3771, -478
3772, -474
3773, -470
3774, -462
3775, -462
3776, 0
3777, 0
3778, -478
3779, -478
3780, -477
3781, -476
3782, -478
3783, -478
3784, 0
3785, 0
3786, -492
3787, 0
3788, -490
3789, -488
3790, -479
3791, -478
3792, 0
3793, 0
3794, -488
3795, -487
3796, -486
3797, -486
3798, 0
3799, 0
3800, 0
3801, 0
3802, -487
3803, -487
3804, -480
3805, -479
3806, -478
3807, 0
3808, 0
3809, 0
3810, 0
3811, -494
3812, -491
3813, 0
3814, -478
3815, 0
3816, 0
3817, 0
3818, -495
3819, -496
3820, -494
3821, -492
3822, 0
3823, 0
3824, 0
3825, -485
3826, 0
3827, 0
3828, -478
3829, 0
3830, -478
3831, -479
3832, 0
3833, 0
3834, -495
3835, -495
3836, -492
3837, 0
3838, -477
3839, -479
3840, 0
3841, 0
3842, 0
3843, -495
3844, -495
3845, -495
3846, -486
3847, 0
3848, -481
3849, 0
3850, 0
3851, -482
3852, -481
3853, -479
3854, -479
3855, -480
3856, 0
3857, 0
3858, -495
3859, -494
3860, -494
3861, -495
3862, -486
3863, -486
3864, 0
3865, 0
3866, -502
3867, -504
3868, -498
3869, -497
3870, -494
3871, -494
3872, 0
3873, 0
3874, 0
3875, -503
3876, -504
3877, 0
3878, -494
3879, 0
3880, 0
3881, 0
3882, 0
3883, -504
3884, -497
3885, -495
3886, -486
3887, -488
3888, 0
3889, 0
3890, -503
3891, -503
3892, -501
3893, -499
3894, 0
3895, -502
3896, 0
3897, -508
3898, -506
3899, 0
3900, 0
3901, -498
3902, 0
3903, -495
3904, 0
3905, 0
3906, 0
3907, 0
3908, 0
3909, 0
3910, -495
3911, -494
3912, 0
3913, 0
3914, 0
3915, -511
3916, -510
3917, -509
3918, -502
3919, -504
3920, 0
3921, 0
3922, -519
3923, 0
3924, -511
3925, -509
3926, -508
3927, -509
3928, 0
3929, 0
3930, 0
3931, -528
3932, -520
3933, -519
3934, -510
3935, -511
3936, -511
3937, -510
3938, -509
3939, -512
3940, -510
3941, -507
3942, -499
3943, -503
3944, 0
3945, 0
3946, -519
3947, -519
3948, -513
3949, -507
3950, -501
3951, -502
3952, 0
3953, 0
3954, -511
3955, 0
3956, -508
3957, -509
3958, -510
3959, -511
3960, 0
3961, 0
3962, 0
3963, -520
3964, -521
3965, -518
3966, -512
3967, -511
3968, 0
3969, 0
3970, -525
3971, -528
3972, -528
3973, -527
3974, -519
3975, -516
3976, 0
3977, 0
3978, 0
3979, -534
3980, -528
3981, -526
3982, -518
3983, -518
3984, 0
3985, 0
3986, 0
3987, -535
3988, -532
3989, -528
3990, -527
3991, -528
3992, 0
3993, 0
3994, -543
3995, -544
3996, -541
3997, -537
3998, -528
3999, -528
4000, 0
4001, 0
4002, 0
4003, -544
4004, -536
4005, -535
4006, -527
4007, -527
4008, 0
4009, 0
4010, -544
4011, -543
4012, -543
4013, -543
4014, -535
4015, -536
4016, 0
4017, 0
4018, -551
4019, -547
4020, 0
4021, 0
4022, -532
4023, 0
4024, 0
4025, 0
4026, -551
4027, -551
4028, -544
4029, -542
4030, 0
4031, -533
4032, 0
4033, 0
4034, -551
4035, -552
4036, -544
4037, -543
4038, -542
4039, -541
4040, 0
4041, 0
4042, -558
4043, -557
4044, 0
4045, 0
4046, -542
4047, 0
4048, 0
4049, 0
4050, -558
4051, -558
4052, -549
4053, 0
4054, 0
4055, -539
4056, 0
4057, 0
4058, 0
4059, -554
4060, 0
4061, 0
4062, 0
4063, -548
4064, 0
4065, 0
4066, -561
4067, -563
4068, 0
4069, -555
4070, -552
4071, -550
4072, 0
4073, 0
4074, -567
4075, -568
4076, -559
4077, 0
4078, -552
4079, -550
4080, 0
4081, 0
4082, -565
4083, -564
4084, 0
4085, 0
4086, -552
4087, -551
4088, 0
4089, 0
4090, -566
4091, -565
4092, 0
4093, 0
4094, -557
4095, 0
4096, 0
4097, 0
4098, -575
4099, -575
4100, -569
4101, -562
4102, -560
4103, -557
4104, 0
4105, 0
4106, -575
4107, -575
4108, -563
4109, -560
4110, -559
4111, -560
4112, 0
4113, 0
4114, -575
4115, -574
4116, -564
4117, -561
4118, -560
4119, -559
4120, 0
4121, 0
4122, 0
4123, -575
4124, -566
4125, -558
4126, -557
4127, 0
4128, 0
4129, 0
4130, 0
4131, -567
4132, -557
4133, -556
4134, -551
4135, -551
4136, 0
4137, 0
4138, -572
4139, -575
4140, 0
4141, -565
4142, -559
4143, -558
4144, 0
4145, 0
4146, -575
4147, -576
4148, 0
4149, -562
4150, -560
4151, -560
4152, 0
4153, 0
4154, -582
4155, -582
4156, -581
4157, -576
4158, 0
4159, -572
4160, 0
4161, -582
4162, -581
4163, -583
4164, -570
4165, -568
4166, -568
4167, -567
4168, 0
4169, 0
4170, 0
4171, -596
4172, -590
4173, -582
4174, 0
4175, 0
4176, 0
4177, 0
4178, 0
4179, -592
4180, -586
4181, -585
4182, -584
4183, -583
4184, 0
4185, 0
4186, -622
4187, 0
4188, -609
4189, -605
4190, 0
4191, -605
4192, 0
4193, 0
4194, -624
4195, -624
4196, -614
4197, -610
4198, -608
4199, -606
4200, 0
4201, 0
4202, -629
4203, -631
4204, -627
4205, -618
4206, 0
4207, -611
4208, 0
4209, 0
4210, -631
4211, -632
4212, 0
4213, -614
4214, 0
4215, -616
4216, 0
4217, 0
4218, 0
4219, -646
4220, -636
4221, -628
4222, 0
4223, -630
4224, 0
4225, 0
4226, 0
4227, 0
4228, -629
4229, -626
4230, -627
4231, -631
4232, 0
4233, 0
4234, -647
4235, -647
4236, -640
4237, -630
4238, -629
4239, -631
4240, 0
4241, 0
4242, 0
4243, -662
4244, 0
4245, -645
4246, -643
4247, -644
4248, 0
4249, 0
4250, -664
4251, -654
4252, -649
4253, -640
4254, 0
4255, -638
4256, 0
4257, 0
4258, 0
4259, -662
4260, -662
4261, -661
4262, -662
4263, -661
4264, 0
4265, 0
4266, -679
4267, -672
4268, -657
4269, -656
4270, -655
4271, -655
4272, 0
4273, 0
4274, 0
4275, -687
4276, -680
4277, -672
4278, 0
4279, -668
4280, 0
4281, 0
4282, -686
4283, -686
4284, -674
4285, -662
4286, -661
4287, -663
4288, 0
4289, 0
4290, 0
4291, 0
4292, 0
4293, 0
4294, 0
4295, 0
4296, 0
4297, 0
4298, 0
4299, -704
4300, -694
4301, -692
4302, 0
4303, 0
4304, 0
4305, 0
4306, 0
4307, -718
4308, 0
4309, -695
4310, 0
4311, -696
4312, 0
4313, 0
4314, 0
4315, 0
4316, 0
4317, 0
4318, 0
4319, 0
4320, 0
4321, 0
4322, 0
4323, 0
4324, 0
4325, 0
4326, 0
4327, 0
4328, 0
4329, 0
4330, 0
4331, -765
4332, -756
4333, -749
4334, 0
4335, 0
4336, 0
4337, 0
4338, -760
4339, -752
4340, -747
4341, -743
4342, -741
4343, -741
4344, 0
4345, 0
4346, 0
4347, -768
4348, -760
4349, -759
4350, -760
4351, -758
4352, 0
4353, 0
4354, -784
4355, 0
4356, -766
4357, -764
4358, 0
4359, -768
4360, 0
4361, 0
4362, 0
4363, -777
4364, -776
4365, -776
4366, -775
4367, -775
4368, 0
4369, 0
4370, 0
4371, 0
4372, 0
4373, 0
4374, 0
4375, 0
4376, 0
4377, 0
4378, 0
4379, -831
4380, -822
4381, -814
4382, -814
4383, -815
4384, 0
4385, 0
4386, 0
4387, -856
4388, -850
4389, -848
4390, -848
4391, -846
4392, 0
4393, 0
4394, 0
4395, 0
4396, 0
4397, 0
4398, 0
4399, 0
4400, 0
4401, 0
4402, 0
4403, 0
4404, 0
4405, 0
4406, 0
4407, 0
4408, 0
4409, 0
4410, 0
4411, -966
4412, -966
4413, 0
4414, -957
4415, 0
4416, 0
4417, 0
4418, 0
4419, -991
4420, -984
4421, -978
4422, 0
4423, 0
4424, 0
4425, 0
4426, 0
4427, 0
4428, -974
4429, -974
4430, -973
4431, -973
4432, 0
4433, 0
4434, 0
4435, -1014
4436, -1001
4437, -992
4438, -990
4439, -989
4440, 0
4441, 0
4442, 0
4443, -1032
4444, -1018
4445, -1008
4446, 0
4447, -1007
4448, 0
4449, 0
4450, 0
4451, 0
4452, -1045
4453, -1040
4454, -1038
4455, -1038
4456, 0
4457, 0
4458, -1087
4459, -1088
4460, -1081
4461, -1071
4462, -1069
4463, -1070
4464, 0
4465, 0
4466, 0
4467, -1117
4468, -1115
4469, -1109
4470, -1111
4471, 0
4472, 0
4473, 0
4474, 0
4475, -1159
4476, -1154
4477, -1145
4478, -1144
4479, -1142
4480, 0
4481, 0
4482, 0
4483, -1197
4484, 0
4485, -1191
4486, 0
4487, -1192
4488, 0
4489, 0
4490, 0
4491, 0
4492, 0
4493, -1232
4494, -1231
4495, -1231
4496, 0
4497, 0
4498, 0
4499, -1280
4500, -1278
4501, -1273
4502, -1271
4503, -1269
4504, 0
4505, 0
4506, 0
4507, -1319
4508, -1314
4509, -1312
4510, -1312
4511, -1311
4512, 0
4513, 0
4514, -1358
4515, -1353
4516, -1344
4517, -1341
4518, 0
4519, -1342
4520, 0
4521, 0
4522, -1384
4523, -1384
4524, -1379
4525, -1377
4526, -1375
4527, -1374
4528, 0
4529, 0
4530, 0
4531, -1463
4532, -1459
4533, -1457
4534, -1455
4535, -1456
4536, 0
4537, 0
4538, 0
4539, -1526
4540, -1516
4541, -1505
4542, -1502
4543, -1503
4544, 0
4545, 0
4546, 0
4547, 0
4548, 0
4549, 0
4550, 0
4551, 0
4552, 0
4553, 0
4554, 0
4555, 0
4556, 0
4557, 0
4558, 0
4559, 0
4560, 0
4561, 0
4562, 0
4563, 0
4564, 2
4565, 0
