0, 0
1, 0
2, 0
3, 0
4, 0
5, 0
6, 0
7, 0
8, 0
9, 0
10, 0
11, 0
12, 0
13, 0
14, 0
15, 0
16, 0
17, 0
18, 0
19, 0
20, 0
21, 0
22, 0
23, 0
24, 0
25, 0
26, 0
27, 0
28, 0
29, 0
30, 0
31, 0
32, 0
33, 0
34, 0
35, 0
36, 0
37, 0
38, 0
39, 0
40, 0
41, 0
42, 0
43, 0
44, 0
45, 0
46, 0
47, 0
48, 0
49, 0
50, 0
51, 0
52, 0
53, 0
54, 0
55, 0
56, 0
57, 0
58, 0
59, 0
60, 0
61, 0
62, 0
63, 0
64, 0
65, 0
66, 0
67, 0
68, 0
69, 0
70, 0
71, 0
72, 0
73, 0
74, 0
75, 0
76, 0
77, 0
78, 0
79, 0
80, 0
81, 0
82, 0
83, 0
84, 0
85, 0
86, 0
87, 0
88, 0
89, 0
90, 0
91, 0
92, 0
93, 0
94, 0
95, 0
96, 0
97, 0
98, 0
99, 0
100, 0
101, 0
102, 0
103, 0
104, 0
105, 0
106, 0
107, 0
108, 0
109, 0
110, 0
111, 0
112, 0
113, 0
114, 0
115, 0
116, 0
117, 0
118, 0
119, 0
120, 0
121, 0
122, 0
123, 0
124, 0
125, 0
126, 0
127, 0
128, 0
129, 0
130, 0
131, 0
132, 0
133, 0
134, 0
135, 0
136, 0
137, 0
138, 0
139, 0
140, 0
141, 0
142, 0
143, 0
144, 0
145, 0
146, 0
147, 0
148, 0
149, 0
150, 0
151, 0
152, 0
153, 0
154, 0
155, 0
156, 0
157, 0
158, 0
159, 0
160, 0
161, 0
162, 0
163, 0
164, 0
165, 0
166, 0
167, 0
168, 0
169, 0
170, 0
171, 0
172, 0
173, 0
174, 0
175, 0
176, 0
177, 0
178, 0
179, 0
180, 0
181, 0
182, 0
183, 0
184, 0
185, 0
186, 0
187, 0
188, 0
189, 0
190, 0
191, 0
192, 0
193, 0
194, 0
195, 0
196, 0
197, 0
198, 0
199, 0
200, 0
201, 0
202, 0
203, 0
204, 0
205, 0
206, 0
207, 0
208, 0
209, 0
210, 0
211, 0
212, 0
213, 0
214, 0
215, 0
216, 0
217, 0
218, 0
219, 0
220, 0
221, 0
222, 0
223, 0
224, 0
225, 0
226, 0
227, 0
228, 0
229, 0
230, 0
231, 0
232, 0
233, 0
234, 0
235, 0
236, 0
237, 0
238, 0
239, 0
240, 0
241, 0
242, 0
243, 0
244, 0
245, 0
246, 0
247, 0
248, 0
249, 0
250, 0
251, 0
252, 0
253, 0
254, 0
255, 0
256, 0
257, 0
258, 0
259, 0
260, 0
261, 0
262, 0
263, 0
264, 0
265, 0
266, 0
267, 0
268, 0
269, 0
270, 0
271, 0
272, 0
273, 0
274, 0
275, 0
276, 0
277, 0
278, 0
279, 0
280, 0
281, 0
282, 0
283, 0
284, 0
285, 0
286, 0
287, 0
288, 0
289, 0
290, 0
291, 0
292, 0
293, 0
294, 0
295, 0
296, 0
297, 0
298, 0
299, 0
300, 0
301, 0
302, 0
303, 0
304, 0
305, 0
306, 0
307, 0
308, 0
309, 0
310, 0
311, 0
312, 0
313, 0
314, 0
315, 0
316, 0
317, 0
318, 0
319, 0
320, 0
321, 0
322, 0
323, 0
324, 0
325, 0
326, 0
327, 0
328, 0
329, 0
330, 0
331, 0
332, 0
333, 0
334, 0
335, 0
336, 0
337, 0
338, 0
339, 0
340, 0
341, 0
342, 0
343, 0
344, 0
345, 0
346, 0
347, 0
348, 0
349, 0
350, 0
351, 0
352, 0
353, 0
354, 0
355, 0
356, 0
357, 0
358, 0
359, 0
360, 0
361, 0
362, 0
363, 0
364, 0
365, 0
366, 0
367, 0
368, 0
369, 0
370, 0
371, 0
372, 0
373, 0
374, 0
375, 0
376, 0
377, 0
378, 0
379, 0
380, 0
381, 0
382, 0
383, 0
384, 0
385, 0
386, 0
387, 0
388, 0
389, 0
390, 0
391, 0
392, 0
393, 0
394, 0
395, 0
396, 0
397, 0
398, 0
399, 0
400, 0
401, 0
402, 0
403, 0
404, 0
405, 0
406, 0
407, 0
408, 0
409, 0
410, 0
411, 0
412, 0
413, 0
414, 0
415, 0
416, 0
417, 0
418, 0
419, 0
420, 0
421, 0
422, 0
423, 0
424, 0
425, 0
426, 0
427, 0
428, 0
429, 0
430, 0
431, 0
432, 0
433, 0
434, 0
435, 0
436, 0
437, 0
438, 0
439, 0
440, 0
441, 0
442, 0
443, 0
444, 0
445, 0
446, 0
447, 0
448, 0
449, 0
450, 0
451, 0
452, 0
453, 0
454, 0
455, 0
456, 0
457, 0
458, 0
459, 0
460, 0
461, 0
462, 0
463, 0
464, 0
465, 0
466, 0
467, 0
468, 0
469, 0
470, 0
471, 0
472, 0
473, 0
474, 0
475, 0
476, 0
477, 0
478, 0
479, 0
480, 0
481, 0
482, 0
483, 0
484, 0
485, 0
486, 0
487, 0
488, 0
489, 0
490, 0
491, 0
492, 0
493, 0
494, 0
495, 0
496, 0
497, 0
498, 0
499, 0
500, 0
501, 0
502, 0
503, 0
504, 0
505, 0
506, 0
507, 0
508, 0
509, 0
510, 0
511, 0
512, 0
513, 0
514, 0
515, 0
516, 0
517, 0
518, 0
519, 0
520, 0
521, 0
522, 0
523, 0
524, 0
525, 0
526, 0
527, 0
528, 0
529, 0
530, 0
531, 0
532, 0
533, 0
534, 0
535, 0
536, 0
537, 0
538, 0
539, 0
540, 0
541, 0
542, 0
543, 0
544, 0
545, 0
546, 0
547, 0
548, 0
549, 0
550, 0
551, 0
552, 0
553, 0
554, 0
555, 0
556, 0
557, 0
558, 0
559, 0
560, 0
561, 0
562, 0
563, 0
564, 0
565, 0
566, 0
567, 0
568, 0
569, 0
570, 0
571, 0
572, 0
573, 0
574, 0
575, 0
576, 0
577, 0
578, 0
579, 0
580, 0
581, 0
582, 0
583, 0
584, 0
585, 0
586, 0
587, 0
588, 0
589, 0
590, 0
591, 0
592, 0
593, 0
594, 0
595, 0
596, 0
597, 0
598, 0
599, 0
600, 0
601, 0
602, 0
603, 0
604, 0
605, 0
606, 0
607, 0
608, 0
609, 0
610, 0
611, 0
612, 0
613, 0
614, 0
615, 0
616, 0
617, 0
618, 0
619, 0
620, 0
621, 0
622, 0
623, 0
624, 0
625, 0
626, 0
627, 0
628, 0
629, 0
630, 0
631, 0
632, 0
633, 0
634, 0
635, 0
636, 0
637, 0
638, 0
639, 0
640, 0
641, 0
642, 0
643, 0
644, 0
645, 0
646, 0
647, 0
648, 0
649, 0
650, 0
651, 0
652, 0
653, 0
654, 0
655, 0
656, 0
657, 0
658, 0
659, 0
660, 0
661, 0
662, 0
663, 0
664, 0
665, 0
666, 0
667, 0
668, 0
669, 0
670, 0
671, 0
672, 0
673, 0
674, 0
675, 0
676, 0
677, 0
678, 0
679, 0
680, 0
681, 0
682, 0
683, 0
684, 0
685, 0
686, 0
687, 0
688, 0
689, 0
690, 0
691, 0
692, 0
693, 0
694, 0
695, 0
696, 0
697, 0
698, 0
699, 0
700, 0
701, 0
702, 0
703, 0
704, 0
705, 0
706, 0
707, 0
708, 0
709, 0
710, 0
711, 0
712, 0
713, 0
714, 0
715, 0
716, 0
717, 0
718, 0
719, 0
720, 0
721, 0
722, 0
723, 0
724, 0
725, 0
726, 0
727, 0
728, 0
729, 0
730, 0
731, 0
732, 0
733, 0
734, 0
735, 0
736, 0
737, 0
738, 0
739, 0
740, 0
741, 0
742, 0
743, 0
744, 0
745, 0
746, 0
747, 0
748, 0
749, 0
750, 0
751, 0
752, 0
753, 0
754, 0
755, 0
756, 0
757, 0
758, 0
759, 0
760, 0
761, 0
762, 0
763, 0
764, 0
765, 0
766, 0
767, 0
768, 0
769, 0
770, 0
771, 0
772, 0
773, 0
774, 0
775, 0
776, 0
777, 0
778, 0
779, 0
780, 0
781, 0
782, 0
783, 0
784, 0
785, 0
786, 0
787, 0
788, 0
789, 0
790, 0
791, 0
792, 0
793, 0
794, 0
795, 0
796, 0
797, 0
798, 0
799, 0
800, 0
801, 0
802, 0
803, 0
804, 0
805, 0
806, 0
807, 0
808, 0
809, 0
810, 0
811, 0
812, 0
813, 0
814, 0
815, 0
816, 0
817, 0
818, 0
819, 0
820, 0
821, 0
822, 0
823, 0
824, 0
825, 0
826, 0
827, 0
828, 0
829, 0
830, 0
831, 0
832, 0
833, 0
834, 0
835, 0
836, 0
837, 0
838, 0
839, 0
840, 0
841, 0
842, 0
843, 0
844, 0
845, 0
846, 0
847, 0
848, 0
849, 0
850, 0
851, 0
852, 0
853, 0
854, 0
855, 0
856, 0
857, 0
858, 0
859, 0
860, 0
861, 0
862, 0
863, 0
864, 0
865, 0
866, 0
867, 0
868, 0
869, 0
870, 0
871, 0
872, 0
873, 0
874, 0
875, 0
876, 0
877, 0
878, 0
879, 0
880, 0
881, 0
882, 0
883, 0
884, 0
885, 0
886, 0
887, 0
888, 0
889, 0
890, 0
891, 0
892, 0
893, 0
894, 0
895, 0
896, 0
897, 0
898, 0
899, 0
900, 0
901, 0
902, 0
903, 0
904, 0
905, 0
906, 0
907, 0
908, 0
909, 0
910, 0
911, 0
912, 0
913, 0
914, 0
915, 0
916, 0
917, 0
918, 0
919, 0
920, 0
921, 0
922, 0
923, 0
924, 0
925, 0
926, 0
927, 0
928, 0
929, 0
930, 0
931, 0
932, 0
933, 0
934, 0
935, 0
936, 0
937, 0
938, 0
939, 0
940, 0
941, 0
942, 0
943, 0
944, 0
945, 0
946, 0
947, 0
948, 0
949, 0
950, 0
951, 0
952, 0
953, 0
954, 0
955, 0
956, 0
957, 0
958, 0
959, 0
960, 0
961, 0
962, 0
963, 0
964, 0
965, 0
966, 0
967, 0
968, 0
969, 0
970, 0
971, 0
972, 0
973, 0
974, 0
975, 0
976, 0
977, 0
978, 0
979, 0
980, 0
981, 0
982, 0
983, 0
984, 0
985, 0
986, 0
987, 0
988, 0
989, 0
990, 0
991, 0
992, 0
993, 0
994, 0
995, 0
996, 0
997, 0
998, 0
999, 0
1000, 0
1001, 0
1002, 0
1003, 0
1004, 0
1005, 0
1006, 0
1007, 0
1008, 0
1009, 0
1010, 0
1011, 0
1012, 0
1013, 0
1014, 0
1015, 0
1016, 0
1017, 0
1018, 0
1019, 0
1020, 0
1021, 0
1022, 0
1023, 0
1024, 0
1025, 0
1026, 0
1027, 0
1028, 0
1029, 0
1030, 0
1031, 0
1032, 0
1033, 0
1034, 0
1035, 0
1036, 0
1037, 0
1038, 0
1039, 0
1040, 0
1041, 0
1042, 0
1043, 0
1044, 0
1045, 0
1046, 0
1047, 0
1048, 0
1049, 0
1050, 0
1051, 0
1052, 0
1053, 0
1054, 0
1055, 0
1056, 0
1057, 0
1058, 0
1059, 0
1060, 0
1061, 0
1062, 0
1063, 0
1064, 0
1065, 0
1066, 0
1067, 0
1068, 0
1069, 0
1070, 0
1071, 0
1072, 0
1073, 0
1074, 0
1075, 0
1076, 0
1077, 0
1078, 0
1079, 0
1080, 0
1081, 265
1082, 0
1083, 0
1084, 0
1085, 0
1086, 0
1087, 0
1088, 0
1089, 226
1090, 225
1091, 224
1092, 222
1093, 0
1094, 0
1095, 0
1096, 0
1097, 188
1098, 188
1099, 0
1100, 184
1101, 0
1102, 0
1103, 0
1104, 0
1105, 163
1106, 162
1107, 158
1108, 158
1109, 0
1110, 0
1111, 0
1112, 0
1113, 136
1114, 134
1115, 136
1116, 136
1117, 0
1118, 0
1119, 0
1120, 0
1121, 145
1122, 144
1123, 144
1124, 142
1125, 142
1126, 0
1127, 0
1128, 0
1129, 131
1130, 129
1131, 127
1132, 127
1133, 127
1134, 128
1135, 0
1136, 0
1137, 138
1138, 0
1139, 138
1140, 137
1141, 138
1142, 0
1143, 0
1144, 0
1145, 120
1146, 120
1147, 119
1148, 117
1149, 0
1150, 0
1151, 0
1152, 0
1153, 122
1154, 0
1155, 120
1156, 0
1157, 119
1158, 0
1159, 0
1160, 0
1161, 113
1162, 111
1163, 111
1164, 112
1165, 0
1166, 114
1167, 0
1168, 0
1169, 122
1170, 122
1171, 121
1172, 120
1173, 121
1174, 120
1175, 0
1176, 0
1177, 106
1178, 0
1179, 105
1180, 102
1181, 103
1182, 0
1183, 0
1184, 0
1185, 98
1186, 0
1187, 99
1188, 98
1189, 97
1190, 0
1191, 0
1192, 0
1193, 115
1194, 113
1195, 111
1196, 110
1197, 0
1198, 0
1199, 0
1200, 0
1201, 113
1202, 0
1203, 114
1204, 0
1205, 111
1206, 0
1207, 0
1208, 0
1209, 0
1210, 0
1211, 106
1212, 104
1213, 104
1214, 104
1215, 0
1216, 0
1217, 97
1218, 97
1219, 97
1220, 98
1221, 96
1222, 0
1223, 0
1224, 0
1225, 100
1226, 96
1227, 96
1228, 96
1229, 95
1230, 0
1231, 0
1232, 0
1233, 0
1234, 104
1235, 103
1236, 0
1237, 0
1238, 0
1239, 0
1240, 0
1241, 98
1242, 96
1243, 94
1244, 94
1245, 95
1246, 0
1247, 0
1248, 0
1249, 88
1250, 87
1251, 88
1252, 88
1253, 89
1254, 0
1255, 0
1256, 0
1257, 98
1258, 97
1259, 97
1260, 95
1261, 97
1262, 0
1263, 0
1264, 0
1265, 82
1266, 0
1267, 83
1268, 79
1269, 80
1270, 0
1271, 0
1272, 0
1273, 81
1274, 0
1275, 81
1276, 0
1277, 79
1278, 79
1279, 0
1280, 0
1281, 89
1282, 87
1283, 85
1284, 84
1285, 0
1286, 0
1287, 0
1288, 0
1289, 90
1290, 0
1291, 91
1292, 89
1293, 87
1294, 88
1295, 0
1296, 0
1297, 83
1298, 80
1299, 81
1300, 80
1301, 79
1302, 0
1303, 0
1304, 0
1305, 90
1306, 89
1307, 0
1308, 86
1309, 0
1310, 0
1311, 0
1312, 0
1313, 82
1314, 79
1315, 77
1316, 78
1317, 79
1318, 79
1319, 0
1320, 0
1321, 83
1322, 82
1323, 82
1324, 0
1325, 80
1326, 0
1327, 0
1328, 0
1329, 80
1330, 0
1331, 81
1332, 79
1333, 78
1334, 79
1335, 0
1336, 0
1337, 76
1338, 73
1339, 71
1340, 73
1341, 73
1342, 72
1343, 0
1344, 0
1345, 81
1346, 79
1347, 80
1348, 80
1349, 80
1350, 0
1351, 0
1352, 0
1353, 74
1354, 72
1355, 71
1356, 71
1357, 71
1358, 0
1359, 0
1360, 0
1361, 90
1362, 90
1363, 89
1364, 88
1365, 0
1366, 0
1367, 0
1368, 0
1369, 74
1370, 73
1371, 72
1372, 0
1373, 73
1374, 0
1375, 0
1376, 0
1377, 81
1378, 79
1379, 0
1380, 82
1381, 0
1382, 0
1383, 0
1384, 0
1385, 0
1386, 0
1387, 75
1388, 0
1389, 70
1390, 0
1391, 0
1392, 0
1393, 78
1394, 79
1395, 80
1396, 80
1397, 81
1398, 0
1399, 73
1400, 0
1401, 0
1402, 62
1403, 64
1404, 64
1405, 64
1406, 0
1407, 0
1408, 0
1409, 57
1410, 0
1411, 58
1412, 56
1413, 54
1414, 0
1415, 0
1416, 0
1417, 78
1418, 79
1419, 77
1420, 79
1421, 0
1422, 0
1423, 0
1424, 0
1425, 71
1426, 71
1427, 70
1428, 68
1429, 71
1430, 72
1431, 0
1432, 0
1433, 66
1434, 0
1435, 67
1436, 64
1437, 62
1438, 61
1439, 0
1440, 0
1441, 75
1442, 73
1443, 73
1444, 72
1445, 72
1446, 72
1447, 0
1448, 0
1449, 73
1450, 72
1451, 71
1452, 69
1453, 0
1454, 0
1455, 0
1456, 0
1457, 65
1458, 63
1459, 65
1460, 0
1461, 67
1462, 0
1463, 0
1464, 0
1465, 81
1466, 80
1467, 79
1468, 79
1469, 79
1470, 81
1471, 0
1472, 0
1473, 70
1474, 70
1475, 70
1476, 71
1477, 70
1478, 0
1479, 0
1480, 0
1481, 58
1482, 54
1483, 52
1484, 53
1485, 55
1486, 55
1487, 0
1488, 0
1489, 67
1490, 0
1491, 64
1492, 63
1493, 64
1494, 0
1495, 0
1496, 0
1497, 65
1498, 0
1499, 66
1500, 65
1501, 64
1502, 65
1503, 0
1504, 0
1505, 62
1506, 0
1507, 55
1508, 53
1509, 55
1510, 58
1511, 0
1512, 0
1513, 67
1514, 64
1515, 63
1516, 63
1517, 63
1518, 62
1519, 0
1520, 0
1521, 65
1522, 63
1523, 63
1524, 62
1525, 64
1526, 64
1527, 0
1528, 0
1529, 58
1530, 57
1531, 55
1532, 57
1533, 56
1534, 51
1535, 0
1536, 0
1537, 56
1538, 54
1539, 56
1540, 56
1541, 55
1542, 55
1543, 0
1544, 0
1545, 0
1546, 57
1547, 0
1548, 0
1549, 55
1550, 57
1551, 0
1552, 0
1553, 58
1554, 56
1555, 56
1556, 56
1557, 55
1558, 0
1559, 0
1560, 0
1561, 55
1562, 55
1563, 55
1564, 55
1565, 55
1566, 56
1567, 0
1568, 0
1569, 60
1570, 0
1571, 55
1572, 53
1573, 53
1574, 56
1575, 0
1576, 0
1577, 53
1578, 0
1579, 49
1580, 48
1581, 46
1582, 0
1583, 0
1584, 0
1585, 57
1586, 55
1587, 54
1588, 55
1589, 55
1590, 55
1591, 0
1592, 0
1593, 0
1594, 0
1595, 50
1596, 50
1597, 0
1598, 42
1599, 0
1600, 0
1601, 47
1602, 0
1603, 49
1604, 50
1605, 48
1606, 0
1607, 0
1608, 0
1609, 55
1610, 0
1611, 56
1612, 54
1613, 51
1614, 53
1615, 0
1616, 0
1617, 48
1618, 0
1619, 52
1620, 50
1621, 47
1622, 48
1623, 0
1624, 0
1625, 48
1626, 48
1627, 48
1628, 47
1629, 47
1630, 0
1631, 0
1632, 0
1633, 49
1634, 46
1635, 46
1636, 46
1637, 45
1638, 47
1639, 0
1640, 0
1641, 50
1642, 0
1643, 50
1644, 50
1645, 47
1646, 48
1647, 0
1648, 0
1649, 58
1650, 56
1651, 56
1652, 56
1653, 56
1654, 56
1655, 0
1656, 0
1657, 48
1658, 0
1659, 53
1660, 0
1661, 0
1662, 51
1663, 0
1664, 0
1665, 58
1666, 0
1667, 54
1668, 54
1669, 54
1670, 0
1671, 0
1672, 0
1673, 51
1674, 50
1675, 49
1676, 0
1677, 50
1678, 0
1679, 0
1680, 0
1681, 48
1682, 48
1683, 46
1684, 48
1685, 46
1686, 0
1687, 0
1688, 0
1689, 53
1690, 53
1691, 54
1692, 55
1693, 55
1694, 54
1695, 0
1696, 0
1697, 0
1698, 0
1699, 49
1700, 47
1701, 47
1702, 48
1703, 0
1704, 0
1705, 50
1706, 49
1707, 49
1708, 48
1709, 47
1710, 47
1711, 0
1712, 0
1713, 50
1714, 49
1715, 51
1716, 0
1717, 48
1718, 0
1719, 0
1720, 0
1721, 41
1722, 39
1723, 38
1724, 37
1725, 39
1726, 0
1727, 0
1728, 0
1729, 50
1730, 49
1731, 48
1732, 48
1733, 47
1734, 0
1735, 0
1736, 0
1737, 55
1738, 55
1739, 57
1740, 53
1741, 53
1742, 57
1743, 0
1744, 0
1745, 49
1746, 48
1747, 47
1748, 47
1749, 47
1750, 48
1751, 0
1752, 0
1753, 49
1754, 0
1755, 51
1756, 0
1757, 48
1758, 48
1759, 0
1760, 0
1761, 0
1762, 0
1763, 42
1764, 40
1765, 40
1766, 0
1767, 0
1768, 0
1769, 46
1770, 49
1771, 49
1772, 46
1773, 47
1774, 0
1775, 0
1776, 0
1777, 45
1778, 41
1779, 40
1780, 40
1781, 41
1782, 40
1783, 0
1784, 0
1785, 39
1786, 38
1787, 37
1788, 39
1789, 41
1790, 0
1791, 0
1792, 0
1793, 40
1794, 41
1795, 41
1796, 41
1797, 42
1798, 0
1799, 0
1800, 0
1801, 47
1802, 48
1803, 49
1804, 48
1805, 48
1806, 49
1807, 49
1808, 47
1809, 40
1810, 0
1811, 43
1812, 41
1813, 0
1814, 0
1815, 0
1816, 0
1817, 52
1818, 52
1819, 56
1820, 55
1821, 55
1822, 57
1823, 0
1824, 0
1825, 50
1826, 49
1827, 47
1828, 49
1829, 48
1830, 0
1831, 0
1832, 0
1833, 49
1834, 0
1835, 48
1836, 0
1837, 48
1838, 49
1839, 49
1840, 47
1841, 33
1842, 32
1843, 34
1844, 31
1845, 30
1846, 0
1847, 0
1848, 0
1849, 40
1850, 41
1851, 41
1852, 40
1853, 38
1854, 38
1855, 0
1856, 0
1857, 49
1858, 49
1859, 47
1860, 47
1861, 49
1862, 49
1863, 42
1864, 42
1865, 34
1866, 32
1867, 32
1868, 32
1869, 31
1870, 32
1871, 0
1872, 0
1873, 40
1874, 0
1875, 42
1876, 0
1877, 39
1878, 0
1879, 0
1880, 0
1881, 49
1882, 48
1883, 47
1884, 47
1885, 48
1886, 0
1887, 50
1888, 39
1889, 0
1890, 0
1891, 35
1892, 0
1893, 32
1894, 32
1895, 0
1896, 0
1897, 41
1898, 40
1899, 0
1900, 41
1901, 42
1902, 38
1903, 0
1904, 0
1905, 0
1906, 0
1907, 41
1908, 40
1909, 39
1910, 41
1911, 0
1912, 0
1913, 35
1914, 32
1915, 30
1916, 30
1917, 30
1918, 30
1919, 0
1920, 0
1921, 41
1922, 41
1923, 41
1924, 0
1925, 0
1926, 42
1927, 40
1928, 33
1929, 31
1930, 0
1931, 35
1932, 32
1933, 0
1934, 0
1935, 0
1936, 0
1937, 31
1938, 30
1939, 32
1940, 32
1941, 32
1942, 25
1943, 0
1944, 0
1945, 40
1946, 41
1947, 40
1948, 41
1949, 39
1950, 38
1951, 35
1952, 35
1953, 34
1954, 32
1955, 31
1956, 33
1957, 32
1958, 31
1959, 0
1960, 0
1961, 39
1962, 41
1963, 0
1964, 38
1965, 40
1966, 41
1967, 0
1968, 0
1969, 34
1970, 32
1971, 32
1972, 31
1973, 32
1974, 31
1975, 0
1976, 0
1977, 32
1978, 32
1979, 32
1980, 32
1981, 31
1982, 31
1983, 0
1984, 0
1985, 35
1986, 33
1987, 34
1988, 34
1989, 0
1990, 32
1991, 0
1992, 0
1993, 32
1994, 35
1995, 39
1996, 41
1997, 40
1998, 0
1999, 0
2000, 0
2001, 40
2002, 37
2003, 38
2004, 39
2005, 38
2006, 39
2007, 40
2008, 34
2009, 32
2010, 31
2011, 0
2012, 35
2013, 0
2014, 31
2015, 0
2016, 0
2017, 33
2018, 33
2019, 32
2020, 33
2021, 34
2022, 31
2023, 29
2024, 31
2025, 31
2026, 31
2027, 32
2028, 32
2029, 32
2030, 32
2031, 0
2032, 0
2033, 39
2034, 39
2035, 39
2036, 38
2037, 42
2038, 0
2039, 40
2040, 35
2041, 32
2042, 31
2043, 33
2044, 31
2045, 0
2046, 0
2047, 0
2048, 0
2049, 33
2050, 33
2051, 33
2052, 32
2053, 32
2054, 32
2055, 33
2056, 34
2057, 32
2058, 32
2059, 33
2060, 32
2061, 32
2062, 33
2063, 0
2064, 0
2065, 25
2066, 0
2067, 27
2068, 25
2069, 24
2070, 25
2071, 0
2072, 0
2073, 0
2074, 34
2075, 34
2076, 34
2077, 30
2078, 30
2079, 0
2080, 0
2081, 26
2082, 0
2083, 26
2084, 22
2085, 21
2086, 22
2087, 0
2088, 0
2089, 31
2090, 0
2091, 29
2092, 27
2093, 29
2094, 31
2095, 0
2096, 0
2097, 0
2098, 32
2099, 0
2100, 33
2101, 0
2102, 0
2103, 35
2104, 0
2105, 29
2106, 29
2107, 33
2108, 33
2109, 32
2110, 32
2111, 0
2112, 27
2113, 0
2114, 24
2115, 23
2116, 23
2117, 25
2118, 0
2119, 0
2120, 0
2121, 32
2122, 32
2123, 32
2124, 33
2125, 30
2126, 31
2127, 34
2128, 34
2129, 24
2130, 0
2131, 28
2132, 26
2133, 25
2134, 0
2135, 0
2136, 0
2137, 33
2138, 33
2139, 32
2140, 30
2141, 30
2142, 32
2143, 33
2144, 31
2145, 24
2146, 22
2147, 22
2148, 24
2149, 23
2150, 25
2151, 0
2152, 0
2153, 28
2154, 0
2155, 25
2156, 26
2157, 26
2158, 0
2159, 0
2160, 0
2161, 0
2162, 32
2163, 31
2164, 31
2165, 31
2166, 0
2167, 0
2168, 0
2169, 32
2170, 32
2171, 30
2172, 30
2173, 0
2174, 33
2175, 0
2176, 0
2177, 33
2178, 31
2179, 31
2180, 34
2181, 33
2182, 29
2183, 0
2184, 0
2185, 31
2186, 0
2187, 34
2188, 0
2189, 32
2190, 31
2191, 30
2192, 0
2193, 32
2194, 32
2195, 33
2196, 32
2197, 31
2198, 32
2199, 31
2200, 28
2201, 25
2202, 24
2203, 24
2204, 24
2205, 23
2206, 23
2207, 0
2208, 0
2209, 24
2210, 24
2211, 25
2212, 24
2213, 23
2214, 23
2215, 0
2216, 0
2217, 30
2218, 30
2219, 31
2220, 32
2221, 0
2222, 33
2223, 32
2224, 28
2225, 26
2226, 25
2227, 23
2228, 24
2229, 23
2230, 24
2231, 0
2232, 0
2233, 0
2234, 0
2235, 24
2236, 22
2237, 0
2238, 0
2239, 0
2240, 28
2241, 0
2242, 23
2243, 0
2244, 26
2245, 25
2246, 26
2247, 22
2248, 13
2249, 13
2250, 0
2251, 18
2252, 0
2253, 16
2254, 0
2255, 16
2256, 0
2257, 23
2258, 23
2259, 24
2260, 23
2261, 25
2262, 24
2263, 0
2264, 0
2265, 26
2266, 24
2267, 24
2268, 25
2269, 24
2270, 21
2271, 23
2272, 25
2273, 0
2274, 0
2275, 26
2276, 0
2277, 22
2278, 25
2279, 0
2280, 0
2281, 25
2282, 23
2283, 23
2284, 24
2285, 24
2286, 23
2287, 0
2288, 0
2289, 0
2290, 26
2291, 0
2292, 23
2293, 23
2294, 24
2295, 0
2296, 0
2297, 30
2298, 31
2299, 33
2300, 33
2301, 33
2302, 32
2303, 30
2304, 28
2305, 24
2306, 24
2307, 25
2308, 24
2309, 23
2310, 25
2311, 24
2312, 17
2313, 16
2314, 17
2315, 16
2316, 16
2317, 0
2318, 0
2319, 0
2320, 0
2321, 23
2322, 23
2323, 25
2324, 23
2325, 0
2326, 26
2327, 0
2328, 0
2329, 0
2330, 23
2331, 25
2332, 25
2333, 22
2334, 25
2335, 0
2336, 0
2337, 25
2338, 23
2339, 24
2340, 24
2341, 22
2342, 22
2343, 24
2344, 24
2345, 24
2346, 25
2347, 24
2348, 25
2349, 0
2350, 24
2351, 19
2352, 0
2353, 24
2354, 22
2355, 22
2356, 0
2357, 27
2358, 26
2359, 25
2360, 22
2361, 0
2362, 19
2363, 0
2364, 16
2365, 15
2366, 17
2367, 16
2368, 0
2369, 25
2370, 26
2371, 25
2372, 24
2373, 24
2374, 23
2375, 23
2376, 22
2377, 0
2378, 28
2379, 33
2380, 0
2381, 30
2382, 0
2383, 33
2384, 28
2385, 0
2386, 0
2387, 26
2388, 24
2389, 22
2390, 23
2391, 23
2392, 17
2393, 17
2394, 0
2395, 18
2396, 16
2397, 17
2398, 16
2399, 0
2400, 0
2401, 26
2402, 24
2403, 24
2404, 24
2405, 23
2406, 22
2407, 0
2408, 24
2409, 0
2410, 17
2411, 15
2412, 15
2413, 16
2414, 16
2415, 17
2416, 16
2417, 16
2418, 15
2419, 0
2420, 18
2421, 0
2422, 16
2423, 0
2424, 0
2425, 23
2426, 23
2427, 24
2428, 25
2429, 24
2430, 0
2431, 0
2432, 0
2433, 27
2434, 25
2435, 26
2436, 24
2437, 23
2438, 0
2439, 0
2440, 0
2441, 23
2442, 24
2443, 24
2444, 21
2445, 24
2446, 24
2447, 24
2448, 18
2449, 17
2450, 17
2451, 0
2452, 16
2453, 17
2454, 0
2455, 16
2456, 11
2457, 0
2458, 7
2459, 7
2460, 9
2461, 9
2462, 9
2463, 0
2464, 0
2465, 14
2466, 15
2467, 15
2468, 14
2469, 15
2470, 17
2471, 0
2472, 0
2473, 0
2474, 24
2475, 24
2476, 22
2477, 23
2478, 24
2479, 25
2480, 25
2481, 24
2482, 24
2483, 25
2484, 26
2485, 25
2486, 25
2487, 24
2488, 21
2489, 19
2490, 0
2491, 17
2492, 17
2493, 0
2494, 15
2495, 17
2496, 18
2497, 18
2498, 0
2499, 19
2500, 0
2501, 16
2502, 0
2503, 0
2504, 0
2505, 0
2506, 25
2507, 0
2508, 22
2509, 23
2510, 24
2511, 24
2512, 25
2513, 24
2514, 25
2515, 24
2516, 24
2517, 0
2518, 25
2519, 0
2520, 0
2521, 25
2522, 25
2523, 23
2524, 24
2525, 23
2526, 25
2527, 25
2528, 17
2529, 17
2530, 17
2531, 15
2532, 17
2533, 0
2534, 15
2535, 15
2536, 15
2537, 15
2538, 16
2539, 17
2540, 15
2541, 16
2542, 17
2543, 17
2544, 0
2545, 16
2546, 15
2547, 14
2548, 15
2549, 16
2550, 0
2551, 18
2552, 0
2553, 23
2554, 24
2555, 25
2556, 24
2557, 23
2558, 25
2559, 25
2560, 22
2561, 22
2562, 25
2563, 23
2564, 0
2565, 26
2566, 24
2567, 0
2568, 0
2569, 26
2570, 26
2571, 25
2572, 25
2573, 24
2574, 24
2575, 25
2576, 25
2577, 25
2578, 24
2579, 24
2580, 24
2581, 25
2582, 24
2583, 24
2584, 24
2585, 23
2586, 23
2587, 24
2588, 23
2589, 23
2590, 24
2591, 0
2592, 19
2593, 0
2594, 16
2595, 0
2596, 17
2597, 0
2598, 0
2599, 17
2600, 0
2601, 16
2602, 16
2603, 15
2604, 18
2605, 16
2606, 16
2607, 0
2608, 20
2609, 0
2610, 15
2611, 17
2612, 23
2613, 0
2614, 25
2615, 0
2616, 0
2617, 32
2618, 31
2619, 29
2620, 29
2621, 31
2622, 0
2623, 34
2624, 0
2625, 0
2626, 0
2627, 0
2628, 24
2629, 25
2630, 23
2631, 0
2632, 0
2633, 16
2634, 16
2635, 17
2636, 15
2637, 16
2638, 0
2639, 19
2640, 18
2641, 15
2642, 16
2643, 17
2644, 17
2645, 0
2646, 16
2647, 16
2648, 15
2649, 15
2650, 15
2651, 0
2652, 17
2653, 17
2654, 15
2655, 15
2656, 17
2657, 0
2658, 18
2659, 18
2660, 17
2661, 17
2662, 16
2663, 17
2664, 18
2665, 17
2666, 0
2667, 16
2668, 16
2669, 15
2670, 17
2671, 16
2672, 14
2673, 16
2674, 17
2675, 18
2676, 0
2677, 14
2678, 16
2679, 0
2680, 0
2681, 16
2682, 15
2683, 0
2684, 18
2685, 18
2686, 14
2687, 13
2688, 12
2689, 12
2690, 14
2691, 16
2692, 17
2693, 18
2694, 15
2695, 0
2696, 17
2697, 0
2698, 16
2699, 18
2700, 16
2701, 0
2702, 15
2703, 15
2704, 0
2705, 17
2706, 0
2707, 16
2708, 17
2709, 15
2710, 14
2711, 0
2712, 0
2713, 22
2714, 23
2715, 25
2716, 23
2717, 22
2718, 22
2719, 0
2720, 26
2721, 24
2722, 24
2723, 24
2724, 23
2725, 23
2726, 25
2727, 0
2728, 0
2729, 0
2730, 31
2731, 31
2732, 31
2733, 30
2734, 31
2735, 32
2736, 30
2737, 29
2738, 30
2739, 32
2740, 33
2741, 31
2742, 31
2743, 33
2744, 0
2745, 0
2746, 23
2747, 25
2748, 23
2749, 22
2750, 0
2751, 25
2752, 24
2753, 24
2754, 0
2755, 23
2756, 24
2757, 22
2758, 23
2759, 25
2760, 23
2761, 21
2762, 22
2763, 24
2764, 22
2765, 22
2766, 24
2767, 0
2768, 0
2769, 25
2770, 25
2771, 24
2772, 23
2773, 23
2774, 22
2775, 24
2776, 23
2777, 22
2778, 23
2779, 24
2780, 22
2781, 22
2782, 24
2783, 25
2784, 24
2785, 23
2786, 23
2787, 25
2788, 25
2789, 23
2790, 23
2791, 24
2792, 24
2793, 23
2794, 24
2795, 24
2796, 23
2797, 24
2798, 22
2799, 23
2800, 23
2801, 22
2802, 23
2803, 24
2804, 22
2805, 22
2806, 24
2807, 25
2808, 23
2809, 23
2810, 23
2811, 25
2812, 25
2813, 23
2814, 23
2815, 24
2816, 24
2817, 23
2818, 25
2819, 24
2820, 23
2821, 23
2822, 22
2823, 24
2824, 23
2825, 22
2826, 23
2827, 24
2828, 22
2829, 22
2830, 24
2831, 25
2832, 24
2833, 25
2834, 24
2835, 25
2836, 25
2837, 23
2838, 23
2839, 24
2840, 24
2841, 25
2842, 25
2843, 23
2844, 22
2845, 23
2846, 23
2847, 24
2848, 22
2849, 21
2850, 22
2851, 24
2852, 23
2853, 21
2854, 22
2855, 23
2856, 22
2857, 22
2858, 22
2859, 24
2860, 24
2861, 23
2862, 25
2863, 24
2864, 0
2865, 0
2866, 15
2867, 15
2868, 16
2869, 17
2870, 0
2871, 0
2872, 18
2873, 18
2874, 0
2875, 24
2876, 25
2877, 23
2878, 24
2879, 24
2880, 25
2881, 25
2882, 24
2883, 25
2884, 24
2885, 23
2886, 22
2887, 24
2888, 24
2889, 22
2890, 22
2891, 22
2892, 22
2893, 23
2894, 25
2895, 24
2896, 24
2897, 24
2898, 23
2899, 25
2900, 23
2901, 22
2902, 24
2903, 23
2904, 0
2905, 0
2906, 0
2907, 0
2908, 15
2909, 16
2910, 16
2911, 16
2912, 16
2913, 15
2914, 17
2915, 16
2916, 14
2917, 14
2918, 15
2919, 15
2920, 18
2921, 17
2922, 17
2923, 0
2924, 14
2925, 17
2926, 15
2927, 13
2928, 15
2929, 15
2930, 15
2931, 16
2932, 17
2933, 17
2934, 16
2935, 15
2936, 16
2937, 16
2938, 17
2939, 18
2940, 16
2941, 17
2942, 16
2943, 18
2944, 18
2945, 0
2946, 16
2947, 15
2948, 0
2949, 19
2950, 0
2951, 15
2952, 16
2953, 16
2954, 15
2955, 17
2956, 18
2957, 0
2958, 16
2959, 15
2960, 16
2961, 16
2962, 0
2963, 20
2964, 0
2965, 0
2966, 0
2967, 17
2968, 18
2969, 17
2970, 18
2971, 25
2972, 24
2973, 23
2974, 23
2975, 25
2976, 23
2977, 23
2978, 28
2979, 32
2980, 31
2981, 31
2982, 31
2983, 32
2984, 0
2985, 0
2986, 25
2987, 24
2988, 23
2989, 22
2990, 24
2991, 24
2992, 0
2993, 0
2994, 17
2995, 0
2996, 13
2997, 14
2998, 14
2999, 15
3000, 16
3001, 17
3002, 16
3003, 0
3004, 17
3005, 0
3006, 0
3007, 18
3008, 0
3009, 0
3010, 0
3011, 0
3012, 18
3013, 0
3014, 15
3015, 15
3016, 16
3017, 16
3018, 16
3019, 17
3020, 16
3021, 16
3022, 17
3023, 17
3024, 16
3025, 15
3026, 14
3027, 14
3028, 16
3029, 15
3030, 15
3031, 16
3032, 17
3033, 14
3034, 15
3035, 18
3036, 17
3037, 16
3038, 16
3039, 16
3040, 17
3041, 18
3042, 24
3043, 26
3044, 27
3045, 32
3046, 33
3047, 32
3048, 31
3049, 31
3050, 32
3051, 31
3052, 31
3053, 33
3054, 33
3055, 33
3056, 0
3057, 0
3058, 0
3059, 15
3060, 15
3061, 14
3062, 15
3063, 15
3064, 14
3065, 16
3066, 16
3067, 15
3068, 14
3069, 15
3070, 17
3071, 17
3072, 16
3073, 13
3074, 13
3075, 15
3076, 13
3077, 15
3078, 16
3079, 15
3080, 0
3081, 17
3082, 0
3083, 15
3084, 14
3085, 15
3086, 17
3087, 17
3088, 17
3089, 17
3090, 16
3091, 16
3092, 16
3093, 16
3094, 17
3095, 15
3096, 16
3097, 18
3098, 21
3099, 32
3100, 31
3101, 33
3102, 30
3103, 29
3104, 31
3105, 31
3106, 32
3107, 32
3108, 31
3109, 31
3110, 30
3111, 30
3112, 0
3113, 0
3114, 0
3115, 0
3116, 15
3117, 17
3118, 16
3119, 16
3120, 18
3121, 18
3122, 16
3123, 15
3124, 16
3125, 15
3126, 15
3127, 14
3128, 0
3129, 18
3130, 0
3131, 16
3132, 16
3133, 16
3134, 16
3135, 16
3136, 16
3137, 16
3138, 0
3139, 27
3140, 0
3141, 0
3142, 26
3143, 26
3144, 24
3145, 25
3146, 29
3147, 32
3148, 32
3149, 31
3150, 30
3151, 30
3152, 0
3153, 0
3154, 16
3155, 15
3156, 16
3157, 17
3158, 17
3159, 16
3160, 17
3161, 15
3162, 16
3163, 16
3164, 15
3165, 16
3166, 16
3167, 15
3168, 17
3169, 17
3170, 16
3171, 15
3172, 16
3173, 16
3174, 18
3175, 0
3176, 15
3177, 18
3178, 23
3179, 30
3180, 29
3181, 0
3182, 33
3183, 32
3184, 32
3185, 32
3186, 31
3187, 32
3188, 33
3189, 32
3190, 32
3191, 30
3192, 0
3193, 0
3194, 0
3195, 0
3196, 23
3197, 24
3198, 24
3199, 22
3200, 0
3201, 0
3202, 15
3203, 17
3204, 16
3205, 16
3206, 16
3207, 15
3208, 14
3209, 15
3210, 19
3211, 31
3212, 32
3213, 32
3214, 34
3215, 31
3216, 31
3217, 33
3218, 32
3219, 31
3220, 31
3221, 31
3222, 31
3223, 32
3224, 0
3225, 22
3226, 22
3227, 23
3228, 22
3229, 22
3230, 22
3231, 0
3232, 0
3233, 0
3234, 0
3235, 16
3236, 15
3237, 0
3238, 17
3239, 16
3240, 16
3241, 18
3242, 21
3243, 33
3244, 32
3245, 30
3246, 30
3247, 31
3248, 0
3249, 0
3250, 25
3251, 23
3252, 24
3253, 22
3254, 25
3255, 25
3256, 0
3257, 0
3258, 17
3259, 16
3260, 16
3261, 14
3262, 16
3263, 17
3264, 18
3265, 15
3266, 15
3267, 17
3268, 16
3269, 0
3270, 20
3271, 0
3272, 16
3273, 18
3274, 25
3275, 30
3276, 29
3277, 33
3278, 32
3279, 31
3280, 0
3281, 0
3282, 24
3283, 24
3284, 24
3285, 23
3286, 24
3287, 23
3288, 0
3289, 0
3290, 16
3291, 16
3292, 17
3293, 17
3294, 0
3295, 0
3296, 18
3297, 16
3298, 16
3299, 0
3300, 26
3301, 26
3302, 0
3303, 24
3304, 0
3305, 0
3306, 0
3307, 23
3308, 24
3309, 0
3310, 24
3311, 0
3312, 0
3313, 0
3314, 15
3315, 24
3316, 26
3317, 27
3318, 0
3319, 0
3320, 27
3321, 26
3322, 0
3323, 25
3324, 25
3325, 24
3326, 24
3327, 23
3328, 24
3329, 25
3330, 0
3331, 34
3332, 34
3333, 0
3334, 0
3335, 33
3336, 0
3337, 0
3338, 25
3339, 24
3340, 24
3341, 24
3342, 24
3343, 24
3344, 0
3345, 0
3346, 16
3347, 18
3348, 22
3349, 23
3350, 24
3351, 26
3352, 0
3353, 0
3354, 19
3355, 25
3356, 25
3357, 25
3358, 0
3359, 0
3360, 27
3361, 23
3362, 23
3363, 24
3364, 24
3365, 24
3366, 24
3367, 24
3368, 0
3369, 0
3370, 17
3371, 23
3372, 22
3373, 24
3374, 25
3375, 0
3376, 0
3377, 0
3378, 0
3379, 24
3380, 24
3381, 23
3382, 24
3383, 23
3384, 23
3385, 25
3386, 23
3387, 21
3388, 22
3389, 23
3390, 23
3391, 23
3392, 0
3393, 0
3394, 20
3395, 35
3396, 0
3397, 33
3398, 32
3399, 0
3400, 0
3401, 0
3402, 24
3403, 24
3404, 26
3405, 26
3406, 0
3407, 24
3408, 23
3409, 23
3410, 25
3411, 30
3412, 33
3413, 32
3414, 32
3415, 33
3416, 0
3417, 24
3418, 28
3419, 32
3420, 32
3421, 32
3422, 30
3423, 32
3424, 0
3425, 0
3426, 25
3427, 23
3428, 23
3429, 24
3430, 24
3431, 24
3432, 0
3433, 0
3434, 0
3435, 24
3436, 23
3437, 24
3438, 24
3439, 23
3440, 24
3441, 25
3442, 31
3443, 35
3444, 0
3445, 30
3446, 30
3447, 31
3448, 0
3449, 0
3450, 18
3451, 16
3452, 15
3453, 16
3454, 16
3455, 16
3456, 17
3457, 17
3458, 0
3459, 25
3460, 0
3461, 37
3462, 0
3463, 0
3464, 0
3465, 0
3466, 25
3467, 23
3468, 24
3469, 25
3470, 23
3471, 25
3472, 0
3473, 19
3474, 23
3475, 0
3476, 34
3477, 0
3478, 31
3479, 32
3480, 0
3481, 0
3482, 23
3483, 24
3484, 22
3485, 22
3486, 0
3487, 23
3488, 0
3489, 0
3490, 18
3491, 25
3492, 24
3493, 24
3494, 24
3495, 24
3496, 24
3497, 24
3498, 26
3499, 33
3500, 30
3501, 29
3502, 31
3503, 31
3504, 0
3505, 0
3506, 24
3507, 26
3508, 32
3509, 32
3510, 32
3511, 33
3512, 0
3513, 0
3514, 24
3515, 0
3516, 34
3517, 0
3518, 30
3519, 31
3520, 0
3521, 0
3522, 24
3523, 24
3524, 24
3525, 26
3526, 24
3527, 23
3528, 0
3529, 0
3530, 0
3531, 0
3532, 24
3533, 25
3534, 25
3535, 24
3536, 0
3537, 0
3538, 18
3539, 16
3540, 16
3541, 15
3542, 0
3543, 15
3544, 17
3545, 17
3546, 18
3547, 23
3548, 25
3549, 25
3550, 24
3551, 24
3552, 0
3553, 0
3554, 21
3555, 22
3556, 23
3557, 25
3558, 24
3559, 24
3560, 0
3561, 0
3562, 24
3563, 25
3564, 23
3565, 23
3566, 26
3567, 0
3568, 0
3569, 0
3570, 28
3571, 0
3572, 25
3573, 32
3574, 32
3575, 33
3576, 0
3577, 26
3578, 28
3579, 40
3580, 40
3581, 38
3582, 38
3583, 39
3584, 0
3585, 30
3586, 31
3587, 32
3588, 31
3589, 32
3590, 33
3591, 32
3592, 0
3593, 0
3594, 25
3595, 30
3596, 33
3597, 33
3598, 0
3599, 0
3600, 32
3601, 0
3602, 33
3603, 32
3604, 33
3605, 33
3606, 31
3607, 32
3608, 0
3609, 0
3610, 19
3611, 26
3612, 29
3613, 29
3614, 31
3615, 30
3616, 0
3617, 0
3618, 0
3619, 32
3620, 34
3621, 34
3622, 0
3623, 0
3624, 0
3625, 0
3626, 24
3627, 33
3628, 31
3629, 30
3630, 30
3631, 31
3632, 0
3633, 25
3634, 28
3635, 31
3636, 0
3637, 33
3638, 0
3639, 32
3640, 0
3641, 0
3642, 29
3643, 30
3644, 31
3645, 31
3646, 0
3647, 34
3648, 0
3649, 27
3650, 30
3651, 40
3652, 38
3653, 39
3654, 42
3655, 40
3656, 0
3657, 0
3658, 25
3659, 32
3660, 32
3661, 33
3662, 0
3663, 31
3664, 32
3665, 33
3666, 40
3667, 40
3668, 40
3669, 0
3670, 41
3671, 39
3672, 0
3673, 0
3674, 23
3675, 31
3676, 33
3677, 32
3678, 32
3679, 29
3680, 0
3681, 0
3682, 26
3683, 31
3684, 0
3685, 34
3686, 0
3687, 30
3688, 0
3689, 0
3690, 27
3691, 34
3692, 0
3693, 43
3694, 0
3695, 39
3696, 0
3697, 0
3698, 0
3699, 41
3700, 42
3701, 41
3702, 0
3703, 0
3704, 0
3705, 0
3706, 0
3707, 40
3708, 41
3709, 40
3710, 40
3711, 39
3712, 0
3713, 0
3714, 0
3715, 41
3716, 41
3717, 41
3718, 40
3719, 40
3720, 0
3721, 0
3722, 0
3723, 0
3724, 40
3725, 40
3726, 37
3727, 38
3728, 0
3729, 0
3730, 31
3731, 33
3732, 41
3733, 43
3734, 43
3735, 0
3736, 0
3737, 0
3738, 24
3739, 26
3740, 32
3741, 33
3742, 0
3743, 31
3744, 30
3745, 32
3746, 35
3747, 34
3748, 41
3749, 40
3750, 39
3751, 40
3752, 0
3753, 0
3754, 0
3755, 41
3756, 40
3757, 0
3758, 39
3759, 0
3760, 0
3761, 0
3762, 0
3763, 38
3764, 39
3765, 39
3766, 40
3767, 40
3768, 0
3769, 0
3770, 0
3771, 48
3772, 47
3773, 48
3774, 48
3775, 49
3776, 0
3777, 0
3778, 37
3779, 48
3780, 50
3781, 50
3782, 47
3783, 48
3784, 0
3785, 0
3786, 30
3787, 0
3788, 31
3789, 31
3790, 31
3791, 33
3792, 0
3793, 0
3794, 28
3795, 34
3796, 41
3797, 40
3798, 0
3799, 0
3800, 0
3801, 0
3802, 40
3803, 49
3804, 50
3805, 49
3806, 49
3807, 0
3808, 0
3809, 0
3810, 0
3811, 41
3812, 40
3813, 0
3814, 41
3815, 0
3816, 0
3817, 0
3818, 26
3819, 32
3820, 33
3821, 33
3822, 0
3823, 0
3824, 0
3825, 37
3826, 0
3827, 0
3828, 50
3829, 0
3830, 48
3831, 47
3832, 0
3833, 0
3834, 46
3835, 48
3836, 48
3837, 0
3838, 49
3839, 49
3840, 0
3841, 0
3842, 0
3843, 39
3844, 41
3845, 39
3846, 40
3847, 0
3848, 45
3849, 0
3850, 0
3851, 45
3852, 47
3853, 49
3854, 48
3855, 47
3856, 0
3857, 0
3858, 37
3859, 48
3860, 49
3861, 48
3862, 47
3863, 47
3864, 0
3865, 0
3866, 34
3867, 42
3868, 48
3869, 48
3870, 48
3871, 49
3872, 0
3873, 0
3874, 0
3875, 41
3876, 41
3877, 0
3878, 42
3879, 0
3880, 0
3881, 0
3882, 0
3883, 38
3884, 41
3885, 41
3886, 41
3887, 38
3888, 0
3889, 0
3890, 22
3891, 0
3892, 49
3893, 51
3894, 0
3895, 46
3896, 0
3897, 40
3898, 45
3899, 0
3900, 0
3901, 50
3902, 0
3903, 48
3904, 0
3905, 0
3906, 0
3907, 0
3908, 0
3909, 0
3910, 45
3911, 49
3912, 0
3913, 0
3914, 0
3915, 49
3916, 50
3917, 47
3918, 49
3919, 48
3920, 0
3921, 0
3922, 36
3923, 0
3924, 49
3925, 49
3926, 48
3927, 48
3928, 0
3929, 0
3930, 0
3931, 46
3932, 48
3933, 47
3934, 47
3935, 45
3936, 46
3937, 48
3938, 57
3939, 63
3940, 65
3941, 66
3942, 64
3943, 64
3944, 0
3945, 0
3946, 55
3947, 54
3948, 57
3949, 57
3950, 55
3951, 55
3952, 0
3953, 0
3954, 51
3955, 0
3956, 58
3957, 56
3958, 55
3959, 56
3960, 0
3961, 0
3962, 0
3963, 57
3964, 57
3965, 56
3966, 54
3967, 56
3968, 0
3969, 0
3970, 46
3971, 56
3972, 56
3973, 54
3974, 54
3975, 55
3976, 0
3977, 0
3978, 0
3979, 57
3980, 57
3981, 57
3982, 57
3983, 56
3984, 0
3985, 0
3986, 0
3987, 57
3988, 54
3989, 56
3990, 56
3991, 54
3992, 0
3993, 0
3994, 45
3995, 51
3996, 56
3997, 54
3998, 53
3999, 55
4000, 0
4001, 0
4002, 0
4003, 55
4004, 57
4005, 57
4006, 56
4007, 56
4008, 0
4009, 0
4010, 46
4011, 53
4012, 56
4013, 55
4014, 54
4015, 54
4016, 0
4017, 0
4018, 43
4019, 58
4020, 0
4021, 0
4022, 56
4023, 0
4024, 0
4025, 0
4026, 43
4027, 55
4028, 55
4029, 55
4030, 0
4031, 58
4032, 0
4033, 0
4034, 46
4035, 56
4036, 56
4037, 55
4038, 57
4039, 57
4040, 0
4041, 0
4042, 50
4043, 57
4044, 0
4045, 0
4046, 58
4047, 0
4048, 0
4049, 0
4050, 41
4051, 55
4052, 56
4053, 56
4054, 0
4055, 58
4056, 0
4057, 0
4058, 0
4059, 55
4060, 56
4061, 56
4062, 0
4063, 59
4064, 0
4065, 0
4066, 43
4067, 56
4068, 55
4069, 55
4070, 56
4071, 57
4072, 0
4073, 0
4074, 45
4075, 55
4076, 55
4077, 55
4078, 55
4079, 55
4080, 0
4081, 0
4082, 47
4083, 48
4084, 56
4085, 56
4086, 55
4087, 57
4088, 0
4089, 0
4090, 62
4091, 66
4092, 0
4093, 0
4094, 66
4095, 0
4096, 0
4097, 0
4098, 51
4099, 64
4100, 66
4101, 63
4102, 62
4103, 65
4104, 0
4105, 0
4106, 58
4107, 64
4108, 62
4109, 62
4110, 62
4111, 62
4112, 0
4113, 0
4114, 48
4115, 58
4116, 64
4117, 64
4118, 64
4119, 62
4120, 0
4121, 0
4122, 0
4123, 56
4124, 56
4125, 56
4126, 54
4127, 0
4128, 0
4129, 0
4130, 0
4131, 64
4132, 65
4133, 64
4134, 64
4135, 64
4136, 0
4137, 0
4138, 45
4139, 55
4140, 54
4141, 55
4142, 56
4143, 57
4144, 0
4145, 0
4146, 57
4147, 71
4148, 73
4149, 73
4150, 71
4151, 69
4152, 0
4153, 0
4154, 48
4155, 55
4156, 56
4157, 56
4158, 0
4159, 57
4160, 0
4161, 50
4162, 59
4163, 64
4164, 72
4165, 73
4166, 71
4167, 72
4168, 0
4169, 0
4170, 0
4171, 61
4172, 81
4173, 83
4174, 0
4175, 0
4176, 0
4177, 0
4178, 0
4179, 86
4180, 88
4181, 88
4182, 87
4183, 88
4184, 0
4185, 0
4186, 53
4187, 0
4188, 58
4189, 66
4190, 0
4191, 64
4192, 0
4193, 0
4194, 53
4195, 72
4196, 73
4197, 72
4198, 72
4199, 72
4200, 0
4201, 0
4202, 53
4203, 63
4204, 71
4205, 70
4206, 0
4207, 76
4208, 0
4209, 0
4210, 55
4211, 71
4212, 0
4213, 82
4214, 0
4215, 78
4216, 0
4217, 0
4218, 0
4219, 72
4220, 74
4221, 73
4222, 0
4223, 70
4224, 0
4225, 0
4226, 0
4227, 0
4228, 71
4229, 73
4230, 73
4231, 70
4232, 0
4233, 0
4234, 58
4235, 68
4236, 81
4237, 80
4238, 79
4239, 79
4240, 0
4241, 0
4242, 0
4243, 71
4244, 0
4245, 80
4246, 80
4247, 81
4248, 0
4249, 0
4250, 70
4251, 78
4252, 80
4253, 82
4254, 0
4255, 79
4256, 0
4257, 0
4258, 0
4259, 67
4260, 72
4261, 70
4262, 69
4263, 72
4264, 0
4265, 0
4266, 65
4267, 78
4268, 79
4269, 80
4270, 81
4271, 80
4272, 0
4273, 0
4274, 0
4275, 63
4276, 64
4277, 71
4278, 0
4279, 75
4280, 0
4281, 0
4282, 62
4283, 100
4284, 111
4285, 113
4286, 112
4287, 112
4288, 0
4289, 0
4290, 0
4291, 0
4292, 0
4293, 0
4294, 0
4295, 0
4296, 0
4297, 0
4298, 0
4299, 80
4300, 80
4301, 83
4302, 0
4303, 0
4304, 0
4305, 0
4306, 0
4307, 89
4308, 0
4309, 90
4310, 0
4311, 88
4312, 0
4313, 0
4314, 0
4315, 0
4316, 0
4317, 0
4318, 0
4319, 0
4320, 0
4321, 0
4322, 0
4323, 0
4324, 0
4325, 0
4326, 0
4327, 0
4328, 0
4329, 0
4330, 0
4331, 54
4332, 65
4333, 65
4334, 0
4335, 0
4336, 0
4337, 0
4338, 72
4339, 90
4340, 88
4341, 89
4342, 90
4343, 88
4344, 0
4345, 0
4346, 0
4347, 80
4348, 80
4349, 79
4350, 78
4351, 80
4352, 0
4353, 0
4354, 56
4355, 0
4356, 66
4357, 66
4358, 0
4359, 64
4360, 0
4361, 0
4362, 0
4363, 79
4364, 77
4365, 78
4366, 79
4367, 79
4368, 0
4369, 0
4370, 0
4371, 0
4372, 0
4373, 0
4374, 0
4375, 0
4376, 0
4377, 0
4378, 0
4379, 91
4380, 94
4381, 93
4382, 94
4383, 94
4384, 0
4385, 0
4386, 0
4387, 102
4388, 104
4389, 104
4390, 103
4391, 105
4392, 0
4393, 0
4394, 0
4395, 0
4396, 0
4397, 0
4398, 0
4399, 0
4400, 0
4401, 0
4402, 0
4403, 0
4404, 0
4405, 0
4406, 0
4407, 0
4408, 0
4409, 0
4410, 0
4411, 87
4412, 86
4413, 0
4414, 89
4415, 0
4416, 0
4417, 0
4418, 0
4419, 52
4420, 64
4421, 63
4422, 0
4423, 0
4424, 0
4425, 0
4426, 0
4427, 0
4428, 105
4429, 104
4430, 104
4431, 104
4432, 0
4433, 0
4434, 0
4435, 87
4436, 89
4437, 104
4438, 103
4439, 104
4440, 0
4441, 0
4442, 0
4443, 110
4444, 113
4445, 114
4446, 0
4447, 111
4448, 0
4449, 0
4450, 0
4451, 0
4452, 112
4453, 111
4454, 111
4455, 112
4456, 0
4457, 0
4458, 73
4459, 119
4460, 119
4461, 118
4462, 118
4463, 119
4464, 0
4465, 0
4466, 0
4467, 103
4468, 121
4469, 121
4470, 118
4471, 0
4472, 0
4473, 0
4474, 0
4475, 89
4476, 98
4477, 106
4478, 118
4479, 120
4480, 0
4481, 0
4482, 0
4483, 106
4484, 0
4485, 121
4486, 0
4487, 118
4488, 0
4489, 0
4490, 0
4491, 0
4492, 0
4493, 111
4494, 111
4495, 112
4496, 0
4497, 0
4498, 0
4499, 102
4500, 101
4501, 103
4502, 103
4503, 102
4504, 0
4505, 0
4506, 0
4507, 64
4508, 64
4509, 65
4510, 64
4511, 64
4512, 0
4513, 0
4514, 38
4515, 57
4516, 130
4517, 131
4518, 0
4519, 129
4520, 0
4521, 0
4522, 95
4523, 128
4524, 160
4525, 159
4526, 160
4527, 161
4528, 0
4529, 0
4530, 0
4531, 132
4532, 222
4533, 222
4534, 224
4535, 223
4536, 0
4537, 0
4538, 0
4539, 218
4540, 264
4541, 262
4542, 263
4543, 264
4544, 0
4545, 0
4546, 0
4547, 0
4548, 0
4549, 0
4550, 0
4551, 0
4552, 0
4553, 0
4554, 0
4555, 0
