0, 0
1, 0
2, 0
3, 56
4, 56
5, 56
6, 56
7, 56
8, 56
9, 0
10, 54
11, 0
12, 56
13, 56
14, 57
15, 56
16, 55
17, 56
18, 57
19, 55
20, 56
21, 56
22, 56
23, 56
24, 59
25, 59
26, 56
27, 55
28, 55
29, 0
30, 0
31, 54
32, 0
33, 56
34, 0
35, 53
36, 53
37, 0
38, 56
39, 56
40, 56
41, 56
42, 55
43, 56
44, 58
45, 56
46, 57
47, 57
48, 55
49, 56
50, 57
51, 57
52, 56
53, 55
54, 56
55, 56
56, 56
57, 56
58, 56
59, 56
60, 56
61, 56
62, 56
63, 56
64, 56
65, 56
66, 56
67, 56
68, 56
69, 56
70, 56
71, 57
72, 56
73, 56
74, 56
75, 56
76, 57
77, 56
78, 56
79, 56
80, 56
81, 0
82, 55
83, 0
84, 56
85, 57
86, 57
87, 56
88, 56
89, 56
90, 56
91, 56
92, 55
93, 56
94, 56
95, 56
96, 55
97, 55
98, 56
99, 56
100, 56
101, 57
102, 57
103, 56
104, 56
105, 57
106, 56
107, 56
108, 56
109, 56
110, 55
111, 56
112, 56
113, 57
114, 56
115, 55
116, 57
117, 56
118, 55
119, 55
120, 56
121, 56
122, 56
123, 56
124, 57
125, 57
126, 56
127, 56
128, 55
129, 56
130, 56
131, 55
132, 55
133, 54
134, 56
135, 57
136, 56
137, 0
138, 0
139, 0
140, 0
141, 54
142, 0
143, 57
144, 56
145, 57
146, 57
147, 55
148, 56
149, 56
150, 56
151, 56
152, 56
153, 58
154, 56
155, 56
156, 57
157, 56
158, 56
159, 56
160, 55
161, 56
162, 56
163, 56
164, 55
165, 55
166, 56
167, 56
168, 56
169, 56
170, 56
171, 56
172, 56
173, 56
174, 0
175, 54
176, 54
177, 0
178, 56
179, 55
180, 55
181, 54
182, 55
183, 57
184, 56
185, 56
186, 56
187, 55
188, 56
189, 57
190, 56
191, 58
192, 57
193, 56
194, 56
195, 56
196, 57
197, 59
198, 57
199, 55
200, 55
201, 55
202, 56
203, 57
204, 56
205, 55
206, 0
207, 0
208, 54
209, 0
210, 56
211, 56
212, 56
213, 55
214, 56
215, 56
216, 56
217, 56
218, 55
219, 55
220, 55
221, 56
222, 56
223, 56
224, 56
225, 57
226, 57
227, 56
228, 57
229, 56
230, 55
231, 57
232, 56
233, 55
234, 56
235, 57
236, 57
237, 56
238, 57
239, 55
240, 55
241, 57
242, 56
243, 56
244, 57
245, 0
246, 54
247, 0
248, 56
249, 55
250, 56
251, 56
252, 56
253, 55
254, 57
255, 57
256, 56
257, 56
258, 57
259, 56
260, 56
261, 55
262, 56
263, 0
264, 58
265, 0
266, 54
267, 0
268, 57
269, 55
270, 55
271, 56
272, 55
273, 55
274, 56
275, 56
276, 56
277, 55
278, 56
279, 0
280, 55
281, 54
282, 55
283, 55
284, 55
285, 57
286, 56
287, 56
288, 56
289, 56
290, 56
291, 56
292, 57
293, 56
294, 56
295, 56
296, 54
297, 55
298, 55
299, 56
300, 56
301, 56
302, 57
303, 57
304, 56
305, 57
306, 58
307, 55
308, 56
309, 56
310, 56
311, 0
312, 54
313, 0
314, 56
315, 56
316, 56
317, 54
318, 0
319, 0
320, 0
321, 0
322, 0
323, 0
324, 0
325, 0
326, 0
327, 0
328, 0
329, 0
330, 0
331, 0
332, 0
333, 0
334, 0
335, 0
336, 0
337, 0
338, 0
339, 0
340, 0
341, 0
342, 0
343, 0
344, 0
345, 0
346, 0
347, 0
348, 0
349, 0
350, 0
351, 0
352, 0
353, 0
354, 0
355, 55
356, 57
357, 56
358, 55
359, 55
360, 0
361, 0
362, 0
363, 168
364, 169
365, 168
366, 168
367, 169
368, 0
369, 0
370, 113
371, 112
372, 111
373, 0
374, 113
375, 0
376, 0
377, 0
378, 0
379, 0
380, 0
381, 0
382, 0
383, 0
384, 0
385, 0
386, 0
387, 0
388, 48
389, 47
390, 48
391, 47
392, 48
393, 44
394, 41
395, 38
396, 38
397, 41
398, 40
399, 40
400, 0
401, 0
402, 0
403, 0
404, 64
405, 64
406, 64
407, 64
408, 65
409, 57
410, 55
411, 55
412, 55
413, 57
414, 58
415, 56
416, 55
417, 0
418, 54
419, 0
420, 56
421, 0
422, 55
423, 0
424, 0
425, 47
426, 48
427, 46
428, 0
429, 49
430, 47
431, 49
432, 48
433, 48
434, 56
435, 55
436, 54
437, 55
438, 56
439, 56
440, 58
441, 61
442, 67
443, 64
444, 65
445, 0
446, 0
447, 0
448, 0
449, 58
450, 55
451, 0
452, 54
453, 57
454, 56
455, 55
456, 55
457, 48
458, 55
459, 55
460, 0
461, 55
462, 0
463, 56
464, 55
465, 58
466, 56
467, 55
468, 56
469, 57
470, 57
471, 54
472, 55
473, 57
474, 55
475, 56
476, 58
477, 58
478, 55
479, 55
480, 56
481, 57
482, 54
483, 56
484, 57
485, 57
486, 57
487, 0
488, 53
489, 0
490, 65
491, 64
492, 64
493, 62
494, 64
495, 64
496, 63
497, 62
498, 62
499, 64
500, 63
501, 64
502, 0
503, 63
504, 63
505, 0
506, 64
507, 63
508, 65
509, 64
510, 63
511, 0
512, 0
513, 56
514, 0
515, 58
516, 55
517, 56
518, 58
519, 57
520, 55
521, 55
522, 58
523, 55
524, 54
525, 56
526, 57
527, 55
528, 55
529, 57
530, 56
531, 55
532, 56
533, 54
534, 56
535, 0
536, 55
537, 55
538, 0
539, 0
540, 64
541, 0
542, 64
543, 65
544, 63
545, 63
546, 64
547, 64
548, 64
549, 64
550, 65
551, 65
552, 0
553, 0
554, 76
555, 73
556, 73
557, 70
558, 0
559, 0
560, 68
561, 0
562, 0
563, 71
564, 72
565, 0
566, 70
567, 0
568, 71
569, 63
570, 64
571, 65
572, 63
573, 64
574, 0
575, 63
576, 0
577, 65
578, 66
579, 64
580, 64
581, 64
582, 65
583, 0
584, 61
585, 0
586, 0
587, 0
588, 62
589, 0
590, 64
591, 63
592, 62
593, 63
594, 64
595, 65
596, 64
597, 64
598, 0
599, 62
600, 62
601, 0
602, 67
603, 64
604, 66
605, 64
606, 63
607, 0
608, 62
609, 0
610, 67
611, 66
612, 63
613, 63
614, 65
615, 64
616, 63
617, 64
618, 65
619, 63
620, 64
621, 64
622, 63
623, 65
624, 62
625, 63
626, 63
627, 63
628, 64
629, 66
630, 65
631, 0
632, 62
633, 0
634, 0
635, 62
636, 60
637, 0
638, 63
639, 64
640, 64
641, 64
642, 63
643, 62
644, 64
645, 64
646, 63
647, 65
648, 65
649, 64
650, 64
651, 64
652, 64
653, 63
654, 63
655, 63
656, 65
657, 65
658, 65
659, 66
660, 64
661, 64
662, 66
663, 65
664, 63
665, 64
666, 66
667, 65
668, 65
669, 64
670, 0
671, 61
672, 61
673, 0
674, 64
675, 64
676, 65
677, 63
678, 64
679, 64
680, 64
681, 65
682, 64
683, 66
684, 64
685, 63
686, 64
687, 64
688, 64
689, 57
690, 58
691, 56
692, 57
693, 55
694, 56
695, 56
696, 0
697, 0
698, 64
699, 63
700, 64
701, 65
702, 64
703, 64
704, 67
705, 66
706, 65
707, 64
708, 64
709, 64
710, 64
711, 63
712, 65
713, 64
714, 63
715, 64
716, 64
717, 64
718, 65
719, 63
720, 0
721, 0
722, 65
723, 63
724, 63
725, 63
726, 62
727, 64
728, 65
729, 64
730, 65
731, 65
732, 63
733, 63
734, 63
735, 62
736, 63
737, 63
738, 66
739, 64
740, 65
741, 63
742, 63
743, 62
744, 0
745, 0
746, 71
747, 71
748, 72
749, 71
750, 0
751, 0
752, 0
753, 0
754, 0
755, 0
756, 72
757, 0
758, 71
759, 0
760, 72
761, 64
762, 64
763, 64
764, 63
765, 65
766, 65
767, 64
768, 64
769, 64
770, 62
771, 65
772, 64
773, 63
774, 65
775, 64
776, 0
777, 0
778, 64
779, 62
780, 63
781, 64
782, 0
783, 65
784, 63
785, 63
786, 66
787, 65
788, 65
789, 64
790, 62
791, 62
792, 0
793, 0
794, 70
795, 0
796, 74
797, 72
798, 73
799, 73
800, 73
801, 0
802, 62
803, 0
804, 63
805, 68
806, 66
807, 62
808, 64
809, 65
810, 64
811, 64
812, 67
813, 64
814, 63
815, 62
816, 64
817, 66
818, 64
819, 63
820, 66
821, 65
822, 64
823, 64
824, 0
825, 0
826, 72
827, 71
828, 72
829, 72
830, 72
831, 73
832, 72
833, 67
834, 63
835, 65
836, 65
837, 64
838, 65
839, 64
840, 64
841, 64
842, 64
843, 64
844, 65
845, 66
846, 64
847, 64
848, 0
849, 0
850, 72
851, 71
852, 72
853, 72
854, 72
855, 72
856, 0
857, 0
858, 73
859, 73
860, 71
861, 71
862, 73
863, 72
864, 70
865, 67
866, 64
867, 64
868, 66
869, 63
870, 64
871, 66
872, 64
873, 64
874, 66
875, 63
876, 64
877, 66
878, 66
879, 64
880, 0
881, 0
882, 83
883, 81
884, 80
885, 81
886, 79
887, 79
888, 80
889, 67
890, 65
891, 64
892, 64
893, 0
894, 62
895, 62
896, 66
897, 65
898, 66
899, 66
900, 64
901, 65
902, 67
903, 65
904, 0
905, 0
906, 0
907, 80
908, 78
909, 0
910, 0
911, 81
912, 79
913, 65
914, 64
915, 0
916, 61
917, 0
918, 0
919, 0
920, 66
921, 65
922, 65
923, 65
924, 64
925, 62
926, 64
927, 64
928, 0
929, 0
930, 80
931, 80
932, 81
933, 79
934, 0
935, 80
936, 81
937, 66
938, 62
939, 64
940, 64
941, 64
942, 65
943, 64
944, 64
945, 64
946, 0
947, 62
948, 0
949, 64
950, 63
951, 64
952, 0
953, 78
954, 0
955, 82
956, 80
957, 79
958, 81
959, 80
960, 80
961, 74
962, 71
963, 71
964, 71
965, 70
966, 0
967, 0
968, 68
969, 0
970, 0
971, 64
972, 64
973, 65
974, 65
975, 63
976, 0
977, 0
978, 0
979, 80
980, 81
981, 80
982, 78
983, 80
984, 80
985, 70
986, 65
987, 64
988, 65
989, 65
990, 65
991, 65
992, 0
993, 0
994, 72
995, 71
996, 73
997, 73
998, 70
999, 72
1000, 0
1001, 0
1002, 72
1003, 74
1004, 75
1005, 75
1006, 72
1007, 0
1008, 0
1009, 54
1010, 54
1011, 0
1012, 57
1013, 58
1014, 57
1015, 56
1016, 0
1017, 0
1018, 72
1019, 73
1020, 73
1021, 72
1022, 72
1023, 72
1024, 71
1025, 62
1026, 63
1027, 64
1028, 65
1029, 65
1030, 66
1031, 64
1032, 0
1033, 0
1034, 79
1035, 0
1036, 78
1037, 0
1038, 81
1039, 0
1040, 78
1041, 69
1042, 64
1043, 64
1044, 63
1045, 64
1046, 66
1047, 65
1048, 0
1049, 80
1050, 80
1051, 80
1052, 81
1053, 80
1054, 80
1055, 80
1056, 80
1057, 66
1058, 64
1059, 64
1060, 63
1061, 63
1062, 65
1063, 64
1064, 0
1065, 0
1066, 80
1067, 81
1068, 80
1069, 80
1070, 79
1071, 81
1072, 80
1073, 66
1074, 65
1075, 64
1076, 63
1077, 62
1078, 60
1079, 0
1080, 0
1081, 0
1082, 0
1083, 80
1084, 81
1085, 0
1086, 79
1087, 0
1088, 0
1089, 0
1090, 0
1091, 73
1092, 73
1093, 72
1094, 73
1095, 71
1096, 0
1097, 0
1098, 88
1099, 88
1100, 89
1101, 88
1102, 89
1103, 89
1104, 88
1105, 0
1106, 70
1107, 0
1108, 70
1109, 71
1110, 73
1111, 72
1112, 0
1113, 0
1114, 79
1115, 80
1116, 80
1117, 80
1118, 80
1119, 81
1120, 0
1121, 0
1122, 81
1123, 82
1124, 80
1125, 79
1126, 0
1127, 79
1128, 79
1129, 74
1130, 75
1131, 72
1132, 71
1133, 71
1134, 73
1135, 72
1136, 0
1137, 0
1138, 0
1139, 0
1140, 0
1141, 0
1142, 0
1143, 0
1144, 0
1145, 0
1146, 0
1147, 0
1148, 0
1149, 0
1150, 0
1151, 0
1152, 0
1153, 0
1154, 95
1155, 95
1156, 96
1157, 98
1158, 99
1159, 96
1160, 0
1161, 0
1162, 0
1163, 0
1164, 0
1165, 79
1166, 0
1167, 79
1168, 0
1169, 0
1170, 82
1171, 80
1172, 80
1173, 79
1174, 0
1175, 80
1176, 0
1177, 0
1178, 81
1179, 80
1180, 78
1181, 78
1182, 0
1183, 81
1184, 0
1185, 0
1186, 80
1187, 80
1188, 79
1189, 80
1190, 81
1191, 80
1192, 0
1193, 0
1194, 0
1195, 80
1196, 80
1197, 79
1198, 79
1199, 81
1200, 0
1201, 0
1202, 0
1203, 0
1204, 78
1205, 79
1206, 78
1207, 78
1208, 0
1209, 0
1210, 71
1211, 71
1212, 72
1213, 73
1214, 73
1215, 72
1216, 0
1217, 0
1218, 0
1219, 77
1220, 0
1221, 0
1222, 78
1223, 79
1224, 0
1225, 0
1226, 0
1227, 80
1228, 80
1229, 81
1230, 80
1231, 79
1232, 0
1233, 0
1234, 0
1235, 0
1236, 80
1237, 0
1238, 78
1239, 79
1240, 0
1241, 0
1242, 0
1243, 80
1244, 80
1245, 80
1246, 0
1247, 77
1248, 0
1249, 0
1250, 71
1251, 72
1252, 72
1253, 73
1254, 75
1255, 73
1256, 0
1257, 0
1258, 0
1259, 0
1260, 0
1261, 78
1262, 0
1263, 80
1264, 0
1265, 0
1266, 81
1267, 0
1268, 80
1269, 80
1270, 80
1271, 0
1272, 0
1273, 0
1274, 80
1275, 79
1276, 81
1277, 0
1278, 80
1279, 78
1280, 0
1281, 0
1282, 0
1283, 81
1284, 80
1285, 80
1286, 80
1287, 0
1288, 0
1289, 0
1290, 81
1291, 78
1292, 0
1293, 0
1294, 78
1295, 0
1296, 0
1297, 0
1298, 81
1299, 80
1300, 80
1301, 80
1302, 80
1303, 79
1304, 0
1305, 0
1306, 0
1307, 81
1308, 79
1309, 79
1310, 80
1311, 80
1312, 0
1313, 0
1314, 80
1315, 79
1316, 79
1317, 82
1318, 82
1319, 79
1320, 0
1321, 0
1322, 89
1323, 87
1324, 87
1325, 87
1326, 88
1327, 88
1328, 0
1329, 0
1330, 88
1331, 88
1332, 88
1333, 88
1334, 88
1335, 88
1336, 0
1337, 0
1338, 86
1339, 87
1340, 0
1341, 0
1342, 0
1343, 0
1344, 0
1345, 0
1346, 0
1347, 80
1348, 79
1349, 80
1350, 80
1351, 82
1352, 0
1353, 0
1354, 0
1355, 80
1356, 80
1357, 80
1358, 81
1359, 80
1360, 0
1361, 0
1362, 0
1363, 77
1364, 0
1365, 82
1366, 80
1367, 79
1368, 0
1369, 0
1370, 0
1371, 79
1372, 81
1373, 80
1374, 80
1375, 82
1376, 0
1377, 0
1378, 72
1379, 0
1380, 69
1381, 0
1382, 74
1383, 72
1384, 0
1385, 0
1386, 72
1387, 72
1388, 73
1389, 76
1390, 75
1391, 73
1392, 0
1393, 0
1394, 0
1395, 71
1396, 69
1397, 0
1398, 0
1399, 70
1400, 0
1401, 0
1402, 75
1403, 73
1404, 73
1405, 72
1406, 72
1407, 72
1408, 0
1409, 0
1410, 81
1411, 79
1412, 80
1413, 80
1414, 0
1415, 80
1416, 0
1417, 0
1418, 84
1419, 82
1420, 79
1421, 77
1422, 0
1423, 0
1424, 0
1425, 0
1426, 72
1427, 72
1428, 71
1429, 70
1430, 0
1431, 73
1432, 0
1433, 0
1434, 73
1435, 73
1436, 73
1437, 72
1438, 71
1439, 72
1440, 0
1441, 0
1442, 64
1443, 63
1444, 64
1445, 64
1446, 63
1447, 65
1448, 0
1449, 0
1450, 63
1451, 63
1452, 64
1453, 66
1454, 67
1455, 64
1456, 0
1457, 0
1458, 0
1459, 71
1460, 72
1461, 71
1462, 0
1463, 72
1464, 0
1465, 0
1466, 64
1467, 65
1468, 63
1469, 63
1470, 66
1471, 63
1472, 0
1473, 0
1474, 63
1475, 64
1476, 64
1477, 66
1478, 63
1479, 64
1480, 0
1481, 0
1482, 61
1483, 0
1484, 0
1485, 0
1486, 65
1487, 63
1488, 0
1489, 0
1490, 66
1491, 63
1492, 64
1493, 66
1494, 66
1495, 65
1496, 0
1497, 0
1498, 64
1499, 64
1500, 64
1501, 64
1502, 63
1503, 65
1504, 0
1505, 0
1506, 64
1507, 64
1508, 65
1509, 65
1510, 63
1511, 65
1512, 0
1513, 0
1514, 62
1515, 62
1516, 63
1517, 0
1518, 0
1519, 59
1520, 0
1521, 0
1522, 0
1523, 55
1524, 54
1525, 55
1526, 0
1527, 56
1528, 0
1529, 0
1530, 56
1531, 0
1532, 54
1533, 57
1534, 57
1535, 54
1536, 0
1537, 0
1538, 55
1539, 56
1540, 56
1541, 57
1542, 58
1543, 55
1544, 0
1545, 0
1546, 0
1547, 64
1548, 62
1549, 62
1550, 65
1551, 64
1552, 0
1553, 0
1554, 55
1555, 55
1556, 56
1557, 56
1558, 56
1559, 58
1560, 0
1561, 0
1562, 59
1563, 57
1564, 55
1565, 55
1566, 0
1567, 55
1568, 0
1569, 0
1570, 64
1571, 64
1572, 63
1573, 66
1574, 66
1575, 65
1576, 0
1577, 0
1578, 80
1579, 80
1580, 82
1581, 82
1582, 0
1583, 0
1584, 0
1585, 0
1586, 0
1587, 0
1588, 0
1589, 0
1590, 0
1591, 0
1592, 0
1593, 0
1594, 0
1595, 49
1596, 47
1597, 47
1598, 49
1599, 48
1600, 0
1601, 0
1602, 0
1603, 56
1604, 54
1605, 58
1606, 57
1607, 56
1608, 0
1609, 0
1610, 0
1611, 64
1612, 0
1613, 0
1614, 63
1615, 63
1616, 0
1617, 0
1618, 0
1619, 0
1620, 61
1621, 61
1622, 63
1623, 64
1624, 0
1625, 0
1626, 0
1627, 0
1628, 0
1629, 0
1630, 0
1631, 0
1632, 0
1633, 0
1634, 0
1635, 0
1636, 0
1637, 0
1638, 0
1639, 0
1640, 0
1641, 0
1642, 0
1643, 0
1644, 57
1645, 56
1646, 0
1647, 0
1648, 0
1649, 47
1650, 0
1651, 50
1652, 47
1653, 47
1654, 48
1655, 0
1656, 0
1657, 0
1658, 0
1659, 55
1660, 57
1661, 59
1662, 56
1663, 56
1664, 0
1665, 0
1666, 0
1667, 46
1668, 47
1669, 0
1670, 46
1671, 0
1672, 0
1673, 0
1674, 39
1675, 41
1676, 41
1677, 40
1678, 43
1679, 40
1680, 0
1681, 0
1682, 0
1683, 46
1684, 0
1685, 48
1686, 49
1687, 49
1688, 0
1689, 41
1690, 41
1691, 41
1692, 39
1693, 0
1694, 38
1695, 39
1696, 0
1697, 0
1698, 0
1699, 50
1700, 48
1701, 48
1702, 0
1703, 44
1704, 0
1705, 0
1706, 48
1707, 48
1708, 48
1709, 47
1710, 0
1711, 0
1712, 0
1713, 0
1714, 48
1715, 0
1716, 47
1717, 0
1718, 50
1719, 48
1720, 0
1721, 0
1722, 0
1723, 0
1724, 47
1725, 47
1726, 49
1727, 0
1728, 0
1729, 0
1730, 40
1731, 0
1732, 38
1733, 0
1734, 40
1735, 0
1736, 0
1737, 0
1738, 0
1739, 40
1740, 40
1741, 41
1742, 41
1743, 42
1744, 0
1745, 0
1746, 45
1747, 0
1748, 48
1749, 47
1750, 50
1751, 49
1752, 0
1753, 0
1754, 38
1755, 41
1756, 41
1757, 43
1758, 42
1759, 40
1760, 0
1761, 0
1762, 41
1763, 40
1764, 39
1765, 40
1766, 41
1767, 38
1768, 0
1769, 0
1770, 40
1771, 40
1772, 41
1773, 40
1774, 39
1775, 42
1776, 0
1777, 0
1778, 32
1779, 33
1780, 32
1781, 34
1782, 35
1783, 30
1784, 0
1785, 0
1786, 0
1787, 46
1788, 0
1789, 49
1790, 48
1791, 47
1792, 46
1793, 32
1794, 31
1795, 33
1796, 33
1797, 33
1798, 33
1799, 32
1800, 0
1801, 33
1802, 30
1803, 32
1804, 32
1805, 31
1806, 32
1807, 32
1808, 0
1809, 0
1810, 41
1811, 42
1812, 40
1813, 0
1814, 41
1815, 37
1816, 0
1817, 0
1818, 33
1819, 32
1820, 35
1821, 32
1822, 31
1823, 32
1824, 0
1825, 0
1826, 34
1827, 34
1828, 32
1829, 30
1830, 31
1831, 34
1832, 32
1833, 31
1834, 31
1835, 32
1836, 33
1837, 32
1838, 32
1839, 33
1840, 0
1841, 0
1842, 0
1843, 0
1844, 0
1845, 0
1846, 0
1847, 0
1848, 0
1849, 0
1850, 0
1851, 0
1852, 0
1853, 0
1854, 0
1855, 0
1856, 0
1857, 0
1858, 0
1859, 0
1860, 0
1861, 0
1862, 0
1863, 0
1864, 0
1865, 0
1866, 0
1867, 0
1868, 0
1869, 0
1870, 0
1871, 0
1872, 0
1873, 0
1874, 0
1875, 0
1876, 0
1877, 0
1878, 0
1879, 0
1880, 0
1881, 0
1882, 42
1883, 44
1884, 44
1885, 40
1886, 42
1887, 0
1888, 0
1889, 0
1890, 23
1891, 0
1892, 23
1893, 23
1894, 24
1895, 26
1896, 0
1897, 27
1898, 32
1899, 0
1900, 33
1901, 30
1902, 30
1903, 35
1904, 0
1905, 30
1906, 0
1907, 0
1908, 30
1909, 32
1910, 30
1911, 0
1912, 0
1913, 0
1914, 0
1915, 33
1916, 32
1917, 32
1918, 32
1919, 32
1920, 0
1921, 0
1922, 0
1923, 0
1924, 0
1925, 0
1926, 0
1927, 0
1928, 0
1929, 0
1930, 0
1931, 25
1932, 24
1933, 24
1934, 26
1935, 26
1936, 0
1937, 0
1938, 0
1939, 0
1940, 0
1941, 0
1942, 0
1943, 0
1944, 0
1945, 0
1946, 24
1947, 23
1948, 24
1949, 24
1950, 25
1951, 25
1952, 0
1953, 0
1954, 33
1955, 31
1956, 31
1957, 32
1958, 31
1959, 31
1960, 31
1961, 30
1962, 37
1963, 41
1964, 40
1965, 0
1966, 40
1967, 0
1968, 0
1969, 0
1970, 32
1971, 0
1972, 30
1973, 0
1974, 32
1975, 32
1976, 0
1977, 0
1978, 32
1979, 32
1980, 32
1981, 34
1982, 33
1983, 0
1984, 30
1985, 20
1986, 17
1987, 14
1988, 14
1989, 16
1990, 18
1991, 17
1992, 0
1993, 0
1994, 0
1995, 32
1996, 34
1997, 31
1998, 32
1999, 0
2000, 30
2001, 0
2002, 26
2003, 0
2004, 0
2005, 19
2006, 0
2007, 24
2008, 0
2009, 0
2010, 0
2011, 0
2012, 22
2013, 0
2014, 25
2015, 24
2016, 0
2017, 0
2018, 0
2019, 0
2020, 22
2021, 0
2022, 22
2023, 23
2024, 0
2025, 0
2026, 34
2027, 32
2028, 32
2029, 33
2030, 33
2031, 32
2032, 31
2033, 34
2034, 32
2035, 32
2036, 0
2037, 29
2038, 0
2039, 0
2040, 0
2041, 17
2042, 17
2043, 17
2044, 19
2045, 16
2046, 15
2047, 17
2048, 0
2049, 0
2050, 24
2051, 25
2052, 23
2053, 22
2054, 25
2055, 25
2056, 0
2057, 0
2058, 0
2059, 24
2060, 23
2061, 22
2062, 24
2063, 25
2064, 0
2065, 0
2066, 24
2067, 24
2068, 24
2069, 24
2070, 25
2071, 23
2072, 0
2073, 0
2074, 25
2075, 0
2076, 22
2077, 22
2078, 22
2079, 21
2080, 23
2081, 20
2082, 15
2083, 16
2084, 16
2085, 15
2086, 17
2087, 17
2088, 0
2089, 0
2090, 0
2091, 0
2092, 33
2093, 32
2094, 31
2095, 32
2096, 33
2097, 24
2098, 23
2099, 22
2100, 0
2101, 24
2102, 23
2103, 24
2104, 25
2105, 18
2106, 16
2107, 0
2108, 15
2109, 15
2110, 20
2111, 16
2112, 0
2113, 0
2114, 24
2115, 24
2116, 23
2117, 23
2118, 24
2119, 23
2120, 24
2121, 0
2122, 15
2123, 0
2124, 0
2125, 15
2126, 0
2127, 17
2128, 0
2129, 0
2130, 32
2131, 32
2132, 33
2133, 30
2134, 29
2135, 0
2136, 0
2137, 16
2138, 0
2139, 16
2140, 16
2141, 15
2142, 16
2143, 17
2144, 15
2145, 15
2146, 15
2147, 19
2148, 16
2149, 16
2150, 18
2151, 0
2152, 0
2153, 16
2154, 16
2155, 16
2156, 14
2157, 15
2158, 14
2159, 15
2160, 0
2161, 0
2162, 0
2163, 8
2164, 7
2165, 8
2166, 8
2167, 9
2168, 7
2169, 0
2170, 15
2171, 16
2172, 15
2173, 15
2174, 15
2175, 18
2176, 0
2177, 0
2178, 0
2179, 0
2180, 23
2181, 0
2182, 24
2183, 25
2184, 0
2185, 0
2186, 14
2187, 0
2188, 17
2189, 16
2190, 17
2191, 16
2192, 14
2193, 15
2194, 16
2195, 0
2196, 15
2197, 16
2198, 16
2199, 16
2200, 0
2201, 0
2202, 0
2203, 0
2204, 0
2205, 0
2206, 0
2207, 41
2208, 41
2209, 17
2210, 15
2211, 0
2212, 17
2213, 16
2214, 17
2215, 16
2216, 13
2217, 0
2218, 16
2219, 16
2220, 18
2221, 16
2222, 16
2223, 18
2224, 0
2225, 0
2226, 24
2227, 25
2228, 24
2229, 24
2230, 0
2231, 22
2232, 0
2233, 0
2234, 0
2235, 16
2236, 0
2237, 14
2238, 16
2239, 16
2240, 16
2241, 17
2242, 16
2243, 16
2244, 16
2245, 15
2246, 15
2247, 19
2248, 0
2249, 0
2250, 0
2251, 0
2252, 0
2253, 0
2254, 12
2255, 0
2256, 0
2257, 0
2258, 0
2259, 12
2260, 0
2261, 18
2262, 16
2263, 15
2264, 15
2265, 0
2266, 14
2267, 0
2268, 0
2269, 14
2270, 16
2271, 14
2272, 0
2273, 0
2274, 0
2275, 14
2276, 14
2277, 0
2278, 0
2279, 0
2280, 0
2281, 10
2282, 8
2283, 8
2284, 8
2285, 0
2286, 6
2287, 7
2288, 0
2289, 0
2290, 0
2291, 0
2292, 16
2293, 16
2294, 16
2295, 16
2296, 0
2297, 0
2298, 0
2299, 0
2300, 7
2301, 0
2302, 1
2303, 8
2304, 0
2305, 0
2306, 0
2307, 16
2308, 0
2309, 14
2310, 13
2311, 13
2312, 13
2313, 0
2314, 0
2315, 15
2316, 17
2317, 0
2318, 14
2319, 14
2320, 0
2321, 17
2322, 15
2323, 15
2324, 16
2325, 16
2326, 15
2327, 15
2328, 0
2329, 5
2330, 8
2331, 9
2332, 0
2333, 0
2334, 9
2335, 9
2336, 0
2337, 0
2338, 16
2339, 17
2340, 16
2341, 0
2342, 16
2343, 0
2344, 15
2345, 17
2346, 16
2347, 18
2348, 18
2349, 16
2350, 16
2351, 0
2352, 12
2353, 12
2354, 0
2355, 14
2356, 18
2357, 16
2358, 15
2359, 17
2360, 0
2361, 5
2362, 9
2363, 8
2364, 8
2365, 8
2366, 7
2367, 8
2368, 0
2369, 14
2370, 16
2371, 16
2372, 16
2373, 17
2374, 16
2375, 15
2376, 14
2377, 17
2378, 17
2379, 17
2380, 17
2381, 15
2382, 0
2383, 14
2384, 14
2385, 15
2386, 15
2387, 15
2388, 16
2389, 16
2390, 16
2391, 17
2392, 0
2393, 0
2394, 0
2395, 9
2396, 10
2397, 9
2398, 9
2399, 10
2400, 0
2401, 15
2402, 14
2403, 15
2404, 17
2405, 14
2406, 15
2407, 17
2408, 17
2409, 17
2410, 15
2411, 16
2412, 15
2413, 17
2414, 17
2415, 17
2416, 16
2417, 16
2418, 16
2419, 18
2420, 17
2421, 15
2422, 16
2423, 15
2424, 15
2425, 10
2426, 7
2427, 7
2428, 7
2429, 8
2430, 10
2431, 7
2432, 0
2433, 0
2434, 7
2435, 9
2436, 0
2437, 6
2438, 0
2439, 0
2440, 7
2441, 11
2442, 8
2443, 0
2444, 0
2445, 8
2446, 7
2447, 7
2448, 0
2449, 0
2450, 15
2451, 17
2452, 19
2453, 17
2454, 16
2455, 15
2456, 15
2457, 11
2458, 12
2459, 11
2460, 8
2461, 0
2462, 0
2463, 9
2464, 0
2465, 0
2466, 16
2467, 16
2468, 15
2469, 15
2470, 16
2471, 15
2472, 15
2473, 0
2474, 10
2475, 9
2476, 7
2477, 8
2478, 10
2479, 0
2480, 0
2481, 0
2482, 17
2483, 16
2484, 16
2485, 0
2486, 15
2487, 0
2488, 17
2489, 17
2490, 18
2491, 15
2492, 15
2493, 19
2494, 18
2495, 17
2496, 16
2497, 7
2498, 8
2499, 0
2500, 8
2501, 9
2502, 9
2503, 8
2504, 9
2505, 9
2506, 8
2507, 8
2508, 8
2509, 8
2510, 7
2511, 7
2512, 8
2513, 0
2514, 1
2515, 1
2516, 1
2517, 0
2518, 0
2519, 0
2520, 0
2521, 10
2522, 0
2523, 0
2524, 0
2525, 8
2526, 8
2527, 8
2528, 6
2529, 9
2530, 9
2531, 0
2532, 8
2533, 9
2534, 0
2535, 8
2536, 7
2537, 7
2538, 10
2539, 0
2540, 10
2541, 0
2542, 9
2543, 0
2544, 0
2545, 0
2546, 0
2547, 18
2548, 16
2549, 16
2550, 18
2551, 17
2552, 16
2553, 10
2554, 0
2555, 0
2556, 0
2557, 6
2558, 0
2559, 0
2560, 7
2561, 0
2562, 10
2563, 8
2564, 0
2565, 8
2566, 7
2567, 8
2568, 9
2569, 2
2570, 0
2571, 1
2572, 0
2573, 0
2574, -1
2575, 0
2576, 0
2577, 0
2578, 8
2579, 0
2580, 8
2581, 7
2582, 6
2583, 0
2584, 5
2585, 0
2586, 8
2587, 8
2588, 0
2589, 0
2590, 8
2591, 6
2592, 0
2593, 7
2594, 7
2595, 0
2596, 6
2597, 8
2598, 9
2599, 8
2600, 7
2601, 0
2602, 8
2603, 8
2604, 8
2605, 0
2606, 0
2607, 8
2608, 0
2609, 8
2610, 8
2611, 0
2612, 10
2613, 0
2614, 8
2615, 8
2616, 0
2617, 0
2618, 0
2619, 16
2620, 16
2621, 0
2622, 0
2623, 16
2624, 0
2625, 0
2626, 16
2627, 16
2628, 19
2629, 16
2630, 16
2631, 17
2632, 15
2633, 15
2634, 16
2635, 16
2636, 16
2637, 16
2638, 0
2639, 14
2640, 13
2641, 0
2642, 16
2643, 16
2644, 15
2645, 15
2646, 16
2647, 15
2648, 16
2649, 16
2650, 15
2651, 0
2652, 16
2653, 0
2654, 0
2655, 13
2656, 0
2657, 15
2658, 15
2659, 16
2660, 16
2661, 16
2662, 16
2663, 15
2664, 15
2665, 0
2666, 0
2667, -2
2668, -1
2669, 0
2670, 4
2671, -1
2672, 0
2673, 3
2674, 2
2675, 0
2676, -1
2677, 0
2678, 1
2679, 0
2680, 0
2681, -1
2682, -1
2683, -1
2684, -1
2685, 0
2686, 0
2687, 2
2688, 0
2689, 0
2690, 0
2691, 2
2692, 0
2693, 0
2694, 2
2695, 0
2696, 1
2697, 0
2698, -1
2699, -1
2700, -1
2701, -1
2702, -1
2703, -2
2704, 0
2705, 0
2706, 8
2707, 8
2708, 8
2709, 7
2710, 0
2711, 8
2712, 7
2713, 0
2714, 9
2715, 9
2716, 8
2717, 0
2718, 0
2719, 6
2720, 0
2721, 0
2722, 8
2723, 10
2724, 9
2725, 0
2726, 7
2727, 8
2728, 0
2729, 0
2730, 16
2731, 0
2732, 16
2733, 0
2734, 15
2735, 15
2736, 15
2737, 17
2738, 17
2739, 17
2740, 16
2741, 14
2742, 0
2743, 15
2744, 17
2745, 17
2746, 16
2747, 17
2748, 14
2749, 14
2750, 16
2751, 16
2752, 16
2753, 14
2754, 16
2755, 0
2756, 15
2757, 15
2758, 16
2759, 15
2760, 15
2761, 17
2762, 16
2763, 15
2764, 16
2765, 16
2766, 16
2767, 16
2768, 17
2769, 16
2770, 16
2771, 16
2772, 15
2773, 15
2774, 15
2775, 15
2776, 16
2777, 15
2778, 15
2779, 0
2780, 13
2781, 0
2782, 16
2783, 0
2784, 14
2785, 8
2786, 8
2787, 0
2788, 0
2789, 8
2790, 10
2791, 8
2792, 0
2793, 10
2794, 10
2795, 0
2796, 8
2797, 9
2798, 0
2799, 7
2800, 8
2801, 7
2802, 8
2803, 0
2804, 0
2805, 0
2806, 8
2807, 8
2808, 8
2809, 9
2810, 0
2811, 8
2812, 9
2813, 0
2814, 8
2815, 9
2816, 8
2817, 8
2818, 9
2819, 7
2820, 8
2821, 0
2822, 5
2823, 4
2824, 0
2825, 0
2826, 9
2827, 0
2828, 8
2829, 9
2830, 8
2831, 0
2832, 0
2833, 0
2834, 0
2835, 0
2836, 0
2837, 10
2838, 8
2839, 6
2840, 0
2841, 0
2842, 8
2843, 8
2844, 8
2845, 8
2846, 0
2847, 0
2848, 8
2849, 8
2850, 8
2851, 0
2852, 7
2853, 0
2854, 8
2855, 8
2856, 0
2857, 10
2858, 8
2859, 0
2860, 9
2861, 8
2862, 8
2863, 9
2864, 0
2865, 0
2866, 9
2867, 8
2868, 8
2869, 9
2870, 7
2871, 7
2872, 8
2873, 8
2874, 7
2875, 8
2876, 9
2877, 0
2878, 8
2879, 8
2880, 0
2881, 11
2882, 9
2883, 9
2884, 8
2885, 10
2886, 9
2887, 8
2888, 0
2889, 8
2890, 0
2891, 7
2892, 8
2893, 0
2894, 8
2895, 9
2896, 8
2897, 7
2898, 8
2899, 8
2900, 7
2901, 0
2902, 0
2903, 5
2904, 1
2905, 10
2906, 7
2907, 0
2908, 10
2909, 8
2910, 8
2911, 0
2912, 6
2913, 1
2914, 17
2915, 16
2916, 16
2917, 16
2918, 16
2919, 16
2920, 15
2921, 17
2922, 16
2923, 0
2924, 14
2925, 0
2926, 0
2927, 0
2928, 0
2929, 0
2930, 0
2931, 0
2932, 0
2933, 16
2934, 16
2935, 16
2936, 17
2937, 0
2938, 0
2939, 8
2940, 0
2941, 10
2942, 0
2943, 0
2944, 0
2945, 0
2946, 0
2947, 0
2948, 0
2949, 0
2950, 0
2951, 0
2952, 0
2953, -2
2954, -2
2955, 0
2956, 0
2957, 0
2958, 0
2959, 0
2960, 0
2961, 0
2962, 0
2963, 0
2964, 0
2965, 0
2966, 0
2967, 0
2968, 0
2969, 0
2970, 1
2971, 1
2972, 0
2973, 0
2974, 2
2975, 2
2976, 0
2977, 0
2978, 15
2979, 16
2980, 16
2981, 16
2982, 16
2983, 16
2984, 14
2985, 14
2986, 15
2987, 16
2988, 0
2989, 17
2990, 15
2991, 0
2992, 0
2993, 8
2994, 16
2995, 15
2996, 15
2997, 17
2998, 0
2999, 0
3000, 0
3001, 0
3002, 0
3003, 8
3004, 0
3005, 10
3006, 10
3007, 0
3008, 8
3009, 9
3010, 9
3011, 0
3012, 0
3013, 0
3014, 0
3015, 0
3016, 0
3017, 7
3018, 9
3019, 0
3020, 6
3021, 0
3022, 7
3023, 7
3024, 8
3025, 0
3026, 8
3027, 6
3028, 0
3029, 0
3030, 11
3031, 1
3032, 6
3033, 0
3034, 8
3035, 7
3036, 8
3037, 8
3038, 8
3039, 0
3040, 0
3041, 0
3042, -1
3043, 0
3044, 0
3045, 0
3046, -1
3047, -1
3048, -1
3049, 2
3050, 0
3051, 0
3052, 3
3053, 0
3054, -1
3055, -1
3056, 0
3057, 0
3058, 16
3059, 16
3060, 17
3061, 16
3062, 15
3063, 0
3064, 0
3065, 8
3066, 14
3067, 15
3068, 15
3069, 15
3070, 16
3071, 16
3072, 16
3073, 17
3074, 18
3075, 18
3076, 17
3077, 16
3078, 16
3079, 0
3080, 0
3081, 7
3082, 8
3083, 7
3084, 7
3085, 8
3086, 8
3087, 0
3088, 8
3089, 0
3090, 5
3091, 4
3092, 0
3093, 7
3094, 0
3095, 0
3096, 0
3097, 0
3098, 7
3099, 8
3100, 0
3101, 7
3102, 0
3103, 0
3104, 0
3105, 0
3106, 8
3107, 7
3108, 7
3109, 8
3110, 8
3111, 0
3112, 9
3113, 10
3114, 8
3115, 8
3116, 9
3117, 7
3118, 0
3119, 0
3120, 0
3121, 8
3122, 15
3123, 0
3124, 17
3125, 16
3126, 15
3127, 0
3128, 0
3129, 0
3130, 0
3131, 9
3132, 0
3133, 9
3134, 0
3135, 0
3136, 0
3137, 9
3138, 0
3139, 8
3140, 0
3141, 8
3142, 7
3143, 9
3144, 0
3145, 13
3146, 15
3147, 16
3148, 0
3149, 14
3150, 0
3151, 0
3152, 0
3153, 10
3154, 9
3155, 0
3156, 8
3157, 7
3158, 8
3159, 9
3160, 0
3161, 0
3162, 15
3163, 15
3164, 15
3165, 17
3166, 16
3167, 0
3168, 0
3169, 6
3170, 1
3171, 9
3172, 7
3173, 0
3174, 8
3175, 7
3176, 0
3177, 7
3178, 8
3179, 8
3180, 8
3181, 8
3182, 0
3183, 0
3184, 0
3185, 0
3186, 8
3187, 9
3188, 8
3189, 5
3190, 0
3191, 8
3192, 0
3193, 9
3194, 16
3195, 17
3196, 16
3197, 17
3198, 16
3199, 0
3200, 0
3201, 7
3202, 10
3203, 9
3204, 0
3205, 0
3206, 8
3207, 7
3208, 5
3209, 0
3210, 17
3211, 16
3212, 17
3213, 0
3214, 16
3215, 0
3216, 0
3217, 0
3218, 7
3219, 0
3220, 6
3221, 0
3222, 0
3223, 8
3224, 10
3225, 0
3226, 14
3227, 16
3228, 0
3229, 12
3230, 0
3231, 0
3232, 0
3233, 8
3234, 8
3235, 8
3236, 8
3237, 8
3238, 0
3239, 6
3240, 0
3241, 9
3242, 14
3243, 15
3244, 15
3245, 16
3246, 16
3247, 0
3248, 0
3249, 0
3250, 4
3251, 0
3252, 8
3253, 0
3254, 0
3255, 9
3256, 7
3257, 0
3258, 0
3259, 16
3260, 16
3261, 17
3262, 16
3263, 16
3264, 16
3265, 16
3266, 15
3267, 16
3268, 18
3269, 16
3270, 16
3271, 0
3272, 0
3273, 0
3274, 9
3275, 7
3276, 9
3277, 9
3278, 0
3279, 5
3280, 0
3281, 0
3282, 9
3283, 9
3284, 0
3285, 8
3286, 8
3287, 7
3288, 1
3289, 0
3290, 16
3291, 16
3292, 16
3293, 15
3294, 16
3295, 16
3296, 16
3297, 16
3298, 17
3299, 15
3300, 15
3301, 0
3302, 14
3303, 0
3304, 0
3305, 11
3306, 14
3307, 15
3308, 17
3309, 17
3310, 16
3311, 0
3312, 0
3313, 8
3314, 0
3315, 4
3316, 0
3317, 7
3318, 6
3319, 0
3320, 0
3321, 13
3322, 16
3323, 15
3324, 16
3325, 16
3326, 15
3327, 17
3328, 0
3329, 14
3330, 0
3331, 23
3332, 24
3333, 23
3334, 23
3335, 0
3336, 0
3337, 0
3338, 8
3339, 8
3340, 8
3341, 7
3342, 8
3343, 0
3344, 0
3345, 0
3346, 15
3347, 16
3348, 16
3349, 16
3350, 17
3351, 15
3352, 16
3353, 17
3354, 16
3355, 17
3356, 15
3357, 15
3358, 17
3359, 0
3360, 0
3361, 0
3362, 0
3363, 14
3364, 16
3365, 0
3366, 16
3367, 0
3368, 0
3369, 0
3370, 17
3371, 16
3372, 16
3373, 0
3374, 14
3375, 15
3376, 15
3377, 18
3378, 19
3379, 17
3380, 16
3381, 15
3382, 17
3383, 0
3384, 0
3385, 0
3386, 0
3387, 0
3388, 8
3389, 7
3390, 9
3391, 9
3392, 9
3393, 0
3394, 16
3395, 15
3396, 17
3397, 17
3398, 16
3399, 16
3400, 14
3401, 18
3402, 17
3403, 16
3404, 19
3405, 16
3406, 16
3407, 0
3408, 0
3409, 9
3410, 17
3411, 16
3412, 16
3413, 17
3414, 16
3415, 0
3416, 0
3417, 12
3418, 15
3419, 17
3420, 16
3421, 14
3422, 16
3423, 16
3424, 15
3425, 17
3426, 17
3427, 15
3428, 15
3429, 16
3430, 0
3431, 0
3432, 0
3433, 0
3434, 11
3435, 0
3436, 8
3437, 8
3438, 7
3439, 0
3440, 0
3441, 0
3442, 18
3443, 16
3444, 16
3445, 17
3446, 15
3447, 17
3448, 16
3449, 16
3450, 40
3451, 38
3452, 41
3453, 41
3454, 41
3455, 0
3456, 0
3457, 24
3458, 22
3459, 22
3460, 25
3461, 25
3462, 22
3463, 23
3464, 0
3465, 23
3466, 22
3467, 0
3468, 23
3469, 24
3470, 22
3471, 0
3472, 23
3473, 24
3474, 0
3475, 39
3476, 40
3477, 40
3478, 41
3479, 0
3480, 0
3481, 25
3482, 24
3483, 23
3484, 22
3485, 0
3486, 26
3487, 26
3488, 25
3489, 25
3490, 31
3491, 31
3492, 30
3493, 31
3494, 32
3495, 0
3496, 0
3497, 18
3498, 24
3499, 24
3500, 24
3501, 23
3502, 24
3503, 0
3504, 0
3505, 16
3506, 17
3507, 17
3508, 16
3509, 15
3510, 16
3511, 0
3512, 0
3513, 0
3514, 14
3515, 0
3516, 16
3517, 0
3518, 0
3519, 14
3520, 0
3521, 8
3522, 17
3523, 15
3524, 16
3525, 15
3526, 15
3527, 16
3528, 18
3529, 17
3530, 17
3531, 18
3532, 16
3533, 17
3534, 15
3535, 0
3536, 0
3537, 0
3538, 25
3539, 24
3540, 23
3541, 23
3542, 24
3543, 25
3544, 0
3545, 17
3546, 17
3547, 15
3548, 14
3549, 15
3550, 0
3551, 0
3552, 0
3553, 0
3554, 24
3555, 26
3556, 24
3557, 22
3558, 0
3559, 0
3560, 0
3561, 19
3562, 17
3563, 0
3564, 14
3565, 16
3566, 16
3567, 17
3568, 16
3569, 17
3570, 24
3571, 24
3572, 24
3573, 24
3574, 24
3575, 0
3576, 0
3577, 16
3578, 24
3579, 23
3580, 24
3581, 27
3582, 24
3583, 0
3584, 0
3585, 16
3586, 16
3587, 17
3588, 16
3589, 16
3590, 0
3591, 0
3592, 0
3593, 0
3594, 0
3595, 22
3596, 23
3597, 24
3598, 0
3599, 0
3600, 0
3601, 16
3602, 15
3603, 17
3604, 16
3605, 16
3606, 16
3607, 16
3608, 0
3609, 0
3610, 25
3611, 23
3612, 0
3613, 20
3614, 0
3615, 25
3616, 26
3617, 25
3618, 0
3619, 23
3620, 24
3621, 28
3622, 0
3623, 0
3624, 0
3625, 0
3626, 0
3627, 20
3628, 22
3629, 25
3630, 26
3631, 25
3632, 24
3633, 23
3634, 24
3635, 25
3636, 26
3637, 24
3638, 24
3639, 0
3640, 0
3641, 0
3642, 29
3643, 0
3644, 32
3645, 32
3646, 33
3647, 0
3648, 0
3649, 25
3650, 0
3651, 21
3652, 23
3653, 0
3654, 0
3655, 0
3656, 0
3657, 20
3658, 24
3659, 25
3660, 25
3661, 0
3662, 0
3663, 0
3664, 0
3665, 19
3666, 25
3667, 25
3668, 24
3669, 0
3670, 23
3671, 0
3672, 0
3673, 17
3674, 23
3675, 23
3676, 24
3677, 24
3678, 0
3679, 0
3680, 0
3681, 15
3682, 25
3683, 0
3684, 21
3685, 0
3686, 23
3687, 22
3688, 0
3689, 17
3690, 23
3691, 23
3692, 22
3693, 0
3694, 25
3695, 0
3696, 0
3697, 16
3698, 24
3699, 24
3700, 0
3701, 25
3702, 0
3703, 0
3704, 0
3705, 19
3706, 33
3707, 32
3708, 32
3709, 33
3710, 0
3711, 0
3712, 0
3713, 27
3714, 25
3715, 24
3716, 23
3717, 24
3718, 24
3719, 0
3720, 0
3721, 22
3722, 0
3723, 31
3724, 34
3725, 34
3726, 32
3727, 0
3728, 0
3729, 26
3730, 32
3731, 32
3732, 32
3733, 34
3734, 34
3735, 0
3736, 0
3737, 17
3738, 24
3739, 24
3740, 24
3741, 23
3742, 24
3743, 24
3744, 22
3745, 23
3746, 32
3747, 32
3748, 33
3749, 32
3750, 32
3751, 0
3752, 0
3753, 22
3754, 0
3755, 32
3756, 31
3757, 33
3758, 0
3759, 0
3760, 0
3761, 0
3762, 32
3763, 0
3764, 29
3765, 0
3766, 0
3767, 0
3768, 0
3769, 16
3770, 25
3771, 24
3772, 23
3773, 24
3774, 0
3775, 0
3776, 0
3777, 18
3778, 32
3779, 32
3780, 33
3781, 31
3782, 31
3783, 31
3784, 0
3785, 26
3786, 32
3787, 33
3788, 33
3789, 32
3790, 32
3791, 0
3792, 0
3793, 26
3794, 0
3795, 32
3796, 32
3797, 34
3798, 32
3799, 0
3800, 0
3801, 22
3802, 0
3803, 40
3804, 0
3805, 39
3806, 0
3807, 0
3808, 0
3809, 25
3810, 33
3811, 31
3812, 30
3813, 29
3814, 0
3815, 0
3816, 0
3817, 26
3818, 0
3819, 32
3820, 32
3821, 33
3822, 33
3823, 0
3824, 0
3825, 30
3826, 33
3827, 0
3828, 32
3829, 31
3830, 32
3831, 0
3832, 0
3833, 25
3834, 0
3835, 31
3836, 31
3837, 33
3838, 34
3839, 0
3840, 0
3841, 29
3842, 41
3843, 40
3844, 40
3845, 0
3846, 38
3847, 0
3848, 0
3849, 25
3850, 40
3851, 40
3852, 39
3853, 39
3854, 40
3855, 0
3856, 0
3857, 34
3858, 31
3859, 29
3860, 30
3861, 0
3862, 32
3863, 0
3864, 0
3865, 23
3866, 0
3867, 42
3868, 41
3869, 39
3870, 0
3871, 0
3872, 0
3873, 26
3874, 35
3875, 0
3876, 30
3877, 0
3878, 33
3879, 31
3880, 32
3881, 34
3882, 0
3883, 38
3884, 39
3885, 40
3886, 41
3887, 0
3888, 0
3889, 25
3890, 40
3891, 41
3892, 42
3893, 40
3894, 39
3895, 0
3896, 0
3897, 26
3898, 32
3899, 32
3900, 32
3901, 32
3902, 34
3903, 33
3904, 31
3905, 31
3906, 48
3907, 48
3908, 51
3909, 49
3910, 48
3911, 0
3912, 0
3913, 31
3914, 40
3915, 40
3916, 39
3917, 40
3918, 41
3919, 0
3920, 0
3921, 25
3922, 40
3923, 40
3924, 40
3925, 40
3926, 40
3927, 0
3928, 0
3929, 32
3930, 39
3931, 39
3932, 42
3933, 41
3934, 39
3935, 0
3936, 0
3937, 32
3938, 0
3939, 38
3940, 0
3941, 39
3942, 0
3943, 0
3944, 0
3945, 23
3946, 38
3947, 40
3948, 41
3949, 40
3950, 0
3951, 0
3952, 0
3953, 32
3954, 41
3955, 40
3956, 40
3957, 41
3958, 0
3959, 0
3960, 0
3961, 27
3962, 42
3963, 41
3964, 41
3965, 0
3966, 38
3967, 0
3968, 0
3969, 32
3970, 39
3971, 38
3972, 0
3973, 41
3974, 39
3975, 0
3976, 0
3977, 37
3978, 0
3979, 47
3980, 48
3981, 49
3982, 48
3983, 0
3984, 0
3985, 33
3986, 39
3987, 40
3988, 0
3989, 39
3990, 39
3991, 0
3992, 0
3993, 0
3994, 48
3995, 47
3996, 49
3997, 49
3998, 0
3999, 0
4000, 0
4001, 30
4002, 39
4003, 38
4004, 40
4005, 41
4006, 39
4007, 0
4008, 0
4009, 35
4010, 0
4011, 46
4012, 48
4013, 52
4014, 0
4015, 0
4016, 0
4017, 28
4018, 40
4019, 39
4020, 40
4021, 41
4022, 40
4023, 0
4024, 0
4025, 33
4026, 48
4027, 0
4028, 46
4029, 0
4030, 51
4031, 49
4032, 0
4033, 41
4034, 47
4035, 48
4036, 49
4037, 49
4038, 0
4039, 0
4040, 0
4041, 31
4042, 48
4043, 48
4044, 50
4045, 49
4046, 0
4047, 0
4048, 0
4049, 33
4050, 48
4051, 47
4052, 47
4053, 0
4054, 48
4055, 0
4056, 0
4057, 33
4058, 40
4059, 0
4060, 38
4061, 0
4062, 39
4063, 0
4064, 0
4065, 34
4066, 48
4067, 48
4068, 49
4069, 48
4070, 48
4071, 0
4072, 0
4073, 32
4074, 49
4075, 49
4076, 48
4077, 49
4078, 50
4079, 0
4080, 0
4081, 40
4082, 0
4083, 54
4084, 54
4085, 56
4086, 56
4087, 0
4088, 0
4089, 42
4090, 54
4091, 0
4092, 56
4093, 55
4094, 58
4095, 0
4096, 0
4097, 41
4098, 0
4099, 0
4100, 54
4101, 0
4102, 55
4103, 0
4104, 0
4105, 36
4106, 0
4107, 55
4108, 56
4109, 0
4110, 55
4111, 0
4112, 0
4113, 43
4114, 55
4115, 55
4116, 55
4117, 57
4118, 56
4119, 0
4120, 0
4121, 40
4122, 59
4123, 56
4124, 58
4125, 0
4126, 0
4127, 0
4128, 0
4129, 46
4130, 56
4131, 56
4132, 54
4133, 56
4134, 0
4135, 0
4136, 0
4137, 53
4138, 62
4139, 63
4140, 64
4141, 0
4142, 0
4143, 0
4144, 0
4145, 51
4146, 0
4147, 64
4148, 0
4149, 63
4150, 0
4151, 0
4152, 0
4153, 47
4154, 0
4155, 48
4156, 50
4157, 49
4158, 48
4159, 0
4160, 0
4161, 0
4162, 0
4163, 62
4164, 65
4165, 65
4166, 64
4167, 0
4168, 0
4169, 51
4170, 0
4171, 70
4172, 71
4173, 71
4174, 71
4175, 0
4176, 0
4177, 58
4178, 58
4179, 58
4180, 57
4181, 57
4182, 0
4183, 0
4184, 0
4185, 36
4186, 0
4187, 56
4188, 57
4189, 57
4190, 0
4191, 0
4192, 0
4193, 0
4194, 53
4195, 54
4196, 55
4197, 56
4198, 0
4199, 0
4200, 0
4201, 39
4202, 56
4203, 56
4204, 55
4205, 56
4206, 58
4207, 0
4208, 0
4209, 43
4210, 57
4211, 55
4212, 54
4213, 56
4214, 56
4215, 0
4216, 0
4217, 40
4218, 64
4219, 64
4220, 63
4221, 64
4222, 0
4223, 0
4224, 0
4225, 48
4226, 56
4227, 55
4228, 57
4229, 57
4230, 0
4231, 0
4232, 0
4233, 41
4234, 62
4235, 63
4236, 65
4237, 65
4238, 64
4239, 0
4240, 0
4241, 60
4242, 0
4243, 70
4244, 72
4245, 73
4246, 72
4247, 0
4248, 0
4249, 56
4250, 0
4251, 69
4252, 71
4253, 72
4254, 73
4255, 0
4256, 0
4257, 57
4258, 74
4259, 70
4260, 71
4261, 72
4262, 0
4263, 0
4264, 0
4265, 56
4266, 0
4267, 70
4268, 72
4269, 72
4270, 0
4271, 0
4272, 0
4273, 41
4274, 64
4275, 63
4276, 65
4277, 63
4278, 64
4279, 0
4280, 0
4281, 53
4282, 65
4283, 66
4284, 0
4285, 63
4286, 63
4287, 0
4288, 0
4289, 52
4290, 65
4291, 66
4292, 64
4293, 63
4294, 63
4295, 0
4296, 0
4297, 49
4298, 0
4299, 61
4300, 0
4301, 65
4302, 65
4303, 0
4304, 0
4305, 51
4306, 71
4307, 71
4308, 71
4309, 70
4310, 73
4311, 0
4312, 0
4313, 62
4314, 0
4315, 88
4316, 88
4317, 90
4318, 0
4319, 0
4320, 0
4321, 67
4322, 72
4323, 72
4324, 73
4325, 73
4326, 73
4327, 0
4328, 0
4329, 55
4330, 0
4331, 80
4332, 79
4333, 80
4334, 81
4335, 0
4336, 0
4337, 66
4338, 79
4339, 81
4340, 80
4341, 79
4342, 0
4343, 0
4344, 0
4345, 66
4346, 81
4347, 79
4348, 79
4349, 82
4350, 0
4351, 0
4352, 0
4353, 67
4354, 75
4355, 74
4356, 73
4357, 72
4358, 73
4359, 0
4360, 0
4361, 59
4362, 64
4363, 62
4364, 68
4365, 64
4366, 0
4367, 0
4368, 0
4369, 55
4370, 64
4371, 65
4372, 62
4373, 64
4374, 65
4375, 0
4376, 0
4377, 58
4378, 73
4379, 72
4380, 72
4381, 71
4382, 72
4383, 74
4384, 0
4385, 64
4386, 72
4387, 71
4388, 72
4389, 74
4390, 73
4391, 0
4392, 0
4393, 59
4394, 0
4395, 62
4396, 63
4397, 64
4398, 64
4399, 0
4400, 0
4401, 57
4402, 63
4403, 63
4404, 66
4405, 0
4406, 61
4407, 62
4408, 0
4409, 61
4410, 0
4411, 81
4412, 79
4413, 81
4414, 0
4415, 0
4416, 0
4417, 58
4418, 64
4419, 64
4420, 67
4421, 64
4422, 64
4423, 0
4424, 0
4425, 56
4426, 65
4427, 64
4428, 65
4429, 64
4430, 0
4431, 0
4432, 0
4433, 48
4434, 64
4435, 65
4436, 65
4437, 63
4438, 65
4439, 65
4440, 64
4441, 66
4442, 82
4443, 80
4444, 83
4445, 82
4446, 0
4447, 0
4448, 0
4449, 54
4450, 70
4451, 70
4452, 0
4453, 76
4454, 73
4455, 0
4456, 0
4457, 60
4458, 82
4459, 81
4460, 78
4461, 80
4462, 81
4463, 0
4464, 0
4465, 0
4466, 80
4467, 79
4468, 82
4469, 81
4470, 0
4471, 0
4472, 0
4473, 56
4474, 63
4475, 62
4476, 0
4477, 66
4478, 0
4479, 0
4480, 0
4481, 60
4482, 72
4483, 72
4484, 72
4485, 72
4486, 71
4487, 0
4488, 0
4489, 61
4490, 0
4491, 63
4492, 66
4493, 65
4494, 0
4495, 0
4496, 0
4497, 54
4498, 73
4499, 72
4500, 72
4501, 74
4502, 0
4503, 0
4504, 0
4505, 57
4506, 65
4507, 63
4508, 64
4509, 65
4510, 66
4511, 65
4512, 64
4513, 69
4514, 78
4515, 78
4516, 0
4517, 0
4518, 0
4519, 0
4520, 0
4521, 66
4522, 72
4523, 71
4524, 74
4525, 0
4526, 69
4527, 0
4528, 0
4529, 68
4530, 0
4531, 70
4532, 72
4533, 71
4534, 74
4535, 0
4536, 0
4537, 67
4538, 71
4539, 71
4540, 74
4541, 74
4542, 0
4543, 0
4544, 0
4545, 0
4546, 0
4547, 0
4548, 0
4549, 73
4550, 71
4551, 71
4552, 0
4553, 64
4554, 79
4555, 80
4556, 80
4557, 81
4558, 0
4559, 0
4560, 0
4561, 65
4562, 73
4563, 72
4564, 71
4565, 72
4566, 72
4567, 0
4568, 0
4569, 59
4570, 63
4571, 63
4572, 63
4573, 63
4574, 0
4575, 61
4576, 0
4577, 0
4578, 64
4579, 0
4580, 64
4581, 64
4582, 0
4583, 0
4584, 0
4585, 57
4586, 72
4587, 72
4588, 72
4589, 74
4590, 74
4591, 0
4592, 0
4593, 64
4594, 63
4595, 65
4596, 64
4597, 64
4598, 65
4599, 0
4600, 0
4601, 57
4602, 0
4603, 0
4604, 0
4605, 0
4606, 0
4607, 0
4608, 0
4609, 64
4610, 63
4611, 63
4612, 0
4613, 65
4614, 0
4615, 0
4616, 0
4617, 56
4618, 63
4619, 64
4620, 66
4621, 65
4622, 0
4623, 0
4624, 0
4625, 56
4626, 64
4627, 65
4628, 64
4629, 66
4630, 64
4631, 62
4632, 62
4633, 63
4634, 0
4635, 71
4636, 72
4637, 73
4638, 73
4639, 0
4640, 0
4641, 60
4642, 66
4643, 64
4644, 64
4645, 64
4646, 66
4647, 0
4648, 61
4649, 64
4650, 72
4651, 71
4652, 70
4653, 0
4654, 72
4655, 0
4656, 0
4657, 57
4658, 64
4659, 64
4660, 65
4661, 64
4662, 64
4663, 0
4664, 0
4665, 0
4666, 0
4667, 0
4668, 0
4669, 0
4670, 0
4671, 0
4672, 0
4673, 0
4674, 0
4675, 0
4676, 0
4677, 0
4678, 0
4679, 0
4680, 0
4681, 0
4682, 0
4683, 0
4684, 0
4685, 0
4686, 0
4687, 0
4688, 0
4689, 0
4690, 0
4691, 0
4692, 0
4693, 0
4694, 0
4695, 0
4696, 0
4697, 0
4698, 63
4699, 64
4700, 63
4701, 62
4702, 62
4703, 0
4704, 0
4705, 0
4706, 57
4707, 57
4708, 56
4709, 56
4710, 56
4711, 56
4712, 56
4713, 57
4714, 56
4715, 56
4716, 56
4717, 0
4718, 51
4719, 0
4720, 0
4721, 0
4722, 62
4723, 62
4724, 65
4725, 62
4726, 0
4727, 0
4728, 0
4729, 59
4730, 56
4731, 56
4732, 57
4733, 58
4734, 55
4735, 54
4736, 59
4737, 62
4738, 71
4739, 72
4740, 72
4741, 71
4742, 72
4743, 0
4744, 0
4745, 65
4746, 64
4747, 64
4748, 65
4749, 63
4750, 63
4751, 64
4752, 63
4753, 0
4754, 63
4755, 64
4756, 64
4757, 65
4758, 65
4759, 0
4760, 0
4761, 57
4762, 64
4763, 64
4764, 63
4765, 64
4766, 65
4767, 0
4768, 0
4769, 58
4770, 63
4771, 63
4772, 65
4773, 64
4774, 65
4775, 0
4776, 62
4777, 0
4778, 62
4779, 62
4780, 64
4781, 0
4782, 63
4783, 0
4784, 0
4785, 58
4786, 0
4787, 0
4788, 54
4789, 54
4790, 0
4791, 56
4792, 57
4793, 58
4794, 63
4795, 64
4796, 64
4797, 64
4798, 65
4799, 63
4800, 0
4801, 56
4802, 64
4803, 64
4804, 66
4805, 63
4806, 62
4807, 64
4808, 62
4809, 62
4810, 0
4811, 64
4812, 66
4813, 66
4814, 63
4815, 0
4816, 0
4817, 57
4818, 0
4819, 54
4820, 0
4821, 57
4822, 55
4823, 56
4824, 56
4825, 55
4826, 55
4827, 56
4828, 58
4829, 57
4830, 56
4831, 56
4832, 55
4833, 56
4834, 64
4835, 63
4836, 64
4837, 0
4838, 63
4839, 0
4840, 0
4841, 57
4842, 64
4843, 63
4844, 0
4845, 64
4846, 66
4847, 65
4848, 65
4849, 66
4850, 65
4851, 66
4852, 65
4853, 63
4854, 63
4855, 63
4856, 62
4857, 65
4858, 63
4859, 63
4860, 65
4861, 61
4862, 63
4863, 0
4864, 0
4865, 58
4866, 63
4867, 63
4868, 66
4869, 64
4870, 64
4871, 63
4872, 64
4873, 65
4874, 65
4875, 65
4876, 0
4877, 62
4878, 0
4879, 64
4880, 63
4881, 65
4882, 64
4883, 65
4884, 65
4885, 63
4886, 63
4887, 0
4888, 0
4889, 58
4890, 63
4891, 63
4892, 63
4893, 0
4894, 62
4895, 0
4896, 0
4897, 56
4898, 55
4899, 55
4900, 57
4901, 57
4902, 57
4903, 56
4904, 56
4905, 58
4906, 58
4907, 57
4908, 56
4909, 55
4910, 55
4911, 55
4912, 55
4913, 56
4914, 56
4915, 56
4916, 57
4917, 56
4918, 55
4919, 56
4920, 56
4921, 58
4922, 54
4923, 56
4924, 57
4925, 55
4926, 56
4927, 57
4928, 58
4929, 57
4930, 58
4931, 56
4932, 55
4933, 55
4934, 57
4935, 0
4936, 54
4937, 0
4938, 0
4939, 0
4940, 63
4941, 64
4942, 65
4943, 0
4944, 0
4945, 56
4946, 55
4947, 56
4948, 0
4949, 54
4950, 0
4951, 56
4952, 56
4953, 55
4954, 56
4955, 56
4956, 56
4957, 56
4958, 56
4959, 55
4960, 56
4961, 57
4962, 63
4963, 62
4964, 64
4965, 64
4966, 63
4967, 63
4968, 64
4969, 64
4970, 63
4971, 64
4972, 64
4973, 65
4974, 66
4975, 65
4976, 64
4977, 66
4978, 65
4979, 62
4980, 61
4981, 0
4982, 64
4983, 0
4984, 0
4985, 56
4986, 57
4987, 57
4988, 56
4989, 55
4990, 55
4991, 58
4992, 57
4993, 55
4994, 57
4995, 57
4996, 56
4997, 58
4998, 59
4999, 57
5000, 56
5001, 57
5002, 57
5003, 57
5004, 57
5005, 55
5006, 57
5007, 57
5008, 57
5009, 56
5010, 58
5011, 56
5012, 56
5013, 57
5014, 58
5015, 57
5016, 56
5017, 56
5018, 59
5019, 55
5020, 54
5021, 0
5022, 57
5023, 58
5024, 56
5025, 57
5026, 57
5027, 57
5028, 57
5029, 57
5030, 57
5031, 57
5032, 57
5033, 57
5034, 56
5035, 0
5036, 56
5037, 0
5038, 56
5039, 55
5040, 54
5041, 56
5042, 56
5043, 59
5044, 58
5045, 55
5046, 55
5047, 55
5048, 55
5049, 58
5050, 58
5051, 59
5052, 57
5053, 55
5054, 57
5055, 57
5056, 56
5057, 59
5058, 58
5059, 0
5060, 54
5061, 0
5062, 56
5063, 54
5064, 58
5065, 0
5066, 59
5067, 54
5068, 0
5069, 56
5070, 55
5071, 58
5072, 56
5073, 55
5074, 57
5075, 59
5076, 57
5077, 55
5078, 0
5079, 0
5080, 0
5081, 51
5082, 48
5083, 48
5084, 48
5085, 48
5086, 49
5087, 48
5088, 48
5089, 49
5090, 49
5091, 48
5092, 48
5093, 49
5094, 47
5095, 47
5096, 48
5097, 48
5098, 49
5099, 50
5100, 48
5101, 48
5102, 50
5103, 49
5104, 49
5105, 50
5106, 50
5107, 51
5108, 49
5109, 49
5110, 49
5111, 47
5112, 47
5113, 48
5114, 48
5115, 49
5116, 48
5117, 49
5118, 48
5119, 48
5120, 48
5121, 48
5122, 49
5123, 49
5124, 49
5125, 49
5126, 51
5127, 50
5128, 48
5129, 49
5130, 48
5131, 50
5132, 51
5133, 49
5134, 48
5135, 48
5136, 48
5137, 48
5138, 47
5139, 49
5140, 48
5141, 48
5142, 48
5143, 48
5144, 49
5145, 50
5146, 50
5147, 49
5148, 48
5149, 50
5150, 50
5151, 50
5152, 48
5153, 48
5154, 48
5155, 48
5156, 49
5157, 49
5158, 48
5159, 48
5160, 46
5161, 48
5162, 57
5163, 56
5164, 57
5165, 56
5166, 56
5167, 57
5168, 55
5169, 55
5170, 66
5171, 64
5172, 64
5173, 64
5174, 63
5175, 0
5176, 0
5177, 56
5178, 54
5179, 55
5180, 57
5181, 57
5182, 55
5183, 0
5184, 0
5185, 52
5186, 48
5187, 48
5188, 49
5189, 47
5190, 48
5191, 50
5192, 47
5193, 33
5194, 35
5195, 30
5196, 32
5197, 33
5198, 32
5199, 33
5200, 0
5201, 0
5202, 0
5203, 48
5204, 50
5205, 47
5206, 47
5207, 47
5208, 46
5209, 49
5210, 48
5211, 50
5212, 49
5213, 47
5214, 48
5215, 49
5216, 47
5217, 47
5218, 49
5219, 50
5220, 48
5221, 47
5222, 52
5223, 48
5224, 47
5225, 0
5226, 54
5227, 0
5228, 58
5229, 55
5230, 56
5231, 57
5232, 57
5233, 59
5234, 74
5235, 72
5236, 73
5237, 0
5238, 0
5239, 0
5240, 0
5241, 47
5242, 0
5243, 47
5244, 50
5245, 48
5246, 48
5247, 50
5248, 0
5249, 0
5250, 63
5251, 66
5252, 65
5253, 64
5254, 66
5255, 0
5256, 0
5257, 59
5258, 60
5259, 55
5260, 56
5261, 56
5262, 57
5263, 57
5264, 58
5265, 0
5266, 78
5267, 0
5268, 80
5269, 79
5270, 0
5271, 0
5272, 0
5273, 32
5274, 408
5275, 0
5276, 408
5277, 0
5278, 0
5279, 0
5280, 0
5281, 0
5282, 2
5283, 0
5284, 0
5285, 0
5286, 0
5287, 0
5288, 0
5289, 0
5290, 0
5291, 0
5292, 0
5293, 0
5294, 0
5295, 0
5296, 0
5297, 0
5298, 0
5299, 0
5300, 0
5301, 0
5302, 0
5303, 0
5304, 0
5305, 0
5306, 0
5307, 0
5308, 56
5309, 56
5310, 56
5311, 58
5312, 56
5313, 56
5314, 56
5315, 56
5316, 56
5317, 56
5318, 56
5319, 56
5320, 56
5321, 57
5322, 57
5323, 56
5324, 55
5325, 55
5326, 56
5327, 56
5328, 57
5329, 56
5330, 56
5331, 55
5332, 56
5333, 56
5334, 56
5335, 57
5336, 57
5337, 57
5338, 57
5339, 57
5340, 57
5341, 56
5342, 56
5343, 56
5344, 55
5345, 58
5346, 57
5347, 56
5348, 55
5349, 55
5350, 56
5351, 56
5352, 57
5353, 57
5354, 56
5355, 55
5356, 57
5357, 57
5358, 57
5359, 56
5360, 56
5361, 58
5362, 57
5363, 57
5364, 56
5365, 55
5366, 55
5367, 56
5368, 56
5369, 58
5370, 57
5371, 56
5372, 55
5373, 55
5374, 56
5375, 56
5376, 58
5377, 58
5378, 57
5379, 55
5380, 56
5381, 57
5382, 56
5383, 57
5384, 57
5385, 58
5386, 57
5387, 57
5388, 57
5389, 56
5390, 56
5391, 56
5392, 55
5393, 57
5394, 56
5395, 57
5396, 56
5397, 55
5398, 56
5399, 0
5400, 56
5401, 0
5402, 60
5403, 55
5404, 55
5405, 56
5406, 56
5407, 58
5408, 56
5409, 55
5410, 56
5411, 55
5412, 56
5413, 57
5414, 56
5415, 0
5416, 54
5417, 0
5418, 56
5419, 57
5420, 56
5421, 56
5422, 57
5423, 0
5424, 54
5425, 0
5426, 60
5427, 55
5428, 56
5429, 56
5430, 55
5431, 58
5432, 56
5433, 56
5434, 57
5435, 57
5436, 0
5437, 54
5438, 0
5439, 56
5440, 55
5441, 58
5442, 57
5443, 56
5444, 56
5445, 56
5446, 56
5447, 56
5448, 57
5449, 58
5450, 60
5451, 55
5452, 56
5453, 56
5454, 55
5455, 58
5456, 56
5457, 55
5458, 56
5459, 57
5460, 57
5461, 55
5462, 56
5463, 0
5464, 54
5465, 0
5466, 56
5467, 55
5468, 58
5469, 56
5470, 56
5471, 0
5472, 55
5473, 0
5474, 1992
5475, 1991
5476, 1992
5477, 1992
5478, 1992
5479, 1992
5480, 1992
5481, 1992
5482, 1992
5483, 1993
5484, 1992
5485, 1992
5486, 1992
5487, 1992
5488, 1991
5489, 1992
5490, 1993
5491, 1991
5492, 1991
5493, 1991
5494, 57
5495, 57
5496, 56
5497, 55
5498, 54
5499, 55
5500, 55
