0, 0
1, 0
2, 0
3, 0
4, 0
5, 0
6, 0
7, 0
8, 0
9, 0
10, 0
11, 0
12, 0
13, 0
14, 0
15, 0
16, 0
17, 0
18, 0
19, 0
20, 0
21, 0
22, 0
23, 0
24, 0
25, 0
26, 0
27, 0
28, 0
29, 0
30, 0
31, 0
32, 0
33, 0
34, 0
35, 0
36, 0
37, 0
38, 0
39, 0
40, 0
41, 0
42, 0
43, 0
44, 0
45, 0
46, 0
47, 0
48, 0
49, 0
50, 0
51, 0
52, 0
53, 0
54, 0
55, 0
56, 0
57, 0
58, 0
59, 0
60, 0
61, 0
62, 0
63, 0
64, 0
65, 0
66, 0
67, 0
68, 0
69, 0
70, 0
71, 0
72, 0
73, 0
74, 0
75, 0
76, 0
77, 0
78, 0
79, 0
80, 0
81, 0
82, 0
83, 0
84, 0
85, 0
86, 0
87, 0
88, 0
89, 0
90, 0
91, 0
92, 0
93, 0
94, 0
95, 0
96, 0
97, 0
98, 0
99, 0
100, 0
101, 0
102, 0
103, 0
104, 0
105, 0
106, 0
107, 0
108, 0
109, 0
110, 0
111, 0
112, 0
113, 0
114, 0
115, 0
116, 0
117, 0
118, 0
119, 0
120, 0
121, 0
122, 0
123, 0
124, 0
125, 0
126, 0
127, 0
128, 0
129, 0
130, 0
131, 0
132, 0
133, 0
134, 0
135, 0
136, 0
137, 0
138, 0
139, 0
140, 0
141, 0
142, 0
143, 0
144, 0
145, 0
146, 0
147, 0
148, 0
149, 0
150, 0
151, 0
152, 0
153, 0
154, 0
155, 0
156, 0
157, 0
158, 0
159, 0
160, 0
161, 0
162, 0
163, 0
164, 0
165, 0
166, 0
167, 0
168, 0
169, 0
170, 0
171, 0
172, 0
173, 0
174, 0
175, 0
176, 0
177, 0
178, 0
179, 0
180, 0
181, 0
182, 0
183, 0
184, 0
185, 0
186, 0
187, 0
188, 0
189, 0
190, 0
191, 0
192, 0
193, 0
194, 0
195, 0
196, 0
197, 0
198, 0
199, 0
200, 0
201, 0
202, 0
203, 0
204, 0
205, 0
206, 0
207, 0
208, 0
209, 0
210, 0
211, 0
212, 0
213, 0
214, 0
215, 0
216, 0
217, 0
218, 0
219, 0
220, 0
221, 0
222, 0
223, 0
224, 0
225, 0
226, 0
227, 0
228, 0
229, 0
230, 0
231, 0
232, 0
233, 0
234, 0
235, 0
236, 0
237, 0
238, 0
239, 0
240, 0
241, 0
242, 0
243, 0
244, 0
245, 0
246, 0
247, 0
248, 0
249, 0
250, 0
251, 0
252, 0
253, 0
254, 0
255, 0
256, 0
257, 0
258, 0
259, 0
260, 0
261, 0
262, 0
263, 0
264, 0
265, 0
266, 0
267, 0
268, 0
269, 0
270, 0
271, 0
272, 0
273, 0
274, 0
275, 0
276, 0
277, 0
278, 0
279, 0
280, 0
281, 0
282, 0
283, 0
284, 0
285, 0
286, 0
287, 0
288, 0
289, 0
290, 0
291, 0
292, 0
293, 0
294, 0
295, 0
296, 0
297, 0
298, 0
299, 0
300, 0
301, 0
302, 0
303, 0
304, 0
305, 0
306, 0
307, 0
308, 0
309, 0
310, 0
311, 0
312, 0
313, 0
314, 0
315, 0
316, 0
317, 0
318, 0
319, 0
320, 0
321, 0
322, 0
323, 0
324, 0
325, 0
326, 0
327, 0
328, 0
329, 0
330, 0
331, 0
332, 0
333, 0
334, 0
335, 0
336, 0
337, 0
338, 0
339, 0
340, 0
341, 0
342, 0
343, 0
344, 0
345, 0
346, 0
347, 0
348, 0
349, 0
350, 0
351, 0
352, 0
353, 0
354, 0
355, 0
356, 0
357, 0
358, 0
359, 0
360, 0
361, 0
362, 0
363, 0
364, 0
365, 0
366, 0
367, 0
368, 0
369, 0
370, 0
371, 0
372, 0
373, 0
374, 0
375, 0
376, 0
377, 0
378, 0
379, 0
380, 0
381, 0
382, 0
383, 0
384, 0
385, 0
386, 0
387, 0
388, 0
389, 0
390, 0
391, 0
392, 0
393, 0
394, 0
395, 0
396, 0
397, 0
398, 0
399, 0
400, 0
401, 0
402, 0
403, 0
404, 0
405, 0
406, 0
407, 0
408, 0
409, 0
410, 0
411, 0
412, 0
413, 0
414, 0
415, 0
416, 0
417, 0
418, 0
419, 0
420, 0
421, 0
422, 0
423, 0
424, 0
425, 0
426, 0
427, 0
428, 0
429, 0
430, 0
431, 0
432, 0
433, 0
434, 0
435, 0
436, 0
437, 0
438, 0
439, 0
440, 0
441, 0
442, 0
443, 0
444, 0
445, 0
446, 0
447, 0
448, 0
449, 0
450, 0
451, 0
452, 0
453, 0
454, 0
455, 0
456, 0
457, 0
458, 0
459, 0
460, 0
461, 0
462, 0
463, 0
464, 0
465, 0
466, 0
467, 0
468, 0
469, 0
470, 0
471, 0
472, 0
473, 0
474, 0
475, 0
476, 0
477, 0
478, 0
479, 0
480, 0
481, 0
482, 0
483, 0
484, 0
485, 0
486, 0
487, 0
488, 0
489, 0
490, 0
491, 0
492, 0
493, 0
494, 0
495, 0
496, 0
497, 0
498, 0
499, 0
500, 0
501, 0
502, 0
503, 0
504, 0
505, 0
506, 0
507, 0
508, 0
509, 0
510, 0
511, 0
512, 0
513, 0
514, 0
515, 0
516, 0
517, 0
518, 0
519, 0
520, 0
521, 0
522, 0
523, 0
524, 0
525, 0
526, 0
527, 0
528, 0
529, 0
530, 0
531, 0
532, 0
533, 0
534, 0
535, 0
536, 0
537, 0
538, 0
539, 0
540, 0
541, 0
542, 0
543, 0
544, 0
545, 0
546, 0
547, 0
548, 0
549, 0
550, 0
551, 0
552, 0
553, 0
554, 0
555, 0
556, 0
557, 0
558, 0
559, 0
560, 0
561, 0
562, 0
563, 0
564, 0
565, 0
566, 0
567, 0
568, 0
569, 0
570, 0
571, 0
572, 0
573, 0
574, 0
575, 0
576, 0
577, 0
578, 0
579, 0
580, 0
581, 0
582, 0
583, 0
584, 0
585, 0
586, 0
587, 0
588, 0
589, 0
590, 0
591, 0
592, 0
593, 0
594, 0
595, 0
596, 0
597, 0
598, 0
599, 0
600, 0
601, 0
602, 0
603, 0
604, 0
605, 0
606, 0
607, 0
608, 0
609, 0
610, 0
611, 0
612, 0
613, 0
614, 0
615, 0
616, 0
617, 0
618, 0
619, 0
620, 0
621, 0
622, 0
623, 0
624, 0
625, 0
626, 0
627, 0
628, 0
629, 0
630, 0
631, 0
632, 0
633, 0
634, 0
635, 0
636, 0
637, 0
638, 0
639, 0
640, 0
641, 0
642, 0
643, 0
644, 0
645, 0
646, 0
647, 0
648, 0
649, 0
650, 0
651, 0
652, 0
653, 0
654, 0
655, 0
656, 0
657, 0
658, 0
659, 0
660, 0
661, 0
662, 0
663, 0
664, 0
665, 0
666, 0
667, 0
668, 0
669, 0
670, 0
671, 0
672, 0
673, 0
674, 0
675, 0
676, 0
677, 0
678, 0
679, 0
680, 0
681, 0
682, 0
683, 0
684, 0
685, 0
686, 0
687, 0
688, 0
689, 0
690, 0
691, 0
692, 0
693, 0
694, 0
695, 0
696, 0
697, 0
698, 0
699, 0
700, 0
701, 0
702, 0
703, 0
704, 0
705, 0
706, 0
707, 0
708, 0
709, 0
710, 0
711, 0
712, 0
713, 0
714, 0
715, 0
716, 0
717, 0
718, 0
719, 0
720, 0
721, 0
722, 0
723, 0
724, 0
725, 0
726, 0
727, 0
728, 0
729, 0
730, 0
731, 0
732, 0
733, 0
734, 0
735, 0
736, 0
737, 0
738, 0
739, 0
740, 0
741, 0
742, 0
743, 0
744, 0
745, 0
746, 0
747, 0
748, 0
749, 0
750, 0
751, 0
752, 0
753, 0
754, 0
755, 0
756, 0
757, 0
758, 0
759, 0
760, 0
761, 0
762, 0
763, 0
764, 0
765, 0
766, 0
767, 0
768, 0
769, 0
770, 0
771, 0
772, 0
773, 0
774, 0
775, 0
776, 0
777, 0
778, 0
779, 0
780, 0
781, 0
782, 0
783, 0
784, 0
785, 0
786, 0
787, 0
788, 0
789, 0
790, 0
791, 0
792, 0
793, 0
794, 0
795, 0
796, 0
797, 0
798, 0
799, 0
800, 0
801, 0
802, 0
803, 0
804, 0
805, 0
806, 0
807, 0
808, 0
809, 0
810, 0
811, 0
812, 0
813, 0
814, 0
815, 0
816, 0
817, 0
818, 0
819, 0
820, 0
821, 0
822, 0
823, 0
824, 0
825, 0
826, 0
827, 0
828, 0
829, 0
830, 0
831, 0
832, 0
833, 0
834, 0
835, 0
836, 0
837, 0
838, 0
839, 0
840, 0
841, 0
842, 0
843, 0
844, 0
845, 0
846, 0
847, 0
848, 0
849, 0
850, 0
851, 0
852, 0
853, 0
854, 0
855, 0
856, 0
857, 0
858, 0
859, 0
860, 0
861, 0
862, 0
863, 0
864, 0
865, 0
866, 0
867, 0
868, 0
869, 0
870, 0
871, 0
872, 0
873, 0
874, 0
875, 0
876, 0
877, 0
878, 0
879, 0
880, 0
881, 0
882, 0
883, 0
884, 0
885, 0
886, 0
887, 0
888, 0
889, 0
890, 0
891, 0
892, 0
893, 0
894, 0
895, 0
896, 0
897, 0
898, 0
899, 0
900, 0
901, 0
902, 0
903, 0
904, 0
905, 0
906, 0
907, 0
908, 0
909, 0
910, 0
911, 0
912, 0
913, 0
914, 0
915, 0
916, 0
917, 0
918, 0
919, 0
920, 0
921, 0
922, 0
923, 0
924, 0
925, 0
926, 0
927, 0
928, 0
929, 0
930, 0
931, 0
932, 0
933, 0
934, 0
935, 0
936, 0
937, 0
938, 0
939, 0
940, 0
941, 0
942, 0
943, 0
944, 0
945, 0
946, 0
947, 0
948, 0
949, 0
950, 0
951, 0
952, 0
953, 0
954, 0
955, 0
956, 0
957, 0
958, 0
959, 0
960, 0
961, 0
962, 0
963, 0
964, 0
965, 0
966, 0
967, 0
968, 0
969, 0
970, 0
971, 0
972, 0
973, 0
974, 0
975, 0
976, 0
977, 0
978, 0
979, 0
980, 0
981, 0
982, 0
983, 0
984, 0
985, 0
986, 0
987, 0
988, 0
989, 0
990, 0
991, 0
992, 0
993, 0
994, 0
995, 0
996, 0
997, 0
998, 0
999, 0
1000, 0
1001, 0
1002, 0
1003, 0
1004, 0
1005, 0
1006, 0
1007, 0
1008, 0
1009, 0
1010, 0
1011, 0
1012, 0
1013, 0
1014, 0
1015, 0
1016, 0
1017, 0
1018, 0
1019, 0
1020, 0
1021, 0
1022, 0
1023, 0
1024, 0
1025, 0
1026, 0
1027, 0
1028, 0
1029, 0
1030, 0
1031, 0
1032, 0
1033, 0
1034, 0
1035, 0
1036, 0
1037, 0
1038, 0
1039, 0
1040, 0
1041, 0
1042, 0
1043, 0
1044, 0
1045, 0
1046, 0
1047, 0
1048, 0
1049, 0
1050, 0
1051, 0
1052, 0
1053, 0
1054, 0
1055, 0
1056, 0
1057, 0
1058, 0
1059, 0
1060, 0
1061, 0
1062, 0
1063, 0
1064, 0
1065, 0
1066, 0
1067, 0
1068, 0
1069, 0
1070, 0
1071, 0
1072, 0
1073, 181
1074, 0
1075, 0
1076, 49
1077, 0
1078, 0
1079, 0
1080, 0
1081, 107
1082, 0
1083, 0
1084, 0
1085, 0
1086, 0
1087, 0
1088, 0
1089, 98
1090, 83
1091, 58
1092, 56
1093, 0
1094, 0
1095, 0
1096, 0
1097, 118
1098, 71
1099, 0
1100, 56
1101, 0
1102, 0
1103, 0
1104, 0
1105, 123
1106, 66
1107, 57
1108, 55
1109, 0
1110, 0
1111, 0
1112, 0
1113, 120
1114, 78
1115, 67
1116, 65
1117, 0
1118, 0
1119, 0
1120, 0
1121, 112
1122, 70
1123, 59
1124, 57
1125, 56
1126, 0
1127, 0
1128, 0
1129, 75
1130, 68
1131, 58
1132, 56
1133, 57
1134, 56
1135, 0
1136, 0
1137, 66
1138, 0
1139, 60
1140, 57
1141, 58
1142, 0
1143, 0
1144, 0
1145, 65
1146, 58
1147, 51
1148, 49
1149, 0
1150, 0
1151, 0
1152, 0
1153, 71
1154, 0
1155, 52
1156, 0
1157, 48
1158, 0
1159, 0
1160, 0
1161, 76
1162, 61
1163, 57
1164, 57
1165, 0
1166, 56
1167, 0
1168, 0
1169, 102
1170, 57
1171, 50
1172, 48
1173, 48
1174, 47
1175, 0
1176, 0
1177, 61
1178, 0
1179, 51
1180, 49
1181, 49
1182, 0
1183, 0
1184, 0
1185, 81
1186, 0
1187, 53
1188, 50
1189, 46
1190, 0
1191, 0
1192, 0
1193, 97
1194, 66
1195, 58
1196, 57
1197, 0
1198, 0
1199, 0
1200, 0
1201, 94
1202, 0
1203, 58
1204, 0
1205, 54
1206, 0
1207, 0
1208, 0
1209, 0
1210, 0
1211, 51
1212, 49
1213, 47
1214, 48
1215, 0
1216, 0
1217, 80
1218, 51
1219, 44
1220, 42
1221, 40
1222, 0
1223, 0
1224, 0
1225, 84
1226, 62
1227, 57
1228, 57
1229, 54
1230, 0
1231, 0
1232, 0
1233, 0
1234, 64
1235, 57
1236, 0
1237, 0
1238, 0
1239, 0
1240, 0
1241, 66
1242, 54
1243, 48
1244, 47
1245, 47
1246, 0
1247, 0
1248, 0
1249, 64
1250, 51
1251, 43
1252, 41
1253, 38
1254, 0
1255, 0
1256, 0
1257, 80
1258, 62
1259, 49
1260, 49
1261, 48
1262, 0
1263, 0
1264, 0
1265, 72
1266, 0
1267, 44
1268, 40
1269, 40
1270, 0
1271, 0
1272, 0
1273, 72
1274, 0
1275, 44
1276, 0
1277, 38
1278, 41
1279, 0
1280, 0
1281, 71
1282, 49
1283, 47
1284, 48
1285, 0
1286, 0
1287, 0
1288, 0
1289, 79
1290, 0
1291, 51
1292, 49
1293, 47
1294, 47
1295, 0
1296, 0
1297, 60
1298, 48
1299, 43
1300, 40
1301, 39
1302, 0
1303, 0
1304, 0
1305, 64
1306, 61
1307, 0
1308, 47
1309, 0
1310, 0
1311, 0
1312, 0
1313, 57
1314, 48
1315, 46
1316, 47
1317, 48
1318, 48
1319, 0
1320, 0
1321, 75
1322, 64
1323, 52
1324, 0
1325, 50
1326, 0
1327, 0
1328, 0
1329, 55
1330, 0
1331, 43
1332, 41
1333, 39
1334, 40
1335, 0
1336, 0
1337, 74
1338, 49
1339, 41
1340, 40
1341, 41
1342, 41
1343, 0
1344, 0
1345, 61
1346, 53
1347, 41
1348, 39
1349, 39
1350, 0
1351, 0
1352, 0
1353, 59
1354, 44
1355, 41
1356, 41
1357, 38
1358, 0
1359, 0
1360, 0
1361, 71
1362, 51
1363, 46
1364, 44
1365, 0
1366, 0
1367, 0
1368, 0
1369, 65
1370, 54
1371, 41
1372, 0
1373, 41
1374, 0
1375, 0
1376, 0
1377, 61
1378, 53
1379, 0
1380, 48
1381, 0
1382, 0
1383, 0
1384, 0
1385, 0
1386, 0
1387, 38
1388, 0
1389, 32
1390, 0
1391, 0
1392, 0
1393, 62
1394, 57
1395, 50
1396, 49
1397, 49
1398, 0
1399, 50
1400, 0
1401, 0
1402, 45
1403, 42
1404, 40
1405, 38
1406, 0
1407, 0
1408, 0
1409, 47
1410, 0
1411, 36
1412, 33
1413, 31
1414, 0
1415, 0
1416, 0
1417, 51
1418, 50
1419, 47
1420, 47
1421, 0
1422, 0
1423, 0
1424, 0
1425, 63
1426, 51
1427, 48
1428, 48
1429, 48
1430, 46
1431, 0
1432, 0
1433, 43
1434, 0
1435, 35
1436, 33
1437, 31
1438, 32
1439, 0
1440, 0
1441, 64
1442, 65
1443, 50
1444, 48
1445, 48
1446, 48
1447, 0
1448, 0
1449, 58
1450, 43
1451, 41
1452, 40
1453, 0
1454, 0
1455, 0
1456, 0
1457, 63
1458, 51
1459, 41
1460, 0
1461, 43
1462, 0
1463, 0
1464, 0
1465, 72
1466, 64
1467, 48
1468, 47
1469, 47
1470, 47
1471, 0
1472, 0
1473, 63
1474, 57
1475, 50
1476, 49
1477, 48
1478, 0
1479, 0
1480, 0
1481, 56
1482, 50
1483, 43
1484, 40
1485, 39
1486, 38
1487, 0
1488, 0
1489, 67
1490, 0
1491, 42
1492, 40
1493, 39
1494, 0
1495, 0
1496, 0
1497, 64
1498, 0
1499, 44
1500, 42
1501, 41
1502, 40
1503, 0
1504, 0
1505, 51
1506, 0
1507, 32
1508, 30
1509, 31
1510, 34
1511, 0
1512, 0
1513, 57
1514, 46
1515, 40
1516, 39
1517, 40
1518, 40
1519, 0
1520, 0
1521, 54
1522, 47
1523, 41
1524, 39
1525, 39
1526, 39
1527, 0
1528, 0
1529, 56
1530, 46
1531, 42
1532, 41
1533, 40
1534, 41
1535, 0
1536, 0
1537, 56
1538, 51
1539, 43
1540, 40
1541, 40
1542, 40
1543, 0
1544, 0
1545, 0
1546, 50
1547, 0
1548, 0
1549, 41
1550, 38
1551, 0
1552, 0
1553, 51
1554, 44
1555, 35
1556, 33
1557, 32
1558, 0
1559, 0
1560, 0
1561, 47
1562, 40
1563, 34
1564, 33
1565, 32
1566, 33
1567, 0
1568, 0
1569, 50
1570, 0
1571, 34
1572, 32
1573, 31
1574, 33
1575, 0
1576, 0
1577, 43
1578, 0
1579, 31
1580, 31
1581, 32
1582, 0
1583, 0
1584, 0
1585, 57
1586, 44
1587, 41
1588, 39
1589, 39
1590, 40
1591, 0
1592, 0
1593, 0
1594, 0
1595, 37
1596, 35
1597, 0
1598, 31
1599, 0
1600, 0
1601, 48
1602, 0
1603, 37
1604, 34
1605, 31
1606, 0
1607, 0
1608, 0
1609, 55
1610, 0
1611, 43
1612, 40
1613, 40
1614, 40
1615, 0
1616, 0
1617, 48
1618, 0
1619, 34
1620, 30
1621, 29
1622, 31
1623, 0
1624, 0
1625, 39
1626, 30
1627, 29
1628, 29
1629, 28
1630, 0
1631, 0
1632, 0
1633, 48
1634, 38
1635, 34
1636, 30
1637, 29
1638, 31
1639, 0
1640, 0
1641, 45
1642, 0
1643, 31
1644, 30
1645, 30
1646, 32
1647, 0
1648, 0
1649, 49
1650, 46
1651, 39
1652, 37
1653, 39
1654, 41
1655, 0
1656, 0
1657, 45
1658, 0
1659, 39
1660, 0
1661, 0
1662, 34
1663, 0
1664, 0
1665, 52
1666, 0
1667, 34
1668, 32
1669, 32
1670, 0
1671, 0
1672, 0
1673, 48
1674, 39
1675, 38
1676, 0
1677, 43
1678, 0
1679, 0
1680, 0
1681, 43
1682, 36
1683, 32
1684, 33
1685, 32
1686, 0
1687, 0
1688, 0
1689, 42
1690, 38
1691, 37
1692, 38
1693, 39
1694, 39
1695, 0
1696, 0
1697, 0
1698, 0
1699, 36
1700, 33
1701, 32
1702, 32
1703, 0
1704, 0
1705, 46
1706, 45
1707, 41
1708, 39
1709, 37
1710, 40
1711, 0
1712, 0
1713, 47
1714, 40
1715, 37
1716, 0
1717, 31
1718, 0
1719, 0
1720, 0
1721, 39
1722, 34
1723, 33
1724, 32
1725, 31
1726, 0
1727, 0
1728, 0
1729, 64
1730, 48
1731, 43
1732, 41
1733, 40
1734, 0
1735, 0
1736, 0
1737, 56
1738, 43
1739, 43
1740, 40
1741, 40
1742, 40
1743, 0
1744, 0
1745, 49
1746, 47
1747, 40
1748, 40
1749, 40
1750, 39
1751, 0
1752, 0
1753, 46
1754, 0
1755, 36
1756, 0
1757, 31
1758, 32
1759, 0
1760, 0
1761, 0
1762, 0
1763, 35
1764, 33
1765, 31
1766, 0
1767, 0
1768, 0
1769, 48
1770, 40
1771, 34
1772, 30
1773, 31
1774, 0
1775, 0
1776, 0
1777, 43
1778, 33
1779, 32
1780, 33
1781, 33
1782, 32
1783, 0
1784, 0
1785, 40
1786, 40
1787, 33
1788, 31
1789, 32
1790, 0
1791, 0
1792, 0
1793, 41
1794, 41
1795, 39
1796, 40
1797, 42
1798, 0
1799, 0
1800, 0
1801, 44
1802, 43
1803, 42
1804, 41
1805, 41
1806, 41
1807, 41
1808, 41
1809, 38
1810, 0
1811, 41
1812, 41
1813, 0
1814, 0
1815, 0
1816, 0
1817, 62
1818, 35
1819, 28
1820, 24
1821, 24
1822, 24
1823, 0
1824, 0
1825, 55
1826, 37
1827, 33
1828, 33
1829, 33
1830, 0
1831, 0
1832, 0
1833, 39
1834, 0
1835, 38
1836, 0
1837, 39
1838, 42
1839, 41
1840, 40
1841, 38
1842, 33
1843, 33
1844, 32
1845, 31
1846, 0
1847, 0
1848, 0
1849, 48
1850, 39
1851, 35
1852, 30
1853, 30
1854, 33
1855, 0
1856, 0
1857, 46
1858, 43
1859, 40
1860, 41
1861, 41
1862, 40
1863, 40
1864, 41
1865, 41
1866, 33
1867, 32
1868, 30
1869, 31
1870, 31
1871, 0
1872, 0
1873, 48
1874, 0
1875, 35
1876, 0
1877, 31
1878, 0
1879, 0
1880, 0
1881, 44
1882, 36
1883, 33
1884, 33
1885, 31
1886, 0
1887, 34
1888, 32
1889, 0
1890, 0
1891, 34
1892, 0
1893, 30
1894, 32
1895, 0
1896, 0
1897, 47
1898, 42
1899, 0
1900, 35
1901, 34
1902, 34
1903, 0
1904, 0
1905, 0
1906, 0
1907, 34
1908, 33
1909, 31
1910, 31
1911, 0
1912, 0
1913, 40
1914, 33
1915, 34
1916, 33
1917, 32
1918, 31
1919, 0
1920, 0
1921, 46
1922, 47
1923, 36
1924, 0
1925, 0
1926, 33
1927, 32
1928, 31
1929, 25
1930, 0
1931, 26
1932, 25
1933, 0
1934, 0
1935, 0
1936, 0
1937, 40
1938, 38
1939, 33
1940, 32
1941, 30
1942, 28
1943, 0
1944, 0
1945, 49
1946, 42
1947, 39
1948, 39
1949, 37
1950, 37
1951, 39
1952, 41
1953, 41
1954, 33
1955, 32
1956, 32
1957, 30
1958, 32
1959, 0
1960, 0
1961, 45
1962, 36
1963, 0
1964, 32
1965, 33
1966, 31
1967, 0
1968, 0
1969, 39
1970, 33
1971, 31
1972, 32
1973, 31
1974, 32
1975, 0
1976, 0
1977, 33
1978, 31
1979, 28
1980, 29
1981, 31
1982, 32
1983, 0
1984, 0
1985, 40
1986, 38
1987, 35
1988, 33
1989, 0
1990, 32
1991, 0
1992, 0
1993, 39
1994, 34
1995, 33
1996, 33
1997, 33
1998, 0
1999, 0
2000, 0
2001, 41
2002, 32
2003, 31
2004, 32
2005, 32
2006, 32
2007, 30
2008, 28
2009, 31
2010, 31
2011, 0
2012, 35
2013, 0
2014, 31
2015, 0
2016, 0
2017, 48
2018, 37
2019, 34
2020, 33
2021, 34
2022, 31
2023, 31
2024, 31
2025, 31
2026, 32
2027, 32
2028, 29
2029, 31
2030, 32
2031, 0
2032, 0
2033, 42
2034, 36
2035, 34
2036, 33
2037, 36
2038, 0
2039, 31
2040, 32
2041, 31
2042, 32
2043, 33
2044, 31
2045, 0
2046, 0
2047, 0
2048, 0
2049, 43
2050, 36
2051, 33
2052, 32
2053, 32
2054, 33
2055, 32
2056, 33
2057, 32
2058, 32
2059, 31
2060, 30
2061, 29
2062, 33
2063, 0
2064, 0
2065, 33
2066, 0
2067, 29
2068, 25
2069, 24
2070, 25
2071, 0
2072, 0
2073, 0
2074, 34
2075, 32
2076, 33
2077, 32
2078, 32
2079, 0
2080, 0
2081, 39
2082, 0
2083, 25
2084, 24
2085, 23
2086, 23
2087, 0
2088, 0
2089, 34
2090, 0
2091, 29
2092, 30
2093, 33
2094, 33
2095, 0
2096, 0
2097, 0
2098, 31
2099, 0
2100, 34
2101, 0
2102, 0
2103, 35
2104, 0
2105, 39
2106, 34
2107, 33
2108, 31
2109, 30
2110, 30
2111, 0
2112, 34
2113, 0
2114, 30
2115, 24
2116, 24
2117, 24
2118, 0
2119, 0
2120, 0
2121, 41
2122, 35
2123, 34
2124, 34
2125, 31
2126, 30
2127, 33
2128, 33
2129, 31
2130, 0
2131, 29
2132, 26
2133, 22
2134, 0
2135, 0
2136, 0
2137, 40
2138, 35
2139, 30
2140, 28
2141, 31
2142, 34
2143, 31
2144, 29
2145, 30
2146, 32
2147, 25
2148, 25
2149, 24
2150, 25
2151, 0
2152, 0
2153, 33
2154, 0
2155, 24
2156, 26
2157, 25
2158, 0
2159, 0
2160, 0
2161, 0
2162, 31
2163, 30
2164, 31
2165, 32
2166, 0
2167, 0
2168, 0
2169, 40
2170, 34
2171, 31
2172, 31
2173, 0
2174, 32
2175, 0
2176, 0
2177, 40
2178, 33
2179, 32
2180, 34
2181, 33
2182, 31
2183, 0
2184, 0
2185, 40
2186, 0
2187, 34
2188, 0
2189, 31
2190, 31
2191, 33
2192, 0
2193, 38
2194, 33
2195, 32
2196, 33
2197, 32
2198, 31
2199, 30
2200, 31
2201, 32
2202, 31
2203, 30
2204, 31
2205, 30
2206, 29
2207, 0
2208, 0
2209, 40
2210, 31
2211, 27
2212, 24
2213, 23
2214, 23
2215, 0
2216, 0
2217, 32
2218, 32
2219, 31
2220, 30
2221, 0
2222, 33
2223, 33
2224, 32
2225, 32
2226, 25
2227, 23
2228, 23
2229, 23
2230, 23
2231, 0
2232, 0
2233, 0
2234, 0
2235, 27
2236, 24
2237, 0
2238, 0
2239, 0
2240, 28
2241, 0
2242, 25
2243, 0
2244, 24
2245, 31
2246, 32
2247, 30
2248, 31
2249, 32
2250, 0
2251, 24
2252, 0
2253, 23
2254, 0
2255, 26
2256, 0
2257, 31
2258, 27
2259, 24
2260, 24
2261, 26
2262, 23
2263, 0
2264, 0
2265, 31
2266, 31
2267, 25
2268, 25
2269, 25
2270, 24
2271, 24
2272, 24
2273, 0
2274, 0
2275, 26
2276, 0
2277, 24
2278, 24
2279, 0
2280, 0
2281, 33
2282, 32
2283, 24
2284, 24
2285, 24
2286, 23
2287, 0
2288, 0
2289, 0
2290, 35
2291, 0
2292, 32
2293, 32
2294, 30
2295, 0
2296, 0
2297, 39
2298, 32
2299, 31
2300, 31
2301, 33
2302, 32
2303, 32
2304, 31
2305, 31
2306, 32
2307, 32
2308, 31
2309, 29
2310, 30
2311, 32
2312, 31
2313, 32
2314, 28
2315, 26
2316, 24
2317, 0
2318, 0
2319, 0
2320, 0
2321, 30
2322, 24
2323, 25
2324, 23
2325, 0
2326, 25
2327, 0
2328, 0
2329, 0
2330, 29
2331, 25
2332, 25
2333, 24
2334, 23
2335, 0
2336, 0
2337, 31
2338, 32
2339, 32
2340, 32
2341, 29
2342, 31
2343, 33
2344, 33
2345, 27
2346, 26
2347, 26
2348, 25
2349, 0
2350, 26
2351, 24
2352, 0
2353, 34
2354, 33
2355, 31
2356, 0
2357, 34
2358, 32
2359, 32
2360, 33
2361, 0
2362, 28
2363, 0
2364, 21
2365, 20
2366, 21
2367, 20
2368, 0
2369, 29
2370, 30
2371, 26
2372, 24
2373, 25
2374, 24
2375, 24
2376, 24
2377, 0
2378, 26
2379, 25
2380, 0
2381, 22
2382, 0
2383, 34
2384, 33
2385, 0
2386, 0
2387, 26
2388, 25
2389, 24
2390, 24
2391, 22
2392, 21
2393, 22
2394, 0
2395, 16
2396, 15
2397, 15
2398, 15
2399, 0
2400, 0
2401, 31
2402, 32
2403, 32
2404, 32
2405, 32
2406, 31
2407, 0
2408, 35
2409, 0
2410, 32
2411, 31
2412, 32
2413, 33
2414, 30
2415, 32
2416, 32
2417, 31
2418, 32
2419, 0
2420, 34
2421, 0
2422, 33
2423, 0
2424, 0
2425, 39
2426, 29
2427, 25
2428, 24
2429, 23
2430, 0
2431, 0
2432, 0
2433, 29
2434, 30
2435, 26
2436, 24
2437, 24
2438, 0
2439, 0
2440, 0
2441, 32
2442, 32
2443, 31
2444, 32
2445, 33
2446, 31
2447, 31
2448, 32
2449, 25
2450, 25
2451, 22
2452, 21
2453, 20
2454, 19
2455, 19
2456, 22
2457, 25
2458, 24
2459, 23
2460, 25
2461, 24
2462, 22
2463, 0
2464, 0
2465, 29
2466, 28
2467, 25
2468, 23
2469, 22
2470, 24
2471, 0
2472, 0
2473, 0
2474, 32
2475, 32
2476, 29
2477, 28
2478, 30
2479, 32
2480, 32
2481, 31
2482, 29
2483, 29
2484, 32
2485, 32
2486, 33
2487, 31
2488, 29
2489, 33
2490, 0
2491, 34
2492, 35
2493, 0
2494, 31
2495, 34
2496, 33
2497, 34
2498, 0
2499, 21
2500, 0
2501, 16
2502, 0
2503, 0
2504, 0
2505, 0
2506, 26
2507, 0
2508, 24
2509, 24
2510, 24
2511, 24
2512, 25
2513, 24
2514, 23
2515, 24
2516, 24
2517, 0
2518, 26
2519, 0
2520, 0
2521, 32
2522, 31
2523, 29
2524, 30
2525, 31
2526, 32
2527, 33
2528, 32
2529, 32
2530, 33
2531, 32
2532, 33
2533, 0
2534, 32
2535, 32
2536, 31
2537, 25
2538, 25
2539, 26
2540, 24
2541, 24
2542, 25
2543, 26
2544, 0
2545, 24
2546, 25
2547, 24
2548, 24
2549, 24
2550, 0
2551, 26
2552, 0
2553, 31
2554, 23
2555, 22
2556, 22
2557, 24
2558, 25
2559, 24
2560, 24
2561, 23
2562, 25
2563, 23
2564, 0
2565, 24
2566, 24
2567, 0
2568, 0
2569, 32
2570, 34
2571, 32
2572, 33
2573, 33
2574, 31
2575, 33
2576, 34
2577, 33
2578, 31
2579, 31
2580, 33
2581, 32
2582, 32
2583, 32
2584, 33
2585, 33
2586, 31
2587, 32
2588, 32
2589, 32
2590, 31
2591, 0
2592, 34
2593, 0
2594, 28
2595, 0
2596, 25
2597, 0
2598, 0
2599, 26
2600, 0
2601, 23
2602, 23
2603, 22
2604, 24
2605, 23
2606, 22
2607, 0
2608, 27
2609, 0
2610, 24
2611, 25
2612, 23
2613, 0
2614, 26
2615, 0
2616, 0
2617, 33
2618, 33
2619, 33
2620, 37
2621, 39
2622, 0
2623, 40
2624, 0
2625, 0
2626, 0
2627, 0
2628, 22
2629, 23
2630, 23
2631, 0
2632, 0
2633, 32
2634, 29
2635, 29
2636, 28
2637, 30
2638, 0
2639, 32
2640, 33
2641, 32
2642, 31
2643, 33
2644, 34
2645, 0
2646, 31
2647, 31
2648, 31
2649, 31
2650, 31
2651, 0
2652, 34
2653, 32
2654, 32
2655, 32
2656, 33
2657, 0
2658, 33
2659, 34
2660, 34
2661, 33
2662, 32
2663, 32
2664, 33
2665, 34
2666, 0
2667, 29
2668, 30
2669, 31
2670, 32
2671, 29
2672, 29
2673, 31
2674, 27
2675, 26
2676, 0
2677, 23
2678, 24
2679, 0
2680, 0
2681, 32
2682, 31
2683, 0
2684, 33
2685, 32
2686, 33
2687, 33
2688, 30
2689, 31
2690, 23
2691, 19
2692, 17
2693, 18
2694, 16
2695, 0
2696, 18
2697, 0
2698, 17
2699, 18
2700, 18
2701, 0
2702, 16
2703, 16
2704, 0
2705, 24
2706, 0
2707, 19
2708, 17
2709, 15
2710, 14
2711, 0
2712, 0
2713, 23
2714, 23
2715, 23
2716, 23
2717, 24
2718, 23
2719, 0
2720, 26
2721, 24
2722, 24
2723, 24
2724, 24
2725, 23
2726, 23
2727, 0
2728, 0
2729, 32
2730, 31
2731, 33
2732, 32
2733, 32
2734, 33
2735, 32
2736, 29
2737, 30
2738, 32
2739, 31
2740, 32
2741, 31
2742, 30
2743, 33
2744, 0
2745, 0
2746, 23
2747, 23
2748, 21
2749, 21
2750, 0
2751, 25
2752, 26
2753, 26
2754, 0
2755, 22
2756, 23
2757, 22
2758, 24
2759, 24
2760, 24
2761, 24
2762, 24
2763, 24
2764, 23
2765, 22
2766, 22
2767, 0
2768, 0
2769, 30
2770, 31
2771, 29
2772, 30
2773, 32
2774, 32
2775, 33
2776, 33
2777, 32
2778, 33
2779, 33
2780, 31
2781, 32
2782, 33
2783, 32
2784, 33
2785, 31
2786, 30
2787, 30
2788, 31
2789, 32
2790, 32
2791, 32
2792, 32
2793, 31
2794, 32
2795, 31
2796, 31
2797, 33
2798, 32
2799, 32
2800, 32
2801, 32
2802, 31
2803, 32
2804, 31
2805, 32
2806, 33
2807, 31
2808, 29
2809, 30
2810, 31
2811, 31
2812, 31
2813, 31
2814, 31
2815, 31
2816, 32
2817, 31
2818, 32
2819, 31
2820, 31
2821, 32
2822, 32
2823, 33
2824, 32
2825, 32
2826, 33
2827, 33
2828, 32
2829, 31
2830, 33
2831, 33
2832, 31
2833, 34
2834, 33
2835, 32
2836, 33
2837, 32
2838, 31
2839, 32
2840, 31
2841, 31
2842, 32
2843, 31
2844, 30
2845, 31
2846, 32
2847, 33
2848, 30
2849, 30
2850, 32
2851, 33
2852, 32
2853, 31
2854, 32
2855, 32
2856, 30
2857, 30
2858, 31
2859, 31
2860, 32
2861, 32
2862, 32
2863, 32
2864, 0
2865, 0
2866, 22
2867, 23
2868, 25
2869, 24
2870, 0
2871, 0
2872, 26
2873, 24
2874, 0
2875, 23
2876, 25
2877, 23
2878, 23
2879, 24
2880, 25
2881, 25
2882, 24
2883, 25
2884, 24
2885, 23
2886, 23
2887, 23
2888, 23
2889, 23
2890, 24
2891, 24
2892, 23
2893, 23
2894, 25
2895, 24
2896, 23
2897, 23
2898, 24
2899, 26
2900, 28
2901, 29
2902, 31
2903, 31
2904, 0
2905, 0
2906, 0
2907, 0
2908, 24
2909, 24
2910, 23
2911, 24
2912, 24
2913, 24
2914, 24
2915, 23
2916, 28
2917, 31
2918, 30
2919, 32
2920, 33
2921, 32
2922, 34
2923, 0
2924, 32
2925, 33
2926, 33
2927, 33
2928, 33
2929, 33
2930, 31
2931, 31
2932, 32
2933, 33
2934, 30
2935, 31
2936, 31
2937, 31
2938, 31
2939, 32
2940, 30
2941, 33
2942, 32
2943, 31
2944, 33
2945, 0
2946, 31
2947, 31
2948, 0
2949, 33
2950, 0
2951, 31
2952, 33
2953, 32
2954, 32
2955, 32
2956, 32
2957, 0
2958, 29
2959, 31
2960, 32
2961, 32
2962, 0
2963, 36
2964, 0
2965, 0
2966, 0
2967, 31
2968, 33
2969, 32
2970, 31
2971, 31
2972, 30
2973, 32
2974, 33
2975, 33
2976, 31
2977, 32
2978, 32
2979, 30
2980, 30
2981, 31
2982, 30
2983, 31
2984, 0
2985, 0
2986, 24
2987, 24
2988, 22
2989, 21
2990, 23
2991, 24
2992, 0
2993, 0
2994, 19
2995, 0
2996, 16
2997, 17
2998, 17
2999, 17
3000, 16
3001, 18
3002, 16
3003, 0
3004, 24
3005, 0
3006, 0
3007, 26
3008, 0
3009, 0
3010, 0
3011, 0
3012, 32
3013, 0
3014, 32
3015, 32
3016, 34
3017, 33
3018, 31
3019, 32
3020, 31
3021, 30
3022, 32
3023, 32
3024, 33
3025, 30
3026, 29
3027, 30
3028, 31
3029, 29
3030, 30
3031, 32
3032, 33
3033, 32
3034, 32
3035, 34
3036, 33
3037, 32
3038, 32
3039, 32
3040, 32
3041, 32
3042, 33
3043, 32
3044, 32
3045, 31
3046, 33
3047, 32
3048, 31
3049, 32
3050, 33
3051, 31
3052, 32
3053, 32
3054, 33
3055, 33
3056, 0
3057, 0
3058, 0
3059, 16
3060, 15
3061, 15
3062, 17
3063, 16
3064, 15
3065, 17
3066, 16
3067, 18
3068, 22
3069, 24
3070, 24
3071, 23
3072, 24
3073, 24
3074, 24
3075, 26
3076, 26
3077, 26
3078, 27
3079, 31
3080, 0
3081, 34
3082, 0
3083, 30
3084, 30
3085, 32
3086, 33
3087, 31
3088, 33
3089, 33
3090, 32
3091, 32
3092, 33
3093, 31
3094, 33
3095, 31
3096, 29
3097, 29
3098, 31
3099, 31
3100, 32
3101, 34
3102, 30
3103, 30
3104, 31
3105, 28
3106, 28
3107, 31
3108, 32
3109, 31
3110, 32
3111, 31
3112, 0
3113, 0
3114, 0
3115, 0
3116, 24
3117, 32
3118, 30
3119, 32
3120, 33
3121, 32
3122, 31
3123, 31
3124, 33
3125, 31
3126, 30
3127, 30
3128, 0
3129, 33
3130, 0
3131, 32
3132, 33
3133, 29
3134, 29
3135, 31
3136, 32
3137, 30
3138, 0
3139, 35
3140, 0
3141, 0
3142, 33
3143, 33
3144, 30
3145, 31
3146, 32
3147, 32
3148, 33
3149, 32
3150, 31
3151, 29
3152, 0
3153, 0
3154, 16
3155, 16
3156, 15
3157, 16
3158, 16
3159, 15
3160, 17
3161, 16
3162, 16
3163, 18
3164, 29
3165, 32
3166, 29
3167, 29
3168, 31
3169, 33
3170, 32
3171, 31
3172, 33
3173, 33
3174, 35
3175, 0
3176, 30
3177, 32
3178, 32
3179, 31
3180, 32
3181, 0
3182, 34
3183, 33
3184, 32
3185, 30
3186, 31
3187, 32
3188, 33
3189, 33
3190, 31
3191, 32
3192, 0
3193, 0
3194, 0
3195, 0
3196, 33
3197, 40
3198, 40
3199, 39
3200, 0
3201, 0
3202, 29
3203, 30
3204, 31
3205, 30
3206, 32
3207, 33
3208, 32
3209, 32
3210, 33
3211, 29
3212, 29
3213, 29
3214, 32
3215, 31
3216, 31
3217, 33
3218, 30
3219, 29
3220, 30
3221, 30
3222, 31
3223, 32
3224, 0
3225, 24
3226, 24
3227, 26
3228, 27
3229, 39
3230, 39
3231, 0
3232, 0
3233, 0
3234, 0
3235, 33
3236, 32
3237, 0
3238, 32
3239, 32
3240, 33
3241, 33
3242, 32
3243, 32
3244, 31
3245, 29
3246, 30
3247, 31
3248, 0
3249, 0
3250, 24
3251, 25
3252, 26
3253, 32
3254, 34
3255, 33
3256, 0
3257, 0
3258, 23
3259, 21
3260, 23
3261, 24
3262, 24
3263, 24
3264, 26
3265, 24
3266, 24
3267, 26
3268, 31
3269, 0
3270, 34
3271, 0
3272, 31
3273, 32
3274, 33
3275, 31
3276, 32
3277, 32
3278, 30
3279, 31
3280, 0
3281, 0
3282, 25
3283, 24
3284, 24
3285, 26
3286, 30
3287, 29
3288, 0
3289, 0
3290, 24
3291, 25
3292, 30
3293, 32
3294, 0
3295, 0
3296, 35
3297, 33
3298, 32
3299, 0
3300, 35
3301, 34
3302, 0
3303, 32
3304, 0
3305, 0
3306, 0
3307, 24
3308, 25
3309, 0
3310, 31
3311, 0
3312, 0
3313, 0
3314, 22
3315, 26
3316, 29
3317, 31
3318, 0
3319, 0
3320, 34
3321, 34
3322, 0
3323, 32
3324, 32
3325, 32
3326, 32
3327, 32
3328, 32
3329, 30
3330, 0
3331, 36
3332, 39
3333, 0
3334, 0
3335, 42
3336, 0
3337, 0
3338, 32
3339, 31
3340, 30
3341, 30
3342, 31
3343, 33
3344, 0
3345, 0
3346, 24
3347, 24
3348, 29
3349, 29
3350, 31
3351, 34
3352, 0
3353, 0
3354, 24
3355, 26
3356, 30
3357, 32
3358, 0
3359, 0
3360, 35
3361, 34
3362, 31
3363, 28
3364, 30
3365, 36
3366, 38
3367, 40
3368, 0
3369, 0
3370, 32
3371, 33
3372, 32
3373, 32
3374, 31
3375, 0
3376, 0
3377, 0
3378, 0
3379, 21
3380, 22
3381, 24
3382, 31
3383, 32
3384, 30
3385, 33
3386, 33
3387, 32
3388, 31
3389, 30
3390, 31
3391, 32
3392, 0
3393, 0
3394, 23
3395, 27
3396, 0
3397, 33
3398, 33
3399, 0
3400, 0
3401, 0
3402, 24
3403, 24
3404, 27
3405, 28
3406, 0
3407, 32
3408, 30
3409, 30
3410, 32
3411, 34
3412, 40
3413, 38
3414, 39
3415, 40
3416, 0
3417, 31
3418, 32
3419, 32
3420, 33
3421, 33
3422, 31
3423, 32
3424, 0
3425, 0
3426, 25
3427, 26
3428, 29
3429, 41
3430, 41
3431, 38
3432, 0
3433, 0
3434, 0
3435, 30
3436, 30
3437, 31
3438, 33
3439, 32
3440, 32
3441, 32
3442, 33
3443, 35
3444, 0
3445, 39
3446, 38
3447, 38
3448, 0
3449, 0
3450, 26
3451, 23
3452, 25
3453, 29
3454, 28
3455, 32
3456, 33
3457, 31
3458, 0
3459, 34
3460, 0
3461, 37
3462, 0
3463, 0
3464, 0
3465, 0
3466, 26
3467, 26
3468, 28
3469, 36
3470, 39
3471, 41
3472, 0
3473, 30
3474, 31
3475, 0
3476, 34
3477, 0
3478, 32
3479, 33
3480, 0
3481, 0
3482, 24
3483, 25
3484, 26
3485, 33
3486, 0
3487, 31
3488, 0
3489, 0
3490, 24
3491, 24
3492, 23
3493, 31
3494, 32
3495, 32
3496, 32
3497, 31
3498, 30
3499, 31
3500, 33
3501, 40
3502, 41
3503, 40
3504, 0
3505, 0
3506, 30
3507, 31
3508, 30
3509, 32
3510, 38
3511, 41
3512, 0
3513, 0
3514, 32
3515, 0
3516, 34
3517, 0
3518, 32
3519, 32
3520, 0
3521, 0
3522, 24
3523, 25
3524, 28
3525, 42
3526, 40
3527, 38
3528, 0
3529, 0
3530, 0
3531, 0
3532, 24
3533, 24
3534, 24
3535, 24
3536, 0
3537, 0
3538, 17
3539, 0
3540, 15
3541, 23
3542, 24
3543, 24
3544, 25
3545, 25
3546, 24
3547, 22
3548, 25
3549, 30
3550, 32
3551, 32
3552, 0
3553, 0
3554, 25
3555, 24
3556, 29
3557, 32
3558, 32
3559, 32
3560, 0
3561, 0
3562, 23
3563, 26
3564, 31
3565, 38
3566, 41
3567, 0
3568, 0
3569, 0
3570, 42
3571, 0
3572, 38
3573, 40
3574, 41
3575, 41
3576, 0
3577, 32
3578, 32
3579, 33
3580, 36
3581, 38
3582, 39
3583, 39
3584, 0
3585, 31
3586, 32
3587, 33
3588, 35
3589, 40
3590, 40
3591, 38
3592, 0
3593, 0
3594, 22
3595, 25
3596, 33
3597, 33
3598, 0
3599, 0
3600, 33
3601, 0
3602, 33
3603, 34
3604, 41
3605, 41
3606, 40
3607, 40
3608, 0
3609, 0
3610, 24
3611, 25
3612, 30
3613, 32
3614, 32
3615, 32
3616, 0
3617, 0
3618, 0
3619, 23
3620, 31
3621, 37
3622, 0
3623, 0
3624, 0
3625, 0
3626, 30
3627, 32
3628, 33
3629, 40
3630, 39
3631, 39
3632, 0
3633, 31
3634, 32
3635, 31
3636, 0
3637, 38
3638, 0
3639, 40
3640, 0
3641, 0
3642, 32
3643, 32
3644, 39
3645, 40
3646, 0
3647, 42
3648, 0
3649, 33
3650, 32
3651, 32
3652, 34
3653, 39
3654, 40
3655, 39
3656, 0
3657, 0
3658, 20
3659, 21
3660, 25
3661, 32
3662, 0
3663, 30
3664, 31
3665, 32
3666, 32
3667, 33
3668, 36
3669, 0
3670, 41
3671, 39
3672, 0
3673, 0
3674, 24
3675, 25
3676, 33
3677, 33
3678, 32
3679, 31
3680, 0
3681, 0
3682, 24
3683, 26
3684, 0
3685, 41
3686, 0
3687, 38
3688, 0
3689, 0
3690, 27
3691, 28
3692, 0
3693, 42
3694, 0
3695, 40
3696, 0
3697, 0
3698, 0
3699, 35
3700, 41
3701, 42
3702, 0
3703, 0
3704, 0
3705, 0
3706, 0
3707, 35
3708, 40
3709, 48
3710, 47
3711, 45
3712, 0
3713, 0
3714, 0
3715, 44
3716, 47
3717, 47
3718, 47
3719, 48
3720, 0
3721, 0
3722, 0
3723, 0
3724, 31
3725, 42
3726, 41
3727, 38
3728, 0
3729, 0
3730, 30
3731, 31
3732, 32
3733, 42
3734, 41
3735, 0
3736, 0
3737, 0
3738, 24
3739, 27
3740, 29
3741, 41
3742, 0
3743, 38
3744, 38
3745, 38
3746, 40
3747, 40
3748, 45
3749, 47
3750, 47
3751, 48
3752, 0
3753, 0
3754, 0
3755, 31
3756, 39
3757, 0
3758, 41
3759, 0
3760, 0
3761, 0
3762, 0
3763, 32
3764, 34
3765, 49
3766, 48
3767, 49
3768, 0
3769, 0
3770, 0
3771, 33
3772, 38
3773, 49
3774, 49
3775, 49
3776, 0
3777, 0
3778, 32
3779, 34
3780, 45
3781, 51
3782, 50
3783, 48
3784, 0
3785, 0
3786, 32
3787, 0
3788, 34
3789, 33
3790, 33
3791, 34
3792, 0
3793, 0
3794, 24
3795, 25
3796, 29
3797, 42
3798, 0
3799, 0
3800, 0
3801, 0
3802, 30
3803, 32
3804, 35
3805, 43
3806, 48
3807, 0
3808, 0
3809, 0
3810, 0
3811, 34
3812, 37
3813, 0
3814, 49
3815, 0
3816, 0
3817, 0
3818, 29
3819, 28
3820, 31
3821, 34
3822, 0
3823, 0
3824, 0
3825, 35
3826, 0
3827, 0
3828, 41
3829, 0
3830, 46
3831, 46
3832, 0
3833, 0
3834, 31
3835, 34
3836, 48
3837, 0
3838, 49
3839, 49
3840, 0
3841, 0
3842, 0
3843, 34
3844, 35
3845, 41
3846, 41
3847, 0
3848, 44
3849, 0
3850, 0
3851, 39
3852, 43
3853, 49
3854, 46
3855, 46
3856, 0
3857, 0
3858, 31
3859, 33
3860, 35
3861, 42
3862, 49
3863, 48
3864, 0
3865, 0
3866, 31
3867, 32
3868, 39
3869, 48
3870, 48
3871, 49
3872, 0
3873, 0
3874, 0
3875, 35
3876, 37
3877, 0
3878, 38
3879, 0
3880, 0
3881, 0
3882, 0
3883, 33
3884, 38
3885, 39
3886, 40
3887, 38
3888, 0
3889, 0
3890, 0
3891, 24
3892, 28
3893, 30
3894, 0
3895, 41
3896, 0
3897, 34
3898, 36
3899, 0
3900, 0
3901, 50
3902, 0
3903, 49
3904, 0
3905, 0
3906, 0
3907, 0
3908, 0
3909, 0
3910, 48
3911, 47
3912, 0
3913, 0
3914, 0
3915, 35
3916, 39
3917, 49
3918, 49
3919, 47
3920, 0
3921, 0
3922, 31
3923, 0
3924, 37
3925, 41
3926, 49
3927, 48
3928, 0
3929, 0
3930, 0
3931, 30
3932, 34
3933, 46
3934, 47
3935, 48
3936, 49
3937, 49
3938, 48
3939, 47
3940, 48
3941, 55
3942, 57
3943, 55
3944, 0
3945, 0
3946, 40
3947, 42
3948, 47
3949, 58
3950, 58
3951, 55
3952, 0
3953, 0
3954, 41
3955, 0
3956, 50
3957, 56
3958, 56
3959, 55
3960, 0
3961, 0
3962, 0
3963, 39
3964, 40
3965, 48
3966, 47
3967, 47
3968, 0
3969, 0
3970, 33
3971, 33
3972, 44
3973, 44
3974, 47
3975, 48
3976, 0
3977, 0
3978, 0
3979, 34
3980, 36
3981, 45
3982, 50
3983, 50
3984, 0
3985, 0
3986, 0
3987, 33
3988, 40
3989, 46
3990, 45
3991, 45
3992, 0
3993, 0
3994, 33
3995, 33
3996, 41
3997, 41
3998, 47
3999, 47
4000, 0
4001, 0
4002, 0
4003, 33
4004, 36
4005, 48
4006, 47
4007, 47
4008, 0
4009, 0
4010, 29
4011, 31
4012, 35
4013, 38
4014, 47
4015, 48
4016, 0
4017, 0
4018, 33
4019, 36
4020, 0
4021, 0
4022, 50
4023, 0
4024, 0
4025, 0
4026, 31
4027, 30
4028, 38
4029, 39
4030, 0
4031, 51
4032, 0
4033, 0
4034, 32
4035, 34
4036, 45
4037, 48
4038, 49
4039, 49
4040, 0
4041, 0
4042, 29
4043, 33
4044, 0
4045, 0
4046, 49
4047, 0
4048, 0
4049, 0
4050, 32
4051, 31
4052, 34
4053, 47
4054, 0
4055, 51
4056, 0
4057, 0
4058, 0
4059, 33
4060, 36
4061, 44
4062, 0
4063, 51
4064, 0
4065, 0
4066, 34
4067, 33
4068, 36
4069, 45
4070, 47
4071, 49
4072, 0
4073, 0
4074, 29
4075, 31
4076, 39
4077, 47
4078, 47
4079, 48
4080, 0
4081, 0
4082, 31
4083, 31
4084, 34
4085, 47
4086, 47
4087, 48
4088, 0
4089, 0
4090, 34
4091, 34
4092, 0
4093, 0
4094, 50
4095, 0
4096, 0
4097, 0
4098, 32
4099, 34
4100, 42
4101, 49
4102, 51
4103, 65
4104, 0
4105, 0
4106, 46
4107, 47
4108, 51
4109, 62
4110, 64
4111, 63
4112, 0
4113, 0
4114, 49
4115, 51
4116, 60
4117, 63
4118, 64
4119, 63
4120, 0
4121, 0
4122, 0
4123, 39
4124, 41
4125, 49
4126, 47
4127, 0
4128, 0
4129, 0
4130, 0
4131, 39
4132, 42
4133, 49
4134, 56
4135, 55
4136, 0
4137, 0
4138, 33
4139, 33
4140, 37
4141, 37
4142, 39
4143, 58
4144, 0
4145, 0
4146, 37
4147, 39
4148, 48
4149, 55
4150, 55
4151, 54
4152, 0
4153, 0
4154, 31
4155, 33
4156, 41
4157, 54
4158, 0
4159, 58
4160, 0
4161, 47
4162, 48
4163, 48
4164, 56
4165, 72
4166, 72
4167, 73
4168, 0
4169, 0
4170, 0
4171, 38
4172, 41
4173, 59
4174, 0
4175, 0
4176, 0
4177, 0
4178, 0
4179, 39
4180, 42
4181, 80
4182, 80
4183, 78
4184, 0
4185, 0
4186, 41
4187, 0
4188, 48
4189, 65
4190, 0
4191, 63
4192, 0
4193, 0
4194, 48
4195, 50
4196, 56
4197, 63
4198, 64
4199, 65
4200, 0
4201, 0
4202, 39
4203, 39
4204, 43
4205, 53
4206, 0
4207, 68
4208, 0
4209, 0
4210, 49
4211, 47
4212, 0
4213, 66
4214, 0
4215, 63
4216, 0
4217, 0
4218, 0
4219, 34
4220, 42
4221, 46
4222, 0
4223, 55
4224, 0
4225, 0
4226, 0
4227, 0
4228, 49
4229, 56
4230, 65
4231, 63
4232, 0
4233, 0
4234, 49
4235, 51
4236, 54
4237, 61
4238, 63
4239, 64
4240, 0
4241, 0
4242, 0
4243, 36
4244, 0
4245, 63
4246, 66
4247, 65
4248, 0
4249, 0
4250, 45
4251, 48
4252, 55
4253, 68
4254, 0
4255, 71
4256, 0
4257, 0
4258, 0
4259, 39
4260, 43
4261, 56
4262, 64
4263, 65
4264, 0
4265, 0
4266, 44
4267, 45
4268, 52
4269, 70
4270, 72
4271, 71
4272, 0
4273, 0
4274, 0
4275, 39
4276, 41
4277, 64
4278, 0
4279, 67
4280, 0
4281, 0
4282, 49
4283, 47
4284, 50
4285, 57
4286, 97
4287, 96
4288, 0
4289, 0
4290, 0
4291, 0
4292, 0
4293, 0
4294, 0
4295, 0
4296, 0
4297, 0
4298, 0
4299, 57
4300, 59
4301, 67
4302, 0
4303, 0
4304, 0
4305, 0
4306, 0
4307, 42
4308, 0
4309, 74
4310, 0
4311, 71
4312, 0
4313, 0
4314, 0
4315, 0
4316, 0
4317, 0
4318, 0
4319, 0
4320, 0
4321, 0
4322, 0
4323, 0
4324, 0
4325, 0
4326, 0
4327, 0
4328, 0
4329, 0
4330, 0
4331, 0
4332, 21
4333, 49
4334, 0
4335, 0
4336, 0
4337, 0
4338, 38
4339, 42
4340, 43
4341, 58
4342, 74
4343, 73
4344, 0
4345, 0
4346, 0
4347, 38
4348, 40
4349, 56
4350, 64
4351, 64
4352, 0
4353, 0
4354, 40
4355, 0
4356, 47
4357, 58
4358, 0
4359, 54
4360, 0
4361, 0
4362, 0
4363, 41
4364, 45
4365, 53
4366, 64
4367, 65
4368, 0
4369, 0
4370, 0
4371, 0
4372, 0
4373, 0
4374, 0
4375, 0
4376, 0
4377, 0
4378, 0
4379, 31
4380, 35
4381, 57
4382, 63
4383, 80
4384, 0
4385, 0
4386, 0
4387, 40
4388, 42
4389, 67
4390, 78
4391, 79
4392, 0
4393, 0
4394, 0
4395, 50
4396, 0
4397, 0
4398, 0
4399, 0
4400, 0
4401, 0
4402, 0
4403, 0
4404, 0
4405, 0
4406, 0
4407, 0
4408, 0
4409, 0
4410, 0
4411, 50
4412, 58
4413, 0
4414, 82
4415, 0
4416, 0
4417, 0
4418, 0
4419, 0
4420, 24
4421, 38
4422, 0
4423, 0
4424, 0
4425, 0
4426, 0
4427, 0
4428, 51
4429, 77
4430, 88
4431, 88
4432, 0
4433, 0
4434, 0
4435, 49
4436, 55
4437, 86
4438, 88
4439, 88
4440, 0
4441, 0
4442, 0
4443, 50
4444, 62
4445, 82
4446, 0
4447, 89
4448, 0
4449, 0
4450, 0
4451, 0
4452, 53
4453, 96
4454, 96
4455, 97
4456, 0
4457, 0
4458, 48
4459, 48
4460, 64
4461, 80
4462, 78
4463, 79
4464, 0
4465, 0
4466, 0
4467, 48
4468, 51
4469, 70
4470, 96
4471, 0
4472, 0
4473, 0
4474, 0
4475, 50
4476, 54
4477, 105
4478, 104
4479, 103
4480, 0
4481, 0
4482, 0
4483, 52
4484, 0
4485, 76
4486, 0
4487, 94
4488, 0
4489, 0
4490, 0
4491, 0
4492, 0
4493, 81
4494, 97
4495, 95
4496, 0
4497, 0
4498, 0
4499, 47
4500, 52
4501, 78
4502, 104
4503, 105
4504, 0
4505, 0
4506, 0
4507, 55
4508, 62
4509, 66
4510, 72
4511, 72
4512, 0
4513, 0
4514, 24
4515, 0
4516, 30
4517, 74
4518, 0
4519, 96
4520, 0
4521, 0
4522, 56
4523, 58
4524, 70
4525, 112
4526, 118
4527, 145
4528, 0
4529, 0
4530, 0
4531, 58
4532, 69
4533, 88
4534, 95
4535, 119
4536, 0
4537, 0
4538, 0
4539, 51
4540, 63
4541, 159
4542, 183
4543, 216
4544, 0
4545, 0
4546, 0
4547, 0
4548, 0
4549, 0
4550, 0
4551, 0
4552, 0
4553, 0
4554, 0
4555, 75
4556, 0
4557, 0
4558, 0
