0, 0
1, 0
2, 0
3, 0
4, 0
5, 0
6, 0
7, 0
8, 0
9, 0
10, 0
11, 0
12, 0
13, 0
14, 0
15, 0
16, 0
17, 0
18, 0
19, 0
20, 0
21, 0
22, 0
23, 0
24, 0
25, 0
26, 0
27, 0
28, 0
29, 0
30, 0
31, 0
32, 0
33, 0
34, 0
35, 0
36, 0
37, 0
38, 0
39, 0
40, 0
41, 0
42, 0
43, 0
44, 0
45, 0
46, 0
47, 0
48, 0
49, 0
50, 0
51, 0
52, 0
53, 0
54, 0
55, 0
56, 0
57, 0
58, 0
59, 0
60, 0
61, 0
62, 0
63, 0
64, 0
65, 0
66, 0
67, 0
68, 0
69, 0
70, 0
71, 0
72, 0
73, 0
74, 0
75, 0
76, 0
77, 0
78, 0
79, 0
80, 0
81, 0
82, 0
83, 0
84, 0
85, 0
86, 0
87, 0
88, 0
89, 0
90, 0
91, 0
92, 0
93, 0
94, 0
95, 0
96, 0
97, 0
98, 0
99, 0
100, 0
101, 0
102, 0
103, 0
104, 0
105, 0
106, 0
107, 0
108, 0
109, 0
110, 0
111, 0
112, 0
113, 0
114, 0
115, 0
116, 0
117, 0
118, 0
119, 0
120, 0
121, 0
122, 0
123, 0
124, 0
125, 0
126, 0
127, 0
128, 0
129, 0
130, 0
131, 0
132, 0
133, 0
134, 0
135, 0
136, 0
137, 0
138, 0
139, 0
140, 0
141, 0
142, 0
143, 0
144, 0
145, 0
146, 0
147, 0
148, 0
149, 0
150, 0
151, 0
152, 0
153, 0
154, 0
155, 0
156, 0
157, 0
158, 0
159, 0
160, 0
161, 0
162, 0
163, 0
164, 0
165, 0
166, 0
167, 0
168, 0
169, 0
170, 0
171, 0
172, 0
173, 0
174, 0
175, 0
176, 0
177, 0
178, 0
179, 0
180, 0
181, 0
182, 0
183, 0
184, 0
185, 0
186, 0
187, 0
188, 0
189, 0
190, 0
191, 0
192, 0
193, 0
194, 0
195, 0
196, 0
197, 0
198, 0
199, 0
200, 0
201, 0
202, 0
203, 0
204, 0
205, 0
206, 0
207, 0
208, 0
209, 0
210, 0
211, 0
212, 0
213, 0
214, 0
215, 0
216, 0
217, 0
218, 0
219, 0
220, 0
221, 0
222, 0
223, 0
224, 0
225, 0
226, 0
227, 0
228, 0
229, 0
230, 0
231, 0
232, 0
233, 0
234, 0
235, 0
236, 0
237, 0
238, 0
239, 0
240, 0
241, 0
242, 0
243, 0
244, 0
245, 0
246, 0
247, 0
248, 0
249, 0
250, 0
251, 0
252, 0
253, 0
254, 0
255, 0
256, 0
257, 0
258, 0
259, 0
260, 0
261, 0
262, 0
263, 0
264, 0
265, 0
266, 0
267, 0
268, 0
269, 0
270, 0
271, 0
272, 0
273, 0
274, 0
275, 0
276, 0
277, 0
278, 0
279, 0
280, 0
281, 0
282, 0
283, 0
284, 0
285, 0
286, 0
287, 0
288, 0
289, 0
290, 0
291, 0
292, 0
293, 0
294, 0
295, 0
296, 0
297, 0
298, 0
299, 0
300, 0
301, 0
302, 0
303, 0
304, 0
305, 0
306, 0
307, 0
308, 0
309, 0
310, 0
311, 0
312, 0
313, 0
314, 0
315, 0
316, 0
317, 0
318, 0
319, 0
320, 0
321, 0
322, 0
323, 0
324, 0
325, 0
326, 0
327, 0
328, 0
329, 0
330, 0
331, 0
332, 0
333, 0
334, 0
335, 0
336, 0
337, 0
338, 0
339, 0
340, 0
341, 0
342, 0
343, 0
344, 0
345, 0
346, 0
347, 0
348, 0
349, 0
350, 0
351, 0
352, 0
353, 0
354, 0
355, 0
356, 0
357, 0
358, 0
359, 0
360, 0
361, 0
362, 0
363, 0
364, 0
365, 0
366, 0
367, 0
368, 0
369, 0
370, 0
371, 0
372, 0
373, 0
374, 0
375, 0
376, 0
377, 0
378, 0
379, 0
380, 0
381, 0
382, 0
383, 0
384, 0
385, 0
386, 0
387, 0
388, 0
389, 0
390, 0
391, 0
392, 0
393, 0
394, 0
395, 0
396, 0
397, 0
398, 0
399, 0
400, 0
401, 0
402, 0
403, 0
404, 0
405, 0
406, 0
407, 0
408, 0
409, 0
410, 0
411, 0
412, 0
413, 0
414, 0
415, 0
416, 0
417, 0
418, 0
419, 0
420, 0
421, 0
422, 0
423, 0
424, 0
425, 0
426, 0
427, 0
428, 0
429, 0
430, 0
431, 0
432, 0
433, 0
434, 0
435, 0
436, 0
437, 0
438, 0
439, 0
440, 0
441, 0
442, 0
443, 0
444, 0
445, 0
446, 0
447, 0
448, 0
449, 0
450, 0
451, 0
452, 0
453, 0
454, 0
455, 0
456, 0
457, 0
458, 0
459, 0
460, 0
461, 0
462, 0
463, 0
464, 0
465, 0
466, 0
467, 0
468, 0
469, 0
470, 0
471, 0
472, 0
473, 0
474, 0
475, 0
476, 0
477, 0
478, 0
479, 0
480, 0
481, 0
482, 0
483, 0
484, 0
485, 0
486, 0
487, 0
488, 0
489, 0
490, 0
491, 0
492, 0
493, 0
494, 0
495, 0
496, 0
497, 0
498, 0
499, 0
500, 0
501, 0
502, 0
503, 0
504, 0
505, 0
506, 0
507, 0
508, 0
509, 0
510, 0
511, 0
512, 0
513, 0
514, 0
515, 0
516, 0
517, 0
518, 0
519, 0
520, 0
521, 0
522, 0
523, 0
524, 0
525, 0
526, 0
527, 0
528, 0
529, 0
530, 0
531, 0
532, 0
533, 0
534, 0
535, 0
536, 0
537, 0
538, 0
539, 0
540, 0
541, 0
542, 0
543, 0
544, 0
545, 0
546, 0
547, 0
548, 0
549, 0
550, 0
551, 0
552, 0
553, 0
554, 0
555, 0
556, 0
557, 0
558, 0
559, 0
560, 0
561, 0
562, 0
563, 0
564, 0
565, 0
566, 0
567, 0
568, 0
569, 0
570, 0
571, 0
572, 0
573, 0
574, 0
575, 0
576, 0
577, 0
578, 0
579, 0
580, 0
581, 0
582, 0
583, 0
584, 0
585, 0
586, 0
587, 0
588, 0
589, 0
590, 0
591, 0
592, 0
593, 0
594, 0
595, 0
596, 0
597, 0
598, 0
599, 0
600, 0
601, 0
602, 0
603, 0
604, 0
605, 0
606, 0
607, 0
608, 0
609, 0
610, 0
611, 0
612, 0
613, 0
614, 0
615, 0
616, 0
617, 0
618, 0
619, 0
620, 0
621, 0
622, 0
623, 0
624, 0
625, 0
626, 0
627, 0
628, 0
629, 0
630, 0
631, 0
632, 0
633, 0
634, 0
635, 0
636, 0
637, 0
638, 0
639, 0
640, 0
641, 0
642, 0
643, 0
644, 0
645, 0
646, 0
647, 0
648, 0
649, 0
650, 0
651, 0
652, 0
653, 0
654, 0
655, 0
656, 0
657, 0
658, 0
659, 0
660, 0
661, 0
662, 0
663, 0
664, 0
665, 0
666, 0
667, 0
668, 0
669, 0
670, 0
671, 0
672, 0
673, 0
674, 0
675, 0
676, 0
677, 0
678, 0
679, 0
680, 0
681, 0
682, 0
683, 0
684, 0
685, 0
686, 0
687, 0
688, 0
689, 0
690, 0
691, 0
692, 0
693, 0
694, 0
695, 0
696, 0
697, 0
698, 0
699, 0
700, 0
701, 0
702, 0
703, 0
704, 0
705, 0
706, 0
707, 0
708, 0
709, 0
710, 0
711, 0
712, 0
713, 0
714, 0
715, 0
716, 0
717, 0
718, 0
719, 0
720, 0
721, 0
722, 0
723, 0
724, 0
725, 0
726, 0
727, 0
728, 0
729, 0
730, 0
731, 0
732, 0
733, 0
734, 0
735, 0
736, 0
737, 0
738, 0
739, 0
740, 0
741, 0
742, 0
743, 0
744, 0
745, 0
746, 0
747, 0
748, 0
749, 0
750, 0
751, 0
752, 0
753, 0
754, 0
755, 0
756, 0
757, 0
758, 0
759, 0
760, 0
761, 0
762, 0
763, 0
764, 0
765, 0
766, 0
767, 0
768, 0
769, 0
770, 0
771, 0
772, 0
773, 0
774, 0
775, 0
776, 0
777, 0
778, 0
779, 0
780, 0
781, 0
782, 0
783, 0
784, 0
785, 0
786, 0
787, 0
788, 0
789, 0
790, 0
791, 0
792, 0
793, 0
794, 0
795, 0
796, 0
797, 0
798, 0
799, 0
800, 0
801, 0
802, 0
803, 0
804, 0
805, 0
806, 0
807, 0
808, 0
809, 0
810, 0
811, 0
812, 0
813, 0
814, 0
815, 0
816, 0
817, 0
818, 0
819, 0
820, 0
821, 0
822, 0
823, 0
824, 0
825, 0
826, 0
827, 0
828, 0
829, 0
830, 0
831, 0
832, 0
833, 0
834, 0
835, 0
836, 0
837, 0
838, 0
839, 0
840, 0
841, 0
842, 0
843, 0
844, 0
845, 0
846, 0
847, 0
848, 0
849, 0
850, 0
851, 0
852, 0
853, 0
854, 0
855, 0
856, 0
857, 0
858, 0
859, 0
860, 0
861, 0
862, 0
863, 0
864, 0
865, 0
866, 0
867, 0
868, 0
869, 0
870, 0
871, 0
872, 0
873, 0
874, 0
875, 0
876, 0
877, 0
878, 0
879, 0
880, 0
881, 0
882, 0
883, 0
884, 0
885, 0
886, 0
887, 0
888, 0
889, 0
890, 0
891, 0
892, 0
893, 0
894, 0
895, 0
896, 0
897, 0
898, 0
899, 0
900, 0
901, 0
902, 0
903, 0
904, 0
905, 0
906, 0
907, 0
908, 0
909, 0
910, 0
911, 0
912, 0
913, 0
914, 0
915, 0
916, 0
917, 0
918, 0
919, 0
920, 0
921, 0
922, 0
923, 0
924, 0
925, 0
926, 0
927, 0
928, 0
929, 0
930, 0
931, 0
932, 0
933, 0
934, 0
935, 0
936, 0
937, 0
938, 0
939, 0
940, 0
941, 0
942, 0
943, 0
944, 0
945, 0
946, 0
947, 0
948, 0
949, 0
950, 0
951, 0
952, 0
953, 0
954, 0
955, 0
956, 0
957, 0
958, 0
959, 0
960, 0
961, 0
962, 0
963, 0
964, 0
965, 0
966, 0
967, 0
968, 0
969, 0
970, 0
971, 0
972, 0
973, 0
974, 0
975, 0
976, 0
977, 0
978, 0
979, 0
980, 0
981, 0
982, 0
983, 0
984, 0
985, 0
986, 0
987, 0
988, 0
989, 0
990, 0
991, 0
992, 0
993, 0
994, 0
995, 0
996, 0
997, 0
998, 0
999, 0
1000, 0
1001, 0
1002, 0
1003, 0
1004, 0
1005, 0
1006, 0
1007, 0
1008, 0
1009, 0
1010, 0
1011, 0
1012, 0
1013, 0
1014, 0
1015, 0
1016, 0
1017, 0
1018, 0
1019, 0
1020, 0
1021, 0
1022, 0
1023, 0
1024, 0
1025, 0
1026, 0
1027, 0
1028, 0
1029, 0
1030, 0
1031, 0
1032, 0
1033, 0
1034, 0
1035, 0
1036, 0
1037, 0
1038, 0
1039, 0
1040, 0
1041, 0
1042, 0
1043, 0
1044, 0
1045, 0
1046, 0
1047, 0
1048, 0
1049, 0
1050, 0
1051, 0
1052, 0
1053, 0
1054, 0
1055, 0
1056, 0
1057, 0
1058, 0
1059, 0
1060, 0
1061, 0
1062, 0
1063, 0
1064, 0
1065, 0
1066, 0
1067, 0
1068, 0
1069, 0
1070, 0
1071, 0
1072, 0
1073, 0
1074, 0
1075, 0
1076, 0
1077, 0
1078, 0
1079, 0
1080, 0
1081, 0
1082, 0
1083, 0
1084, 0
1085, 0
1086, 0
1087, 0
1088, 0
1089, 424
1090, 425
1091, 424
1092, 344
1093, 0
1094, 0
1095, 0
1096, 0
1097, 335
1098, 338
1099, 0
1100, 289
1101, 0
1102, 0
1103, 0
1104, 0
1105, 289
1106, 290
1107, 288
1108, 288
1109, 0
1110, 0
1111, 0
1112, 0
1113, 232
1114, 232
1115, 233
1116, 209
1117, 0
1118, 0
1119, 0
1120, 0
1121, 207
1122, 206
1123, 207
1124, 208
1125, 181
1126, 0
1127, 0
1128, 0
1129, 217
1130, 216
1131, 215
1132, 214
1133, 190
1134, 159
1135, 0
1136, 0
1137, 206
1138, 0
1139, 208
1140, 209
1141, 193
1142, 0
1143, 0
1144, 0
1145, 184
1146, 183
1147, 184
1148, 184
1149, 0
1150, 0
1151, 0
1152, 0
1153, 185
1154, 0
1155, 186
1156, 0
1157, 184
1158, 0
1159, 0
1160, 0
1161, 168
1162, 169
1163, 168
1164, 169
1165, 0
1166, 134
1167, 0
1168, 0
1169, 167
1170, 170
1171, 169
1172, 167
1173, 145
1174, 134
1175, 0
1176, 0
1177, 156
1178, 0
1179, 162
1180, 159
1181, 145
1182, 0
1183, 0
1184, 0
1185, 151
1186, 0
1187, 154
1188, 153
1189, 138
1190, 0
1191, 0
1192, 0
1193, 153
1194, 153
1195, 152
1196, 152
1197, 0
1198, 0
1199, 0
1200, 0
1201, 159
1202, 0
1203, 162
1204, 0
1205, 152
1206, 0
1207, 0
1208, 0
1209, 0
1210, 0
1211, 144
1212, 144
1213, 139
1214, 128
1215, 0
1216, 0
1217, 144
1218, 145
1219, 146
1220, 146
1221, 142
1222, 0
1223, 0
1224, 0
1225, 142
1226, 141
1227, 144
1228, 144
1229, 132
1230, 0
1231, 0
1232, 0
1233, 0
1234, 144
1235, 143
1236, 0
1237, 0
1238, 0
1239, 0
1240, 0
1241, 136
1242, 136
1243, 135
1244, 135
1245, 105
1246, 0
1247, 0
1248, 0
1249, 135
1250, 134
1251, 136
1252, 137
1253, 136
1254, 0
1255, 0
1256, 0
1257, 136
1258, 134
1259, 134
1260, 136
1261, 126
1262, 0
1263, 0
1264, 0
1265, 120
1266, 0
1267, 120
1268, 119
1269, 110
1270, 0
1271, 0
1272, 0
1273, 126
1274, 0
1275, 131
1276, 0
1277, 127
1278, 102
1279, 0
1280, 0
1281, 129
1282, 127
1283, 127
1284, 128
1285, 0
1286, 0
1287, 0
1288, 0
1289, 128
1290, 0
1291, 131
1292, 130
1293, 126
1294, 98
1295, 0
1296, 0
1297, 119
1298, 120
1299, 121
1300, 120
1301, 104
1302, 0
1303, 0
1304, 0
1305, 121
1306, 122
1307, 0
1308, 120
1309, 0
1310, 0
1311, 0
1312, 0
1313, 113
1314, 112
1315, 110
1316, 110
1317, 111
1318, 93
1319, 0
1320, 0
1321, 115
1322, 114
1323, 114
1324, 0
1325, 105
1326, 0
1327, 0
1328, 0
1329, 109
1330, 0
1331, 113
1332, 113
1333, 111
1334, 90
1335, 0
1336, 0
1337, 120
1338, 119
1339, 119
1340, 120
1341, 101
1342, 95
1343, 0
1344, 0
1345, 112
1346, 110
1347, 110
1348, 112
1349, 113
1350, 0
1351, 0
1352, 0
1353, 111
1354, 111
1355, 111
1356, 113
1357, 112
1358, 0
1359, 0
1360, 0
1361, 112
1362, 113
1363, 112
1364, 113
1365, 0
1366, 0
1367, 0
1368, 0
1369, 106
1370, 104
1371, 104
1372, 0
1373, 98
1374, 0
1375, 0
1376, 0
1377, 106
1378, 105
1379, 0
1380, 105
1381, 0
1382, 0
1383, 0
1384, 0
1385, 0
1386, 0
1387, 97
1388, 0
1389, 95
1390, 0
1391, 0
1392, 0
1393, 110
1394, 109
1395, 111
1396, 113
1397, 89
1398, 0
1399, 83
1400, 0
1401, 0
1402, 88
1403, 89
1404, 88
1405, 86
1406, 0
1407, 0
1408, 0
1409, 88
1410, 0
1411, 91
1412, 90
1413, 87
1414, 0
1415, 0
1416, 0
1417, 93
1418, 97
1419, 96
1420, 95
1421, 0
1422, 0
1423, 0
1424, 0
1425, 95
1426, 95
1427, 95
1428, 96
1429, 97
1430, 75
1431, 0
1432, 0
1433, 88
1434, 0
1435, 90
1436, 89
1437, 82
1438, 74
1439, 0
1440, 0
1441, 97
1442, 96
1443, 89
1444, 88
1445, 87
1446, 77
1447, 0
1448, 0
1449, 87
1450, 88
1451, 88
1452, 88
1453, 0
1454, 0
1455, 0
1456, 0
1457, 77
1458, 78
1459, 81
1460, 0
1461, 83
1462, 0
1463, 0
1464, 0
1465, 94
1466, 95
1467, 94
1468, 95
1469, 86
1470, 79
1471, 0
1472, 0
1473, 87
1474, 86
1475, 87
1476, 89
1477, 81
1478, 0
1479, 0
1480, 0
1481, 72
1482, 73
1483, 72
1484, 72
1485, 71
1486, 58
1487, 0
1488, 0
1489, 81
1490, 0
1491, 80
1492, 79
1493, 71
1494, 0
1495, 0
1496, 0
1497, 86
1498, 0
1499, 89
1500, 90
1501, 82
1502, 67
1503, 0
1504, 0
1505, 77
1506, 0
1507, 71
1508, 72
1509, 71
1510, 56
1511, 0
1512, 0
1513, 73
1514, 71
1515, 72
1516, 73
1517, 73
1518, 63
1519, 0
1520, 0
1521, 79
1522, 78
1523, 79
1524, 80
1525, 67
1526, 59
1527, 0
1528, 0
1529, 72
1530, 73
1531, 71
1532, 73
1533, 66
1534, 61
1535, 0
1536, 0
1537, 73
1538, 72
1539, 71
1540, 72
1541, 72
1542, 63
1543, 0
1544, 0
1545, 0
1546, 74
1547, 0
1548, 0
1549, 73
1550, 65
1551, 0
1552, 0
1553, 72
1554, 71
1555, 72
1556, 73
1557, 71
1558, 0
1559, 0
1560, 0
1561, 70
1562, 72
1563, 72
1564, 72
1565, 64
1566, 56
1567, 0
1568, 0
1569, 67
1570, 0
1571, 63
1572, 64
1573, 63
1574, 51
1575, 0
1576, 0
1577, 67
1578, 0
1579, 64
1580, 63
1581, 55
1582, 0
1583, 0
1584, 0
1585, 71
1586, 71
1587, 71
1588, 72
1589, 73
1590, 63
1591, 0
1592, 0
1593, 0
1594, 0
1595, 67
1596, 65
1597, 0
1598, 56
1599, 0
1600, 0
1601, 64
1602, 0
1603, 66
1604, 65
1605, 64
1606, 0
1607, 0
1608, 0
1609, 72
1610, 0
1611, 73
1612, 72
1613, 69
1614, 55
1615, 0
1616, 0
1617, 54
1618, 0
1619, 59
1620, 58
1621, 55
1622, 44
1623, 0
1624, 0
1625, 56
1626, 57
1627, 56
1628, 57
1629, 56
1630, 0
1631, 0
1632, 0
1633, 61
1634, 63
1635, 63
1636, 62
1637, 62
1638, 53
1639, 0
1640, 0
1641, 63
1642, 0
1643, 66
1644, 65
1645, 64
1646, 59
1647, 0
1648, 0
1649, 72
1650, 71
1651, 71
1652, 71
1653, 70
1654, 68
1655, 0
1656, 0
1657, 61
1658, 0
1659, 69
1660, 0
1661, 0
1662, 63
1663, 0
1664, 0
1665, 68
1666, 0
1667, 64
1668, 63
1669, 63
1670, 0
1671, 0
1672, 0
1673, 65
1674, 65
1675, 66
1676, 0
1677, 65
1678, 0
1679, 0
1680, 0
1681, 62
1682, 65
1683, 64
1684, 65
1685, 63
1686, 0
1687, 0
1688, 0
1689, 64
1690, 62
1691, 63
1692, 61
1693, 60
1694, 52
1695, 0
1696, 0
1697, 0
1698, 0
1699, 58
1700, 57
1701, 52
1702, 47
1703, 0
1704, 0
1705, 56
1706, 57
1707, 57
1708, 56
1709, 56
1710, 48
1711, 0
1712, 0
1713, 56
1714, 57
1715, 58
1716, 0
1717, 56
1718, 0
1719, 0
1720, 0
1721, 49
1722, 47
1723, 48
1724, 48
1725, 48
1726, 0
1727, 0
1728, 0
1729, 72
1730, 72
1731, 73
1732, 72
1733, 64
1734, 0
1735, 0
1736, 0
1737, 61
1738, 63
1739, 65
1740, 63
1741, 62
1742, 53
1743, 0
1744, 0
1745, 56
1746, 54
1747, 55
1748, 55
1749, 52
1750, 42
1751, 0
1752, 0
1753, 48
1754, 0
1755, 49
1756, 0
1757, 48
1758, 46
1759, 0
1760, 0
1761, 0
1762, 0
1763, 42
1764, 40
1765, 39
1766, 0
1767, 0
1768, 0
1769, 47
1770, 49
1771, 49
1772, 47
1773, 47
1774, 0
1775, 0
1776, 0
1777, 50
1778, 47
1779, 46
1780, 48
1781, 48
1782, 46
1783, 0
1784, 0
1785, 48
1786, 47
1787, 46
1788, 47
1789, 47
1790, 0
1791, 0
1792, 0
1793, 39
1794, 37
1795, 39
1796, 41
1797, 40
1798, 0
1799, 0
1800, 0
1801, 48
1802, 47
1803, 47
1804, 47
1805, 47
1806, 43
1807, 40
1808, 40
1809, 39
1810, 0
1811, 42
1812, 40
1813, 0
1814, 0
1815, 0
1816, 0
1817, 62
1818, 63
1819, 65
1820, 64
1821, 44
1822, 43
1823, 0
1824, 0
1825, 71
1826, 73
1827, 71
1828, 72
1829, 56
1830, 0
1831, 0
1832, 0
1833, 55
1834, 0
1835, 57
1836, 0
1837, 56
1838, 42
1839, 40
1840, 39
1841, 40
1842, 40
1843, 42
1844, 41
1845, 39
1846, 0
1847, 0
1848, 0
1849, 47
1850, 49
1851, 50
1852, 48
1853, 48
1854, 36
1855, 0
1856, 0
1857, 48
1858, 49
1859, 48
1860, 47
1861, 47
1862, 38
1863, 32
1864, 31
1865, 33
1866, 31
1867, 31
1868, 29
1869, 28
1870, 29
1871, 0
1872, 0
1873, 46
1874, 0
1875, 47
1876, 0
1877, 49
1878, 0
1879, 0
1880, 0
1881, 47
1882, 47
1883, 48
1884, 48
1885, 48
1886, 0
1887, 36
1888, 33
1889, 0
1890, 0
1891, 35
1892, 0
1893, 31
1894, 31
1895, 0
1896, 0
1897, 45
1898, 47
1899, 0
1900, 50
1901, 50
1902, 41
1903, 0
1904, 0
1905, 0
1906, 0
1907, 41
1908, 40
1909, 33
1910, 32
1911, 0
1912, 0
1913, 32
1914, 32
1915, 32
1916, 31
1917, 30
1918, 29
1919, 0
1920, 0
1921, 46
1922, 49
1923, 50
1924, 0
1925, 0
1926, 42
1927, 31
1928, 29
1929, 29
1930, 0
1931, 35
1932, 31
1933, 0
1934, 0
1935, 0
1936, 0
1937, 33
1938, 30
1939, 32
1940, 32
1941, 31
1942, 30
1943, 0
1944, 0
1945, 48
1946, 47
1947, 47
1948, 49
1949, 48
1950, 35
1951, 33
1952, 33
1953, 33
1954, 31
1955, 30
1956, 32
1957, 31
1958, 28
1959, 0
1960, 0
1961, 33
1962, 33
1963, 0
1964, 31
1965, 33
1966, 31
1967, 0
1968, 0
1969, 39
1970, 40
1971, 40
1972, 40
1973, 39
1974, 25
1975, 0
1976, 0
1977, 31
1978, 32
1979, 31
1980, 31
1981, 30
1982, 25
1983, 0
1984, 0
1985, 34
1986, 33
1987, 34
1988, 34
1989, 0
1990, 25
1991, 0
1992, 0
1993, 32
1994, 31
1995, 30
1996, 33
1997, 33
1998, 0
1999, 0
2000, 0
2001, 33
2002, 29
2003, 29
2004, 29
2005, 30
2006, 31
2007, 31
2008, 31
2009, 31
2010, 30
2011, 0
2012, 35
2013, 0
2014, 23
2015, 0
2016, 0
2017, 32
2018, 32
2019, 30
2020, 32
2021, 34
2022, 32
2023, 32
2024, 32
2025, 31
2026, 31
2027, 33
2028, 32
2029, 31
2030, 20
2031, 0
2032, 0
2033, 31
2034, 31
2035, 32
2036, 33
2037, 36
2038, 0
2039, 32
2040, 33
2041, 31
2042, 29
2043, 30
2044, 31
2045, 0
2046, 0
2047, 0
2048, 0
2049, 29
2050, 32
2051, 33
2052, 31
2053, 32
2054, 32
2055, 32
2056, 34
2057, 32
2058, 30
2059, 32
2060, 32
2061, 28
2062, 19
2063, 0
2064, 0
2065, 21
2066, 0
2067, 27
2068, 24
2069, 24
2070, 25
2071, 0
2072, 0
2073, 0
2074, 33
2075, 34
2076, 34
2077, 32
2078, 20
2079, 0
2080, 0
2081, 21
2082, 0
2083, 26
2084, 24
2085, 23
2086, 23
2087, 0
2088, 0
2089, 33
2090, 0
2091, 29
2092, 31
2093, 33
2094, 29
2095, 0
2096, 0
2097, 0
2098, 23
2099, 0
2100, 25
2101, 0
2102, 0
2103, 24
2104, 0
2105, 32
2106, 32
2107, 33
2108, 33
2109, 32
2110, 21
2111, 0
2112, 19
2113, 0
2114, 16
2115, 15
2116, 15
2117, 15
2118, 0
2119, 0
2120, 0
2121, 33
2122, 33
2123, 32
2124, 34
2125, 32
2126, 18
2127, 18
2128, 18
2129, 16
2130, 0
2131, 20
2132, 19
2133, 17
2134, 0
2135, 0
2136, 0
2137, 32
2138, 33
2139, 31
2140, 30
2141, 32
2142, 34
2143, 19
2144, 16
2145, 15
2146, 16
2147, 16
2148, 16
2149, 14
2150, 15
2151, 0
2152, 0
2153, 26
2154, 0
2155, 24
2156, 23
2157, 18
2158, 0
2159, 0
2160, 0
2161, 0
2162, 24
2163, 24
2164, 25
2165, 23
2166, 0
2167, 0
2168, 0
2169, 22
2170, 23
2171, 23
2172, 24
2173, 0
2174, 21
2175, 0
2176, 0
2177, 25
2178, 23
2179, 23
2180, 26
2181, 24
2182, 16
2183, 0
2184, 0
2185, 22
2186, 0
2187, 27
2188, 0
2189, 24
2190, 25
2191, 24
2192, 0
2193, 31
2194, 33
2195, 34
2196, 33
2197, 33
2198, 19
2199, 17
2200, 16
2201, 15
2202, 15
2203, 17
2204, 17
2205, 16
2206, 15
2207, 0
2208, 0
2209, 24
2210, 24
2211, 25
2212, 24
2213, 20
2214, 19
2215, 0
2216, 0
2217, 16
2218, 16
2219, 16
2220, 15
2221, 0
2222, 18
2223, 16
2224, 16
2225, 17
2226, 17
2227, 14
2228, 16
2229, 16
2230, 16
2231, 0
2232, 0
2233, 0
2234, 0
2235, 25
2236, 25
2237, 0
2238, 0
2239, 0
2240, 12
2241, 0
2242, 9
2243, 0
2244, 8
2245, 8
2246, 10
2247, 9
2248, 10
2249, 15
2250, 0
2251, 15
2252, 0
2253, 12
2254, 0
2255, 10
2256, 0
2257, 16
2258, 15
2259, 15
2260, 14
2261, 17
2262, 13
2263, 0
2264, 0
2265, 17
2266, 16
2267, 14
2268, 16
2269, 17
2270, 16
2271, 15
2272, 15
2273, 0
2274, 0
2275, 20
2276, 0
2277, 15
2278, 13
2279, 0
2280, 0
2281, 16
2282, 16
2283, 15
2284, 15
2285, 15
2286, 7
2287, 0
2288, 0
2289, 0
2290, 18
2291, 0
2292, 16
2293, 14
2294, 15
2295, 0
2296, 0
2297, 23
2298, 24
2299, 24
2300, 24
2301, 24
2302, 19
2303, 16
2304, 16
2305, 16
2306, 16
2307, 15
2308, 15
2309, 15
2310, 16
2311, 9
2312, 8
2313, 8
2314, 9
2315, 8
2316, 7
2317, 0
2318, 0
2319, 0
2320, 0
2321, 16
2322, 14
2323, 16
2324, 16
2325, 0
2326, 13
2327, 17
2328, 0
2329, 0
2330, 16
2331, 17
2332, 16
2333, 8
2334, 8
2335, 0
2336, 0
2337, 15
2338, 16
2339, 15
2340, 15
2341, 16
2342, 16
2343, 17
2344, 16
2345, 16
2346, 16
2347, 16
2348, 17
2349, 0
2350, 13
2351, 0
2352, 0
2353, 16
2354, 15
2355, 16
2356, 0
2357, 19
2358, 17
2359, 15
2360, 16
2361, 0
2362, 17
2363, 0
2364, 15
2365, 16
2366, 11
2367, 8
2368, 0
2369, 16
2370, 17
2371, 16
2372, 16
2373, 15
2374, 14
2375, 0
2376, 8
2377, 0
2378, 9
2379, 0
2380, 0
2381, 8
2382, 0
2383, 0
2384, 13
2385, 0
2386, 0
2387, 18
2388, 17
2389, 16
2390, 10
2391, 8
2392, 7
2393, 8
2394, 0
2395, 8
2396, 9
2397, 0
2398, 3
2399, 0
2400, 0
2401, 14
2402, 14
2403, 14
2404, 16
2405, 15
2406, 14
2407, 0
2408, 19
2409, 0
2410, 16
2411, 15
2412, 16
2413, 14
2414, 9
2415, 9
2416, 8
2417, 8
2418, 6
2419, 0
2420, 10
2421, 0
2422, 9
2423, 0
2424, 0
2425, 16
2426, 15
2427, 17
2428, 15
2429, 14
2430, 0
2431, 0
2432, 0
2433, 16
2434, 17
2435, 17
2436, 16
2437, 15
2438, 0
2439, 12
2440, 0
2441, 15
2442, 15
2443, 15
2444, 16
2445, 17
2446, 15
2447, 14
2448, 15
2449, 15
2450, 14
2451, 15
2452, 16
2453, 16
2454, 11
2455, 9
2456, 9
2457, 9
2458, 7
2459, 8
2460, 9
2461, 9
2462, 3
2463, 0
2464, 0
2465, 7
2466, 8
2467, 7
2468, 6
2469, 6
2470, 5
2471, 4
2472, 0
2473, 0
2474, 16
2475, 17
2476, 15
2477, 16
2478, 15
2479, 14
2480, 16
2481, 16
2482, 15
2483, 16
2484, 16
2485, 15
2486, 11
2487, 9
2488, 8
2489, 9
2490, 0
2491, 10
2492, 12
2493, 0
2494, 9
2495, 10
2496, 9
2497, 10
2498, 0
2499, 11
2500, 0
2501, 0
2502, 3
2503, 0
2504, 0
2505, 0
2506, 0
2507, 0
2508, 8
2509, 8
2510, 8
2511, 8
2512, 9
2513, 8
2514, 9
2515, 9
2516, 6
2517, 0
2518, 10
2519, 0
2520, 0
2521, 13
2522, 13
2523, 11
2524, 12
2525, 14
2526, 14
2527, 8
2528, 7
2529, 9
2530, 10
2531, 8
2532, 9
2533, 0
2534, 6
2535, 6
2536, 7
2537, 8
2538, 8
2539, 8
2540, 7
2541, 8
2542, 0
2543, 0
2544, 0
2545, 0
2546, 1
2547, 1
2548, 0
2549, 0
2550, 0
2551, 1
2552, 0
2553, 8
2554, 8
2555, 9
2556, 8
2557, 7
2558, 9
2559, 9
2560, 7
2561, 8
2562, 10
2563, 7
2564, 0
2565, 10
2566, 8
2567, 0
2568, 0
2569, 15
2570, 16
2571, 16
2572, 15
2573, 17
2574, 16
2575, 15
2576, 17
2577, 18
2578, 15
2579, 13
2580, 14
2581, 15
2582, 16
2583, 16
2584, 15
2585, 15
2586, 14
2587, 16
2588, 17
2589, 16
2590, 11
2591, 0
2592, 10
2593, 0
2594, 7
2595, 0
2596, 10
2597, 0
2598, 7
2599, 8
2600, 0
2601, 0
2602, 7
2603, 7
2604, 10
2605, 8
2606, 7
2607, 0
2608, 11
2609, 0
2610, 9
2611, 9
2612, 7
2613, 0
2614, 10
2615, 0
2616, 0
2617, 15
2618, 17
2619, 16
2620, 16
2621, 15
2622, 0
2623, 17
2624, 0
2625, 0
2626, 0
2627, 0
2628, 9
2629, 9
2630, 8
2631, 0
2632, 0
2633, 16
2634, 15
2635, 17
2636, 14
2637, 14
2638, 0
2639, 16
2640, 17
2641, 16
2642, 15
2643, 17
2644, 18
2645, 0
2646, 9
2647, 8
2648, 8
2649, 8
2650, 7
2651, 0
2652, 10
2653, 9
2654, 8
2655, 8
2656, 9
2657, 0
2658, 10
2659, 9
2660, 10
2661, 8
2662, 7
2663, 9
2664, 10
2665, 9
2666, 0
2667, 8
2668, 8
2669, 8
2670, 0
2671, 1
2672, 0
2673, 1
2674, 0
2675, 1
2676, 0
2677, -1
2678, 0
2679, -1
2680, 0
2681, 7
2682, 8
2683, 0
2684, 10
2685, 9
2686, 0
2687, 0
2688, -1
2689, -1
2690, 1
2691, 1
2692, 0
2693, 2
2694, 0
2695, 0
2696, 2
2697, 0
2698, 1
2699, 1
2700, 1
2701, 0
2702, -1
2703, -1
2704, 0
2705, 0
2706, 0
2707, 1
2708, 1
2709, 0
2710, 0
2711, 0
2712, 0
2713, 8
2714, 8
2715, 9
2716, 8
2717, 8
2718, 8
2719, 0
2720, 0
2721, 9
2722, 7
2723, 6
2724, 7
2725, 7
2726, 9
2727, 0
2728, 0
2729, 17
2730, 16
2731, 15
2732, 13
2733, 14
2734, 16
2735, 16
2736, 16
2737, 15
2738, 16
2739, 16
2740, 17
2741, 16
2742, 15
2743, 15
2744, 0
2745, 0
2746, 8
2747, 8
2748, 8
2749, 8
2750, 0
2751, 8
2752, 10
2753, 0
2754, 0
2755, 9
2756, 8
2757, 8
2758, 8
2759, 6
2760, 7
2761, 7
2762, 6
2763, 9
2764, 8
2765, 7
2766, 8
2767, 0
2768, 0
2769, 15
2770, 17
2771, 15
2772, 16
2773, 16
2774, 15
2775, 10
2776, 9
2777, 8
2778, 9
2779, 9
2780, 7
2781, 8
2782, 9
2783, 8
2784, 9
2785, 8
2786, 7
2787, 9
2788, 9
2789, 7
2790, 7
2791, 7
2792, 7
2793, 7
2794, 8
2795, 8
2796, 8
2797, 9
2798, 7
2799, 7
2800, 9
2801, 9
2802, 9
2803, 9
2804, 8
2805, 8
2806, 9
2807, 8
2808, 9
2809, 8
2810, 7
2811, 9
2812, 9
2813, 8
2814, 8
2815, 7
2816, 7
2817, 7
2818, 9
2819, 7
2820, 6
2821, 7
2822, 8
2823, 9
2824, 9
2825, 8
2826, 9
2827, 9
2828, 8
2829, 8
2830, 8
2831, 6
2832, 7
2833, 9
2834, 9
2835, 8
2836, 7
2837, 7
2838, 7
2839, 7
2840, 7
2841, 9
2842, 9
2843, 7
2844, 8
2845, 8
2846, 8
2847, 9
2848, 8
2849, 7
2850, 9
2851, 9
2852, 7
2853, 8
2854, 8
2855, 6
2856, 6
2857, 14
2858, 15
2859, 16
2860, 16
2861, 16
2862, 16
2863, 14
2864, 0
2865, 0
2866, 8
2867, 6
2868, 10
2869, 0
2870, 0
2871, 0
2872, 0
2873, 9
2874, 0
2875, 8
2876, 9
2877, 8
2878, 7
2879, 6
2880, 8
2881, 8
2882, 6
2883, 9
2884, 8
2885, 8
2886, 7
2887, 7
2888, 6
2889, 6
2890, 8
2891, 7
2892, 7
2893, 7
2894, 9
2895, 8
2896, 6
2897, 6
2898, 7
2899, 8
2900, 6
2901, 8
2902, 9
2903, 6
2904, 0
2905, 0
2906, 0
2907, 0
2908, -1
2909, 0
2910, -2
2911, -2
2912, 0
2913, 0
2914, -1
2915, -2
2916, -2
2917, 1
2918, 0
2919, -1
2920, 2
2921, 0
2922, 0
2923, 0
2924, 0
2925, 0
2926, 1
2927, 0
2928, 3
2929, 8
2930, 7
2931, 9
2932, 8
2933, 6
2934, 5
2935, 6
2936, 7
2937, 7
2938, 8
2939, 9
2940, 7
2941, 8
2942, 9
2943, 10
2944, 9
2945, 0
2946, 7
2947, 8
2948, 0
2949, 10
2950, 0
2951, 7
2952, 9
2953, 8
2954, 7
2955, 9
2956, 9
2957, 0
2958, 8
2959, 7
2960, 8
2961, 8
2962, 0
2963, 12
2964, 0
2965, 0
2966, 0
2967, 9
2968, 14
2969, 13
2970, 13
2971, 16
2972, 16
2973, 15
2974, 17
2975, 18
2976, 15
2977, 15
2978, 15
2979, 15
2980, 15
2981, 16
2982, 16
2983, 16
2984, 0
2985, 0
2986, 7
2987, 7
2988, 7
2989, 7
2990, 7
2991, 7
2992, 0
2993, 0
2994, 1
2995, 0
2996, 0
2997, -1
2998, 0
2999, -3
3000, 0
3001, 1
3002, 0
3003, 0
3004, 2
3005, 0
3006, 0
3007, 1
3008, 0
3009, 0
3010, 0
3011, 0
3012, 0
3013, 0
3014, -1
3015, 0
3016, 1
3017, 0
3018, 0
3019, 1
3020, 1
3021, 0
3022, 0
3023, 0
3024, 8
3025, 7
3026, 7
3027, 8
3028, 9
3029, 7
3030, 8
3031, 10
3032, 14
3033, 14
3034, 14
3035, 17
3036, 17
3037, 15
3038, 14
3039, 13
3040, 15
3041, 14
3042, 16
3043, 16
3044, 14
3045, 15
3046, 17
3047, 15
3048, 15
3049, 15
3050, 16
3051, 15
3052, 17
3053, 17
3054, 16
3055, 16
3056, 0
3057, 0
3058, 0
3059, 0
3060, -1
3061, -1
3062, -1
3063, -3
3064, -1
3065, 0
3066, -1
3067, 0
3068, -1
3069, 0
3070, 1
3071, 1
3072, 1
3073, -1
3074, -1
3075, 1
3076, 0
3077, 0
3078, 0
3079, 0
3080, 0
3081, 10
3082, 0
3083, 7
3084, 7
3085, 7
3086, 9
3087, 9
3088, 12
3089, 12
3090, 11
3091, 16
3092, 16
3093, 16
3094, 17
3095, 14
3096, 16
3097, 16
3098, 16
3099, 16
3100, 15
3101, 17
3102, 15
3103, 15
3104, 17
3105, 15
3106, 13
3107, 15
3108, 16
3109, 15
3110, 14
3111, 14
3112, 0
3113, 0
3114, 0
3115, 0
3116, 0
3117, 1
3118, -1
3119, -1
3120, 1
3121, 2
3122, 0
3123, 0
3124, 2
3125, 0
3126, 0
3127, 0
3128, 1
3129, 9
3130, 0
3131, 8
3132, 9
3133, 8
3134, 8
3135, 10
3136, 11
3137, 10
3138, 0
3139, 19
3140, 0
3141, 0
3142, 18
3143, 17
3144, 17
3145, 16
3146, 16
3147, 16
3148, 15
3149, 15
3150, 14
3151, 15
3152, 0
3153, 0
3154, -2
3155, 0
3156, 0
3157, 0
3158, 0
3159, 0
3160, 3
3161, 5
3162, 6
3163, 8
3164, 8
3165, 8
3166, 8
3167, 8
3168, 8
3169, 10
3170, 9
3171, 8
3172, 9
3173, 9
3174, 11
3175, 0
3176, 13
3177, 16
3178, 14
3179, 12
3180, 11
3181, 0
3182, 15
3183, 17
3184, 16
3185, 15
3186, 14
3187, 15
3188, 15
3189, 16
3190, 17
3191, 15
3192, 0
3193, 0
3194, 0
3195, 0
3196, 7
3197, 7
3198, 8
3199, 9
3200, 0
3201, 0
3202, 6
3203, 9
3204, 8
3205, 8
3206, 9
3207, 10
3208, 11
3209, 15
3210, 14
3211, 13
3212, 14
3213, 16
3214, 17
3215, 14
3216, 14
3217, 17
3218, 16
3219, 14
3220, 16
3221, 16
3222, 15
3223, 15
3224, 0
3225, 7
3226, 8
3227, 8
3228, 7
3229, 7
3230, 7
3231, 0
3232, 0
3233, 0
3234, 0
3235, 8
3236, 7
3237, 0
3238, 9
3239, 9
3240, 10
3241, 16
3242, 15
3243, 16
3244, 15
3245, 15
3246, 16
3247, 16
3248, 0
3249, 0
3250, 5
3251, 0
3252, 6
3253, 8
3254, 8
3255, 9
3256, 0
3257, 0
3258, 1
3259, 0
3260, 0
3261, 0
3262, 0
3263, 0
3264, 8
3265, 14
3266, 12
3267, 15
3268, 17
3269, 0
3270, 20
3271, 0
3272, 14
3273, 14
3274, 17
3275, 16
3276, 14
3277, 18
3278, 17
3279, 14
3280, 0
3281, 0
3282, 6
3283, 6
3284, 7
3285, 8
3286, 9
3287, 10
3288, 0
3289, 0
3290, 15
3291, 13
3292, 15
3293, 18
3294, 0
3295, 0
3296, 16
3297, 16
3298, 15
3299, 0
3300, 19
3301, 17
3302, 0
3303, 14
3304, 0
3305, 0
3306, 0
3307, 6
3308, 7
3309, 0
3310, 9
3311, 0
3312, 0
3313, 0
3314, 8
3315, 9
3316, 10
3317, 0
3318, 0
3319, 11
3320, 14
3321, 19
3322, 0
3323, 17
3324, 17
3325, 15
3326, 15
3327, 15
3328, 16
3329, 15
3330, 0
3331, 18
3332, 19
3333, 0
3334, 0
3335, 18
3336, 0
3337, 0
3338, 24
3339, 24
3340, 24
3341, 23
3342, 24
3343, 24
3344, 0
3345, 0
3346, 15
3347, 15
3348, 16
3349, 15
3350, 15
3351, 15
3352, 0
3353, 0
3354, 7
3355, 9
3356, 10
3357, 9
3358, 0
3359, 0
3360, 16
3361, 26
3362, 26
3363, 24
3364, 23
3365, 22
3366, 23
3367, 22
3368, 0
3369, 0
3370, 16
3371, 16
3372, 15
3373, 16
3374, 16
3375, 0
3376, 0
3377, 0
3378, 0
3379, 8
3380, 7
3381, 7
3382, 8
3383, 9
3384, 13
3385, 26
3386, 24
3387, 24
3388, 24
3389, 23
3390, 24
3391, 23
3392, 0
3393, 0
3394, 17
3395, 19
3396, 0
3397, 17
3398, 16
3399, 0
3400, 0
3401, 0
3402, 7
3403, 7
3404, 9
3405, 10
3406, 0
3407, 10
3408, 16
3409, 17
3410, 21
3411, 22
3412, 24
3413, 24
3414, 24
3415, 24
3416, 0
3417, 16
3418, 16
3419, 16
3420, 17
3421, 17
3422, 16
3423, 19
3424, 0
3425, 0
3426, 23
3427, 23
3428, 21
3429, 23
3430, 25
3431, 23
3432, 0
3433, 0
3434, 0
3435, 15
3436, 16
3437, 17
3438, 16
3439, 16
3440, 16
3441, 16
3442, 17
3443, 19
3444, 0
3445, 16
3446, 16
3447, 15
3448, 0
3449, 0
3450, 17
3451, 15
3452, 16
3453, 17
3454, 16
3455, 15
3456, 16
3457, 17
3458, 0
3459, 17
3460, 0
3461, 21
3462, 0
3463, 0
3464, 0
3465, 0
3466, 25
3467, 24
3468, 20
3469, 19
3470, 19
3471, 23
3472, 0
3473, 17
3474, 16
3475, 0
3476, 16
3477, 0
3478, 16
3479, 19
3480, 0
3481, 0
3482, 25
3483, 25
3484, 25
3485, 24
3486, 0
3487, 24
3488, 0
3489, 0
3490, 12
3491, 14
3492, 14
3493, 15
3494, 16
3495, 16
3496, 18
3497, 24
3498, 24
3499, 24
3500, 22
3501, 23
3502, 24
3503, 23
3504, 0
3505, 0
3506, 23
3507, 24
3508, 24
3509, 25
3510, 23
3511, 25
3512, 0
3513, 0
3514, 16
3515, 0
3516, 17
3517, 0
3518, 16
3519, 18
3520, 0
3521, 0
3522, 23
3523, 24
3524, 25
3525, 27
3526, 17
3527, 15
3528, 0
3529, 0
3530, 0
3531, 0
3532, 8
3533, 10
3534, 7
3535, 7
3536, 0
3537, 0
3538, 17
3539, 0
3540, 15
3541, 15
3542, 0
3543, 14
3544, 16
3545, 16
3546, 17
3547, 16
3548, 16
3549, 17
3550, 17
3551, 19
3552, 0
3553, 0
3554, 25
3555, 23
3556, 23
3557, 24
3558, 23
3559, 22
3560, 0
3561, 14
3562, 15
3563, 17
3564, 14
3565, 16
3566, 18
3567, 0
3568, 0
3569, 0
3570, 26
3571, 0
3572, 24
3573, 25
3574, 24
3575, 25
3576, 0
3577, 23
3578, 24
3579, 23
3580, 22
3581, 23
3582, 24
3583, 24
3584, 0
3585, 32
3586, 32
3587, 31
3588, 32
3589, 32
3590, 33
3591, 31
3592, 0
3593, 0
3594, 15
3595, 16
3596, 17
3597, 18
3598, 0
3599, 0
3600, 21
3601, 0
3602, 33
3603, 33
3604, 32
3605, 32
3606, 31
3607, 32
3608, 0
3609, 0
3610, 24
3611, 22
3612, 22
3613, 23
3614, 24
3615, 25
3616, 0
3617, 0
3618, 0
3619, 24
3620, 24
3621, 25
3622, 0
3623, 0
3624, 0
3625, 0
3626, 32
3627, 33
3628, 31
3629, 30
3630, 29
3631, 30
3632, 0
3633, 22
3634, 24
3635, 24
3636, 0
3637, 26
3638, 0
3639, 25
3640, 0
3641, 0
3642, 32
3643, 32
3644, 33
3645, 30
3646, 0
3647, 34
3648, 0
3649, 25
3650, 24
3651, 23
3652, 22
3653, 25
3654, 27
3655, 28
3656, 0
3657, 0
3658, 23
3659, 24
3660, 24
3661, 26
3662, 0
3663, 23
3664, 25
3665, 32
3666, 31
3667, 32
3668, 33
3669, 0
3670, 34
3671, 34
3672, 0
3673, 0
3674, 24
3675, 23
3676, 24
3677, 24
3678, 23
3679, 25
3680, 0
3681, 0
3682, 30
3683, 31
3684, 0
3685, 34
3686, 0
3687, 33
3688, 0
3689, 0
3690, 32
3691, 31
3692, 0
3693, 34
3694, 0
3695, 32
3696, 0
3697, 0
3698, 0
3699, 34
3700, 32
3701, 33
3702, 0
3703, 0
3704, 0
3705, 0
3706, 0
3707, 40
3708, 41
3709, 38
3710, 36
3711, 37
3712, 0
3713, 0
3714, 0
3715, 34
3716, 34
3717, 33
3718, 32
3719, 35
3720, 0
3721, 0
3722, 0
3723, 0
3724, 32
3725, 33
3726, 33
3727, 34
3728, 0
3729, 0
3730, 40
3731, 41
3732, 42
3733, 42
3734, 43
3735, 0
3736, 0
3737, 0
3738, 24
3739, 24
3740, 24
3741, 26
3742, 0
3743, 26
3744, 32
3745, 38
3746, 41
3747, 40
3748, 40
3749, 40
3750, 40
3751, 42
3752, 0
3753, 0
3754, 0
3755, 38
3756, 38
3757, 0
3758, 40
3759, 0
3760, 0
3761, 0
3762, 0
3763, 34
3764, 34
3765, 32
3766, 32
3767, 34
3768, 0
3769, 0
3770, 0
3771, 38
3772, 38
3773, 40
3774, 41
3775, 43
3776, 0
3777, 0
3778, 40
3779, 39
3780, 40
3781, 42
3782, 40
3783, 41
3784, 0
3785, 0
3786, 31
3787, 0
3788, 33
3789, 33
3790, 33
3791, 36
3792, 0
3793, 0
3794, 38
3795, 38
3796, 40
3797, 41
3798, 0
3799, 0
3800, 0
3801, 0
3802, 39
3803, 40
3804, 40
3805, 39
3806, 40
3807, 0
3808, 0
3809, 0
3810, 0
3811, 41
3812, 39
3813, 0
3814, 42
3815, 0
3816, 0
3817, 0
3818, 32
3819, 32
3820, 32
3821, 34
3822, 0
3823, 0
3824, 0
3825, 41
3826, 0
3827, 0
3828, 49
3829, 0
3830, 47
3831, 49
3832, 0
3833, 0
3834, 40
3835, 41
3836, 40
3837, 0
3838, 42
3839, 43
3840, 0
3841, 0
3842, 0
3843, 41
3844, 41
3845, 39
3846, 38
3847, 0
3848, 50
3849, 0
3850, 0
3851, 55
3852, 53
3853, 56
3854, 55
3855, 55
3856, 0
3857, 0
3858, 47
3859, 48
3860, 49
3861, 48
3862, 49
3863, 49
3864, 0
3865, 0
3866, 48
3867, 47
3868, 45
3869, 47
3870, 49
3871, 50
3872, 0
3873, 0
3874, 0
3875, 42
3876, 41
3877, 0
3878, 41
3879, 0
3880, 0
3881, 0
3882, 0
3883, 38
3884, 41
3885, 41
3886, 41
3887, 42
3888, 0
3889, 0
3890, 48
3891, 49
3892, 50
3893, 49
3894, 0
3895, 48
3896, 0
3897, 49
3898, 60
3899, 0
3900, 0
3901, 57
3902, 0
3903, 55
3904, 0
3905, 0
3906, 0
3907, 0
3908, 0
3909, 0
3910, 47
3911, 49
3912, 0
3913, 0
3914, 0
3915, 47
3916, 49
3917, 49
3918, 48
3919, 48
3920, 0
3921, 0
3922, 44
3923, 0
3924, 50
3925, 50
3926, 49
3927, 49
3928, 0
3929, 0
3930, 0
3931, 48
3932, 47
3933, 47
3934, 48
3935, 49
3936, 55
3937, 55
3938, 57
3939, 55
3940, 55
3941, 57
3942, 57
3943, 58
3944, 0
3945, 0
3946, 55
3947, 55
3948, 56
3949, 58
3950, 57
3951, 57
3952, 0
3953, 0
3954, 57
3955, 0
3956, 57
3957, 57
3958, 56
3959, 56
3960, 0
3961, 0
3962, 0
3963, 56
3964, 56
3965, 55
3966, 53
3967, 56
3968, 0
3969, 0
3970, 57
3971, 54
3972, 56
3973, 56
3974, 56
3975, 58
3976, 0
3977, 0
3978, 0
3979, 57
3980, 57
3981, 57
3982, 58
3983, 59
3984, 0
3985, 0
3986, 0
3987, 56
3988, 54
3989, 54
3990, 55
3991, 56
3992, 0
3993, 0
3994, 57
3995, 56
3996, 56
3997, 55
3998, 55
3999, 56
4000, 0
4001, 0
4002, 0
4003, 55
4004, 57
4005, 57
4006, 55
4007, 57
4008, 0
4009, 0
4010, 54
4011, 55
4012, 55
4013, 54
4014, 54
4015, 55
4016, 0
4017, 0
4018, 54
4019, 57
4020, 0
4021, 0
4022, 57
4023, 0
4024, 0
4025, 0
4026, 56
4027, 55
4028, 56
4029, 57
4030, 0
4031, 61
4032, 0
4033, 0
4034, 56
4035, 56
4036, 55
4037, 55
4038, 56
4039, 58
4040, 0
4041, 0
4042, 54
4043, 57
4044, 0
4045, 0
4046, 57
4047, 0
4048, 0
4049, 0
4050, 56
4051, 55
4052, 54
4053, 55
4054, 0
4055, 61
4056, 0
4057, 0
4058, 0
4059, 53
4060, 54
4061, 56
4062, 0
4063, 59
4064, 0
4065, 0
4066, 65
4067, 63
4068, 62
4069, 62
4070, 64
4071, 66
4072, 0
4073, 0
4074, 63
4075, 62
4076, 63
4077, 63
4078, 62
4079, 64
4080, 0
4081, 0
4082, 64
4083, 63
4084, 64
4085, 63
4086, 63
4087, 65
4088, 0
4089, 0
4090, 74
4091, 73
4092, 0
4093, 0
4094, 71
4095, 0
4096, 0
4097, 0
4098, 71
4099, 71
4100, 71
4101, 71
4102, 71
4103, 71
4104, 0
4105, 0
4106, 72
4107, 73
4108, 72
4109, 71
4110, 71
4111, 72
4112, 0
4113, 0
4114, 64
4115, 64
4116, 63
4117, 64
4118, 63
4119, 62
4120, 0
4121, 0
4122, 0
4123, 62
4124, 61
4125, 64
4126, 64
4127, 0
4128, 0
4129, 0
4130, 0
4131, 79
4132, 80
4133, 77
4134, 76
4135, 79
4136, 0
4137, 0
4138, 73
4139, 71
4140, 72
4141, 72
4142, 71
4143, 75
4144, 0
4145, 0
4146, 77
4147, 77
4148, 79
4149, 79
4150, 80
4151, 81
4152, 0
4153, 0
4154, 70
4155, 72
4156, 72
4157, 71
4158, 0
4159, 73
4160, 0
4161, 80
4162, 88
4163, 87
4164, 88
4165, 89
4166, 87
4167, 89
4168, 0
4169, 0
4170, 0
4171, 87
4172, 88
4173, 90
4174, 0
4175, 0
4176, 0
4177, 0
4178, 0
4179, 94
4180, 95
4181, 96
4182, 96
4183, 98
4184, 0
4185, 0
4186, 80
4187, 0
4188, 80
4189, 81
4190, 0
4191, 81
4192, 0
4193, 0
4194, 79
4195, 80
4196, 80
4197, 79
4198, 79
4199, 82
4200, 0
4201, 0
4202, 90
4203, 88
4204, 86
4205, 86
4206, 0
4207, 92
4208, 0
4209, 0
4210, 89
4211, 87
4212, 0
4213, 91
4214, 0
4215, 87
4216, 0
4217, 0
4218, 0
4219, 80
4220, 81
4221, 81
4222, 0
4223, 81
4224, 0
4225, 0
4226, 0
4227, 0
4228, 88
4229, 89
4230, 88
4231, 88
4232, 0
4233, 0
4234, 96
4235, 97
4236, 96
4237, 96
4238, 95
4239, 96
4240, 0
4241, 0
4242, 0
4243, 89
4244, 0
4245, 89
4246, 90
4247, 92
4248, 0
4249, 0
4250, 94
4251, 96
4252, 96
4253, 97
4254, 0
4255, 97
4256, 0
4257, 0
4258, 0
4259, 87
4260, 87
4261, 88
4262, 88
4263, 91
4264, 0
4265, 0
4266, 97
4267, 95
4268, 94
4269, 94
4270, 97
4271, 98
4272, 0
4273, 0
4274, 0
4275, 120
4276, 120
4277, 120
4278, 0
4279, 123
4280, 0
4281, 0
4282, 122
4283, 120
4284, 120
4285, 119
4286, 114
4287, 112
4288, 0
4289, 0
4290, 0
4291, 0
4292, 0
4293, 0
4294, 0
4295, 0
4296, 0
4297, 0
4298, 0
4299, 96
4300, 96
4301, 97
4302, 0
4303, 0
4304, 0
4305, 0
4306, 0
4307, 105
4308, 0
4309, 106
4310, 0
4311, 105
4312, 0
4313, 0
4314, 0
4315, 0
4316, 0
4317, 0
4318, 0
4319, 0
4320, 0
4321, 0
4322, 0
4323, 0
4324, 0
4325, 0
4326, 0
4327, 0
4328, 0
4329, 0
4330, 0
4331, 81
4332, 80
4333, 79
4334, 0
4335, 0
4336, 0
4337, 0
4338, 104
4339, 105
4340, 103
4341, 104
4342, 106
4343, 105
4344, 0
4345, 0
4346, 0
4347, 86
4348, 88
4349, 89
4350, 87
4351, 90
4352, 0
4353, 0
4354, 88
4355, 0
4356, 90
4357, 91
4358, 0
4359, 90
4360, 0
4361, 0
4362, 0
4363, 104
4364, 104
4365, 104
4366, 104
4367, 106
4368, 0
4369, 0
4370, 0
4371, 0
4372, 0
4373, 0
4374, 0
4375, 0
4376, 0
4377, 0
4378, 0
4379, 127
4380, 126
4381, 127
4382, 128
4383, 129
4384, 0
4385, 0
4386, 0
4387, 118
4388, 118
4389, 120
4390, 120
4391, 120
4392, 0
4393, 0
4394, 0
4395, 0
4396, 0
4397, 0
4398, 0
4399, 0
4400, 0
4401, 0
4402, 0
4403, 0
4404, 0
4405, 0
4406, 0
4407, 0
4408, 0
4409, 0
4410, 0
4411, 81
4412, 81
4413, 0
4414, 82
4415, 0
4416, 0
4417, 0
4418, 0
4419, 89
4420, 88
4421, 88
4422, 0
4423, 0
4424, 0
4425, 0
4426, 0
4427, 0
4428, 126
4429, 125
4430, 126
4431, 126
4432, 0
4433, 0
4434, 0
4435, 128
4436, 128
4437, 127
4438, 128
4439, 131
4440, 0
4441, 0
4442, 0
4443, 135
4444, 138
4445, 138
4446, 0
4447, 138
4448, 0
4449, 0
4450, 0
4451, 0
4452, 151
4453, 150
4454, 151
4455, 153
4456, 0
4457, 0
4458, 141
4459, 143
4460, 144
4461, 142
4462, 143
4463, 144
4464, 0
4465, 0
4466, 0
4467, 144
4468, 144
4469, 145
4470, 143
4471, 0
4472, 0
4473, 0
4474, 0
4475, 158
4476, 157
4477, 159
4478, 160
4479, 163
4480, 0
4481, 0
4482, 0
4483, 135
4484, 0
4485, 138
4486, 0
4487, 137
4488, 0
4489, 0
4490, 0
4491, 0
4492, 0
4493, 151
4494, 153
4495, 155
4496, 0
4497, 0
4498, 0
4499, 120
4500, 119
4501, 118
4502, 119
4503, 121
4504, 0
4505, 0
4506, 0
4507, 144
4508, 144
4509, 145
4510, 144
4511, 146
4512, 0
4513, 0
4514, 177
4515, 175
4516, 174
4517, 177
4518, 0
4519, 179
4520, 0
4521, 0
4522, 173
4523, 207
4524, 209
4525, 207
4526, 209
4527, 211
4528, 0
4529, 0
4530, 0
4531, 271
4532, 278
4533, 280
4534, 281
4535, 280
4536, 0
4537, 0
4538, 0
4539, 303
4540, 301
4541, 302
4542, 304
4543, 306
4544, 0
4545, 0
4546, 0
4547, 0
4548, 0
4549, 0
4550, 0
4551, 0
4552, 0
